County,FIPS,Age,Total,Total_Male,Total_Female,NH_White_Total,NH_White_Male,NH_White_Female,NH_Black_Total,NH_Black_Male,NH_Black_Female,NH_Asian_Total,NH_Asian_Male,NH_Asian_Female,NH_Other_Total,NH_Other_Male,NH_Other_Female,Hispanic_Total,Hispanic_Male,Hispanic_Female
STATE OF TEXAS,000,All Ages,28702243,14254981,14447262,12008303,5953354,6054949,3394972,1642708,1752264,1381899,677090,704809,629148,312300,316848,11287921,5669529,5618392
STATE OF TEXAS,000,< 1 Year,389277,198709,190568,114969,58905,56064,46083,23444,22639,16580,8469,8111,17102,8778,8324,194543,99113,95430
STATE OF TEXAS,000,1 Years,395402,201725,193677,117408,60141,57267,46604,23645,22959,16511,8468,8043,17255,8835,8420,197624,100636,96988
STATE OF TEXAS,000,2 Years,407861,208076,199785,122987,62939,60048,47786,24247,23539,17479,8955,8524,17292,8840,8452,202317,103095,99222
STATE OF TEXAS,000,3 Years,417497,213195,204302,127819,65480,62339,48419,24499,23920,17931,9220,8711,17230,8795,8435,206098,105201,100897
STATE OF TEXAS,000,4 Years,417976,213515,204461,129037,66082,62955,48001,24352,23649,18649,9622,9027,16867,8640,8227,205422,104819,100603
STATE OF TEXAS,000,5 Years,414093,211589,202504,128485,65803,62682,47127,23968,23159,18608,9624,8984,16216,8325,7891,203657,103869,99788
STATE OF TEXAS,000,6 Years,408852,208682,200170,127181,65123,62058,46231,23509,22722,17985,9327,8658,15414,7927,7487,202041,102796,99245
STATE OF TEXAS,000,7 Years,410984,209446,201538,127638,65301,62337,46505,23605,22900,17838,9214,8624,14795,7605,7190,204208,103721,100487
STATE OF TEXAS,000,8 Years,394642,200369,194273,122664,63053,59611,44733,22431,22302,16183,8274,7909,13486,6832,6654,197576,99779,97797
STATE OF TEXAS,000,9 Years,407878,207316,200562,127290,65152,62138,47382,23878,23504,16995,8683,8312,13771,6983,6788,202440,102620,99820
STATE OF TEXAS,000,10 Years,415591,211534,204057,129816,66480,63336,48694,24655,24039,17782,9099,8683,13701,6976,6725,205598,104324,101274
STATE OF TEXAS,000,11 Years,416632,212322,204310,130814,67143,63671,49238,25121,24117,17540,8917,8623,13172,6764,6408,205868,104377,101491
STATE OF TEXAS,000,12 Years,412382,210238,202144,130437,67264,63173,48958,24684,24274,17444,8857,8587,12714,6538,6176,202829,102895,99934
STATE OF TEXAS,000,13 Years,410258,209249,201009,130520,67187,63333,48483,24407,24076,17512,8949,8563,12375,6286,6089,201368,102420,98948
STATE OF TEXAS,000,14 Years,407973,208135,199838,131262,67583,63679,48321,24406,23915,17690,8950,8740,11944,6140,5804,198756,101056,97700
STATE OF TEXAS,000,15 Years,405223,206800,198423,131812,68035,63777,48241,24472,23769,17422,8836,8586,11519,5856,5663,196229,99601,96628
STATE OF TEXAS,000,16 Years,404786,207389,197397,132427,68463,63964,48934,24988,23946,17252,8839,8413,11128,5693,5435,195045,99406,95639
STATE OF TEXAS,000,17 Years,412710,211814,200896,136256,70678,65578,50187,25761,24426,18388,9482,8906,11240,5773,5467,196639,100120,96519
STATE OF TEXAS,000,18 Years,420708,216133,204575,141740,73487,68253,52360,26765,25595,18545,9551,8994,11189,5750,5439,196874,100580,96294
STATE OF TEXAS,000,19 Years,418538,215272,203266,144396,74995,69401,52075,26691,25384,18097,9302,8795,11093,5670,5423,192877,98614,94263
STATE OF TEXAS,000,20 Years,407004,210041,196963,140799,73348,67451,51436,26521,24915,18361,9467,8894,10835,5520,5315,185573,95185,90388
STATE OF TEXAS,000,21 Years,409527,210527,199000,144000,74731,69269,51957,26606,25351,19443,9887,9556,10786,5431,5355,183341,93872,89469
STATE OF TEXAS,000,22 Years,412567,212207,200360,146337,75793,70544,52673,27142,25531,20198,10383,9815,10679,5289,5390,182680,93600,89080
STATE OF TEXAS,000,23 Years,416796,214155,202641,148149,76636,71513,55004,28214,26790,20663,10489,10174,10601,5329,5272,182379,93487,88892
STATE OF TEXAS,000,24 Years,424870,218109,206761,152684,78637,74047,57290,29428,27862,21718,10906,10812,10520,5305,5215,182658,93833,88825
STATE OF TEXAS,000,25 Years,430951,221256,209695,155684,80221,75463,59430,30517,28913,21893,10970,10923,10328,5177,5151,183616,94371,89245
STATE OF TEXAS,000,26 Years,433197,222282,210915,158217,81560,76657,59576,30449,29127,21981,10996,10985,9928,4912,5016,183495,94365,89130
STATE OF TEXAS,000,27 Years,430276,219891,210385,159592,81791,77801,59295,29829,29466,21787,10912,10875,9815,4837,4978,179787,92522,87265
STATE OF TEXAS,000,28 Years,422677,215093,207584,158464,80563,77901,57758,28679,29079,22346,11020,11326,9361,4621,4740,174748,90210,84538
STATE OF TEXAS,000,29 Years,411472,209892,201580,156486,79358,77128,54880,27279,27601,23296,11652,11644,8694,4320,4374,168116,87283,80833
STATE OF TEXAS,000,30 Years,405266,206773,198493,155151,78391,76760,52552,25876,26676,23457,11843,11614,8218,3926,4292,165888,86737,79151
STATE OF TEXAS,000,31 Years,404264,205694,198570,156740,78930,77810,51157,25108,26049,23128,11565,11563,7983,3695,4288,165256,86396,78860
STATE OF TEXAS,000,32 Years,407028,206734,200294,159328,80004,79324,51004,25018,25986,23840,11919,11921,7706,3741,3965,165150,86052,79098
STATE OF TEXAS,000,33 Years,406824,206601,200223,160508,80878,79630,50251,24755,25496,23988,12119,11869,7487,3600,3887,164590,85249,79341
STATE OF TEXAS,000,34 Years,400782,202744,198038,157334,79282,78052,49123,23965,25158,24728,12163,12565,7425,3674,3751,162172,83660,78512
STATE OF TEXAS,000,35 Years,405988,205028,200960,158850,79993,78857,49609,24132,25477,25236,12278,12958,7512,3708,3804,164781,84917,79864
STATE OF TEXAS,000,36 Years,403860,203220,200640,158270,79482,78788,49168,23894,25274,24624,11811,12813,7387,3549,3838,164411,84484,79927
STATE OF TEXAS,000,37 Years,402445,201944,200501,157793,79560,78233,49643,23944,25699,23683,11179,12504,7166,3523,3643,164160,83738,80422
STATE OF TEXAS,000,38 Years,401754,202084,199670,156704,79199,77505,50344,24224,26120,23462,11229,12233,7034,3415,3619,164210,84017,80193
STATE OF TEXAS,000,39 Years,380320,190861,189459,148652,75207,73445,47820,22983,24837,22737,10845,11892,6662,3214,3448,154449,78612,75837
STATE OF TEXAS,000,40 Years,372788,186333,186455,145594,73192,72402,45604,21808,23796,22161,10599,11562,6439,3089,3350,152990,77645,75345
STATE OF TEXAS,000,41 Years,367728,183615,184113,142560,71782,70778,44447,21271,23176,21995,10536,11459,6195,3033,3162,152531,76993,75538
STATE OF TEXAS,000,42 Years,364838,181804,183034,140261,70866,69395,43507,20588,22919,22718,10871,11847,6015,2952,3063,152337,76527,75810
STATE OF TEXAS,000,43 Years,367639,183159,184480,142654,71968,70686,43222,20580,22642,22890,10945,11945,6061,2934,3127,152812,76732,76080
STATE OF TEXAS,000,44 Years,359710,178110,181600,140268,70434,69834,43107,20509,22598,22893,10973,11920,5729,2691,3038,147713,73503,74210
STATE OF TEXAS,000,45 Years,361677,179050,182627,142870,71998,70872,44055,20809,23246,23068,11083,11985,5693,2698,2995,145991,72462,73529
STATE OF TEXAS,000,46 Years,370253,183080,187173,152589,76897,75692,44875,21296,23579,22639,10796,11843,5790,2756,3034,144360,71335,73025
STATE OF TEXAS,000,47 Years,379859,187873,191986,164286,82687,81599,46205,21882,24323,22208,10683,11525,5964,2850,3114,141196,69771,71425
STATE OF TEXAS,000,48 Years,376625,186551,190074,165407,83213,82194,44735,21158,23577,21522,10279,11243,5817,2780,3037,139144,69121,70023
STATE OF TEXAS,000,49 Years,355001,176360,178641,157222,79012,78210,41586,19867,21719,20379,9861,10518,5298,2574,2724,130516,65046,65470
STATE OF TEXAS,000,50 Years,341271,169389,171882,150663,75893,74770,41136,19659,21477,18772,9147,9625,5001,2332,2669,125699,62358,63341
STATE OF TEXAS,000,51 Years,334602,166147,168455,149873,75434,74439,41030,19549,21481,17364,8453,8911,4811,2274,2537,121524,60437,61087
STATE OF TEXAS,000,52 Years,335613,166590,169023,151895,75872,76023,41979,19901,22078,17141,8420,8721,4770,2300,2470,119828,60097,59731
STATE OF TEXAS,000,53 Years,349456,172633,176823,163650,81451,82199,43796,20571,23225,16946,8274,8672,5047,2421,2626,120017,59916,60101
STATE OF TEXAS,000,54 Years,352489,173819,178670,172039,85419,86620,42967,20116,22851,16897,8254,8643,5177,2524,2653,115409,57506,57903
STATE OF TEXAS,000,55 Years,352438,173341,179097,176400,87332,89068,42309,19815,22494,16604,8095,8509,5241,2546,2695,111884,55553,56331
STATE OF TEXAS,000,56 Years,348168,170980,177188,178830,88334,90496,41737,19514,22223,15026,7328,7698,5145,2424,2721,107430,53380,54050
STATE OF TEXAS,000,57 Years,347481,169943,177538,181416,89466,91950,41735,19457,22278,14713,7022,7691,5121,2432,2689,104496,51566,52930
STATE OF TEXAS,000,58 Years,347405,170462,176943,183932,90855,93077,41510,19545,21965,14587,6821,7766,4996,2478,2518,102380,50763,51617
STATE OF TEXAS,000,59 Years,333016,162569,170447,179453,88445,91008,39894,18582,21312,13894,6425,7469,4652,2272,2380,95123,46845,48278
STATE OF TEXAS,000,60 Years,327715,159198,168517,179732,88281,91451,38512,17800,20712,13488,6262,7226,4713,2332,2381,91270,44523,46747
STATE OF TEXAS,000,61 Years,318910,153887,165023,176464,86198,90266,37257,17125,20132,13318,6102,7216,4599,2216,2383,87272,42246,45026
STATE OF TEXAS,000,62 Years,308338,148297,160041,171591,83366,88225,35839,16523,19316,13084,6017,7067,4392,2163,2229,83432,40228,43204
STATE OF TEXAS,000,63 Years,300583,144031,156552,169968,82462,87506,34225,15637,18588,12655,5829,6826,4208,2033,2175,79527,38070,41457
STATE OF TEXAS,000,64 Years,284202,135045,149157,163767,78776,84991,31113,13976,17137,11846,5415,6431,3908,1915,1993,73568,34963,38605
STATE OF TEXAS,000,65 Years,272265,129117,143148,158686,76319,82367,29186,13061,16125,11753,5324,6429,3677,1737,1940,68963,32676,36287
STATE OF TEXAS,000,66 Years,257838,121769,136069,152460,73151,79309,27481,12102,15379,10711,4752,5959,3486,1680,1806,63700,30084,33616
STATE OF TEXAS,000,67 Years,244864,115090,129774,143651,68665,74986,26307,11504,14803,10391,4562,5829,3262,1579,1683,61253,28780,32473
STATE OF TEXAS,000,68 Years,237986,111614,126372,141210,67433,73777,24729,10797,13932,10278,4572,5706,3064,1460,1604,58705,27352,31353
STATE OF TEXAS,000,69 Years,227591,106508,121083,137758,65558,72200,23023,10016,13007,9321,4216,5105,2948,1407,1541,54541,25311,29230
STATE OF TEXAS,000,70 Years,224531,105119,119412,140320,66806,73514,21388,9388,12000,8401,3777,4624,2836,1374,1462,51586,23774,27812
STATE OF TEXAS,000,71 Years,218150,101962,116188,140443,66873,73570,19154,8338,10816,7530,3368,4162,2762,1319,1443,48261,22064,26197
STATE OF TEXAS,000,72 Years,179023,83171,95852,111556,52993,58563,16075,6844,9231,6501,2992,3509,2187,1040,1147,42704,19302,23402
STATE OF TEXAS,000,73 Years,166683,76623,90060,104255,48884,55371,14939,6223,8716,6041,2796,3245,1986,919,1067,39462,17801,21661
STATE OF TEXAS,000,74 Years,161406,73665,87741,104324,48656,55668,13790,5671,8119,5382,2474,2908,1874,874,1000,36036,15990,20046
STATE OF TEXAS,000,75 Years,152633,69411,83222,100119,46540,53579,12920,5377,7543,5022,2350,2672,1751,822,929,32821,14322,18499
STATE OF TEXAS,000,76 Years,136808,61840,74968,89667,41513,48154,11580,4725,6855,4591,2144,2447,1579,746,833,29391,12712,16679
STATE OF TEXAS,000,77 Years,124525,55463,69062,81192,37030,44162,10620,4202,6418,4192,1968,2224,1363,618,745,27158,11645,15513
STATE OF TEXAS,000,78 Years,113938,50356,63582,73849,33348,40501,9671,3762,5909,3862,1814,2048,1239,538,701,25317,10894,14423
STATE OF TEXAS,000,79 Years,104725,45936,58789,68629,30807,37822,8544,3382,5162,3480,1612,1868,1090,471,619,22982,9664,13318
STATE OF TEXAS,000,80 Years,97404,42130,55274,63924,28346,35578,7808,2984,4824,3138,1474,1664,1024,444,580,21510,8882,12628
STATE OF TEXAS,000,81 Years,88660,37817,50843,57941,25414,32527,7209,2647,4562,2835,1282,1553,915,394,521,19760,8080,11680
STATE OF TEXAS,000,82 Years,82509,34549,47960,54170,23403,30767,6565,2357,4208,2537,1097,1440,860,357,503,18377,7335,11042
STATE OF TEXAS,000,83 Years,77098,31918,45180,50903,21615,29288,6182,2215,3967,2192,993,1199,728,292,436,17093,6803,10290
STATE OF TEXAS,000,84 Years,68027,27724,40303,45066,18805,26261,5504,1937,3567,1921,838,1083,608,259,349,14928,5885,9043
STATE OF TEXAS,000,85 Years,61291,24396,36895,41000,16780,24220,4997,1680,3317,1726,728,998,556,219,337,13012,4989,8023
STATE OF TEXAS,000,86 Years,55636,21907,33729,37526,15151,22375,4226,1414,2812,1450,595,855,511,197,314,11923,4550,7373
STATE OF TEXAS,000,87 Years,50532,19467,31065,34213,13482,20731,3729,1217,2512,1347,533,814,465,180,285,10778,4055,6723
STATE OF TEXAS,000,88 Years,45349,16916,28433,30550,11639,18911,3430,1082,2348,1179,470,709,411,143,268,9779,3582,6197
STATE OF TEXAS,000,89 Years,38467,13986,24481,26089,9673,16416,2927,880,2047,904,362,542,341,124,217,8206,2947,5259
STATE OF TEXAS,000,90 Years,32469,11418,21051,22026,7861,14165,2448,716,1732,750,288,462,294,110,184,6951,2443,4508
STATE OF TEXAS,000,91 Years,27366,9318,18048,18626,6385,12241,2057,583,1474,645,226,419,209,56,153,5829,2068,3761
STATE OF TEXAS,000,92 Years,22652,7384,15268,15464,5075,10389,1750,463,1287,515,180,335,167,32,135,4756,1634,3122
STATE OF TEXAS,000,93 Years,18403,5750,12653,12528,3908,8620,1489,399,1090,393,141,252,149,28,121,3844,1274,2570
STATE OF TEXAS,000,94 Years,14237,4315,9922,9688,2867,6821,1172,308,864,298,111,187,119,22,97,2960,1007,1953
STATE OF TEXAS,000,95 Years +,34241,9432,24809,22386,5883,16503,3358,805,2553,805,290,515,275,48,227,7417,2406,5011
ANDERSON COUNTY,001,All Ages,58979,36393,22586,34383,19365,15018,12472,9228,3244,312,149,163,1262,600,662,10550,7051,3499
ANDERSON COUNTY,001,< 1 Year,605,297,308,279,141,138,120,60,60,4,2,2,58,23,35,144,71,73
ANDERSON COUNTY,001,1 Years,604,299,305,280,140,140,117,60,57,3,1,2,67,32,35,137,66,71
ANDERSON COUNTY,001,2 Years,589,305,284,281,147,134,117,64,53,3,2,1,51,27,24,137,65,72
ANDERSON COUNTY,001,3 Years,586,311,275,284,147,137,113,64,49,4,2,2,52,31,21,133,67,66
ANDERSON COUNTY,001,4 Years,584,311,273,285,151,134,110,57,53,3,2,1,43,24,19,143,77,66
ANDERSON COUNTY,001,5 Years,556,281,275,280,141,139,100,51,49,3,1,2,37,13,24,136,75,61
ANDERSON COUNTY,001,6 Years,565,292,273,288,147,141,100,55,45,2,1,1,32,12,20,143,77,66
ANDERSON COUNTY,001,7 Years,560,292,268,295,155,140,93,52,41,2,1,1,31,13,18,139,71,68
ANDERSON COUNTY,001,8 Years,559,308,251,289,154,135,103,56,47,2,2,0,29,12,17,136,84,52
ANDERSON COUNTY,001,9 Years,608,304,304,339,167,172,96,43,53,3,2,1,24,11,13,146,81,65
ANDERSON COUNTY,001,10 Years,627,313,314,338,168,170,87,37,50,4,3,1,33,15,18,165,90,75
ANDERSON COUNTY,001,11 Years,656,345,311,353,186,167,82,37,45,4,3,1,40,23,17,177,96,81
ANDERSON COUNTY,001,12 Years,655,338,317,366,189,177,89,36,53,4,1,3,32,17,15,164,95,69
ANDERSON COUNTY,001,13 Years,654,353,301,354,179,175,96,54,42,5,1,4,24,14,10,175,105,70
ANDERSON COUNTY,001,14 Years,632,333,299,381,197,184,85,53,32,3,1,2,16,8,8,147,74,73
ANDERSON COUNTY,001,15 Years,668,366,302,381,212,169,94,54,40,5,3,2,21,9,12,167,88,79
ANDERSON COUNTY,001,16 Years,684,386,298,388,221,167,106,52,54,6,5,1,20,11,9,164,97,67
ANDERSON COUNTY,001,17 Years,687,375,312,410,222,188,101,57,44,5,3,2,19,10,9,152,83,69
ANDERSON COUNTY,001,18 Years,708,399,309,417,235,182,102,66,36,7,3,4,23,15,8,159,80,79
ANDERSON COUNTY,001,19 Years,662,375,287,367,202,165,110,80,30,5,2,3,22,11,11,158,80,78
ANDERSON COUNTY,001,20 Years,667,409,258,363,215,148,116,87,29,4,1,3,21,10,11,163,96,67
ANDERSON COUNTY,001,21 Years,697,441,256,370,220,150,150,115,35,3,1,2,23,8,15,151,97,54
ANDERSON COUNTY,001,22 Years,709,443,266,369,215,154,161,122,39,5,3,2,24,11,13,150,92,58
ANDERSON COUNTY,001,23 Years,762,505,257,366,226,140,196,151,45,5,3,2,20,11,9,175,114,61
ANDERSON COUNTY,001,24 Years,796,518,278,404,232,172,186,148,38,1,0,1,15,10,5,190,128,62
ANDERSON COUNTY,001,25 Years,899,635,264,439,279,160,235,198,37,2,1,1,22,12,10,201,145,56
ANDERSON COUNTY,001,26 Years,868,602,266,466,297,169,219,181,38,3,2,1,13,4,9,167,118,49
ANDERSON COUNTY,001,27 Years,949,686,263,485,322,163,260,218,42,4,2,2,11,4,7,189,140,49
ANDERSON COUNTY,001,28 Years,913,645,268,449,277,172,254,211,43,2,1,1,7,4,3,201,152,49
ANDERSON COUNTY,001,29 Years,938,656,282,472,286,186,266,222,44,6,5,1,5,2,3,189,141,48
ANDERSON COUNTY,001,30 Years,1028,747,281,508,332,176,286,241,45,4,3,1,5,2,3,225,169,56
ANDERSON COUNTY,001,31 Years,1066,790,276,503,325,178,311,265,46,4,3,1,11,5,6,237,192,45
ANDERSON COUNTY,001,32 Years,1058,782,276,524,342,182,281,237,44,7,5,2,6,4,2,240,194,46
ANDERSON COUNTY,001,33 Years,979,713,266,475,292,183,267,230,37,7,6,1,4,3,1,226,182,44
ANDERSON COUNTY,001,34 Years,925,681,244,431,271,160,286,241,45,4,4,0,9,5,4,195,160,35
ANDERSON COUNTY,001,35 Years,1007,721,286,473,288,185,272,229,43,6,2,4,16,12,4,240,190,50
ANDERSON COUNTY,001,36 Years,950,683,267,445,266,179,264,231,33,7,3,4,5,2,3,229,181,48
ANDERSON COUNTY,001,37 Years,927,644,283,439,254,185,257,218,39,7,2,5,13,7,6,211,163,48
ANDERSON COUNTY,001,38 Years,973,691,282,460,285,175,262,226,36,8,3,5,13,8,5,230,169,61
ANDERSON COUNTY,001,39 Years,991,729,262,462,298,164,284,245,39,5,2,3,6,2,4,234,182,52
ANDERSON COUNTY,001,40 Years,993,743,250,459,291,168,271,239,32,4,2,2,9,6,3,250,205,45
ANDERSON COUNTY,001,41 Years,911,682,229,420,263,157,260,228,32,6,4,2,4,0,4,221,187,34
ANDERSON COUNTY,001,42 Years,906,668,238,424,264,160,271,240,31,8,5,3,6,3,3,197,156,41
ANDERSON COUNTY,001,43 Years,918,671,247,448,290,158,261,227,34,5,3,2,9,4,5,195,147,48
ANDERSON COUNTY,001,44 Years,889,637,252,469,301,168,242,212,30,7,5,2,10,4,6,161,115,46
ANDERSON COUNTY,001,45 Years,824,565,259,417,249,168,234,197,37,5,1,4,6,0,6,162,118,44
ANDERSON COUNTY,001,46 Years,882,610,272,448,277,171,234,196,38,11,3,8,12,4,8,177,130,47
ANDERSON COUNTY,001,47 Years,904,641,263,464,292,172,227,191,36,10,5,5,10,6,4,193,147,46
ANDERSON COUNTY,001,48 Years,851,594,257,454,297,157,219,173,46,5,2,3,9,4,5,164,118,46
ANDERSON COUNTY,001,49 Years,842,598,244,454,291,163,219,180,39,6,2,4,11,7,4,152,118,34
ANDERSON COUNTY,001,50 Years,778,527,251,433,253,180,195,160,35,5,2,3,12,6,6,133,106,27
ANDERSON COUNTY,001,51 Years,771,509,262,437,253,184,190,151,39,2,1,1,10,5,5,132,99,33
ANDERSON COUNTY,001,52 Years,761,504,257,444,269,175,181,135,46,1,1,0,10,7,3,125,92,33
ANDERSON COUNTY,001,53 Years,754,488,266,478,281,197,171,137,34,5,3,2,5,2,3,95,65,30
ANDERSON COUNTY,001,54 Years,777,503,274,511,312,199,162,127,35,4,1,3,9,6,3,91,57,34
ANDERSON COUNTY,001,55 Years,757,472,285,488,286,202,158,118,40,2,1,1,11,6,5,98,61,37
ANDERSON COUNTY,001,56 Years,718,423,295,488,269,219,144,105,39,4,2,2,14,6,8,68,41,27
ANDERSON COUNTY,001,57 Years,721,441,280,481,280,201,144,98,46,2,1,1,12,6,6,82,56,26
ANDERSON COUNTY,001,58 Years,698,417,281,495,290,205,130,84,46,3,2,1,8,2,6,62,39,23
ANDERSON COUNTY,001,59 Years,698,411,287,500,282,218,124,82,42,3,1,2,10,5,5,61,41,20
ANDERSON COUNTY,001,60 Years,695,396,299,509,285,224,111,69,42,2,1,1,14,8,6,59,33,26
ANDERSON COUNTY,001,61 Years,662,360,302,480,260,220,113,69,44,5,1,4,14,7,7,50,23,27
ANDERSON COUNTY,001,62 Years,635,331,304,474,242,232,109,65,44,4,1,3,10,3,7,38,20,18
ANDERSON COUNTY,001,63 Years,665,361,304,501,269,232,121,69,52,2,0,2,10,6,4,31,17,14
ANDERSON COUNTY,001,64 Years,644,339,305,485,250,235,112,69,43,4,2,2,10,5,5,33,13,20
ANDERSON COUNTY,001,65 Years,554,283,271,436,219,217,94,58,36,1,0,1,2,0,2,21,6,15
ANDERSON COUNTY,001,66 Years,566,281,285,453,232,221,82,43,39,1,0,1,1,0,1,29,6,23
ANDERSON COUNTY,001,67 Years,534,265,269,412,212,200,87,46,41,3,1,2,5,0,5,27,6,21
ANDERSON COUNTY,001,68 Years,513,264,249,395,202,193,76,46,30,3,1,2,6,0,6,33,15,18
ANDERSON COUNTY,001,69 Years,512,245,267,416,197,219,61,36,25,0,0,0,4,0,4,31,12,19
ANDERSON COUNTY,001,70 Years,487,242,245,413,207,206,45,25,20,0,0,0,4,0,4,25,10,15
ANDERSON COUNTY,001,71 Years,483,232,251,421,202,219,37,21,16,2,1,1,1,0,1,22,8,14
ANDERSON COUNTY,001,72 Years,394,193,201,338,169,169,33,18,15,3,0,3,3,0,3,17,6,11
ANDERSON COUNTY,001,73 Years,399,199,200,330,162,168,41,23,18,2,0,2,4,2,2,22,12,10
ANDERSON COUNTY,001,74 Years,404,214,190,338,178,160,41,19,22,0,0,0,4,2,2,21,15,6
ANDERSON COUNTY,001,75 Years,434,211,223,352,172,180,42,21,21,2,0,2,6,1,5,32,17,15
ANDERSON COUNTY,001,76 Years,381,188,193,305,149,156,42,19,23,2,0,2,5,3,2,27,17,10
ANDERSON COUNTY,001,77 Years,352,184,168,283,147,136,45,18,27,0,0,0,6,4,2,18,15,3
ANDERSON COUNTY,001,78 Years,332,161,171,273,137,136,34,12,22,0,0,0,9,3,6,16,9,7
ANDERSON COUNTY,001,79 Years,297,149,148,251,124,127,25,13,12,1,0,1,4,1,3,16,11,5
ANDERSON COUNTY,001,80 Years,270,120,150,235,102,133,23,9,14,0,0,0,2,1,1,10,8,2
ANDERSON COUNTY,001,81 Years,238,106,132,199,87,112,23,9,14,0,0,0,2,1,1,14,9,5
ANDERSON COUNTY,001,82 Years,208,98,110,172,80,92,27,11,16,0,0,0,2,1,1,7,6,1
ANDERSON COUNTY,001,83 Years,229,97,132,191,83,108,22,8,14,1,0,1,6,2,4,9,4,5
ANDERSON COUNTY,001,84 Years,187,83,104,153,67,86,21,8,13,0,0,0,4,2,2,9,6,3
ANDERSON COUNTY,001,85 Years,172,76,96,141,64,77,21,5,16,1,1,0,2,1,1,7,5,2
ANDERSON COUNTY,001,86 Years,144,63,81,118,54,64,14,5,9,0,0,0,2,0,2,10,4,6
ANDERSON COUNTY,001,87 Years,128,52,76,103,44,59,15,5,10,1,0,1,2,0,2,7,3,4
ANDERSON COUNTY,001,88 Years,108,41,67,91,37,54,8,2,6,1,0,1,2,0,2,6,2,4
ANDERSON COUNTY,001,89 Years,91,31,60,74,26,48,13,3,10,0,0,0,2,1,1,2,1,1
ANDERSON COUNTY,001,90 Years,81,26,55,63,21,42,13,3,10,0,0,0,1,0,1,4,2,2
ANDERSON COUNTY,001,91 Years,65,26,39,51,20,31,8,4,4,2,0,2,1,0,1,3,2,1
ANDERSON COUNTY,001,92 Years,51,18,33,40,15,25,9,3,6,0,0,0,1,0,1,1,0,1
ANDERSON COUNTY,001,93 Years,39,14,25,32,11,21,6,2,4,0,0,0,0,0,0,1,1,0
ANDERSON COUNTY,001,94 Years,29,9,20,22,7,15,5,2,3,0,0,0,0,0,0,2,0,2
ANDERSON COUNTY,001,95 Years +,92,27,65,63,19,44,22,6,16,0,0,0,1,0,1,6,2,4
ANDREWS COUNTY,003,All Ages,18678,9570,9108,6794,3413,3381,206,109,97,83,39,44,224,111,113,11371,5898,5473
ANDREWS COUNTY,003,< 1 Year,263,130,133,62,31,31,4,2,2,2,1,1,4,2,2,191,94,97
ANDREWS COUNTY,003,1 Years,280,138,142,68,34,34,5,2,3,1,1,0,5,2,3,201,99,102
ANDREWS COUNTY,003,2 Years,284,144,140,73,36,37,3,2,1,1,0,1,3,1,2,204,105,99
ANDREWS COUNTY,003,3 Years,319,161,158,86,45,41,4,2,2,0,0,0,2,0,2,227,114,113
ANDREWS COUNTY,003,4 Years,346,174,172,90,46,44,2,2,0,1,0,1,2,1,1,251,125,126
ANDREWS COUNTY,003,5 Years,358,177,181,93,48,45,3,1,2,0,0,0,2,1,1,260,127,133
ANDREWS COUNTY,003,6 Years,351,174,177,91,46,45,3,1,2,1,1,0,1,1,0,255,125,130
ANDREWS COUNTY,003,7 Years,337,163,174,90,45,45,2,1,1,2,1,1,2,0,2,241,116,125
ANDREWS COUNTY,003,8 Years,321,160,161,87,45,42,2,1,1,1,1,0,2,2,0,229,111,118
ANDREWS COUNTY,003,9 Years,310,164,146,103,52,51,3,3,0,1,1,0,4,4,0,199,104,95
ANDREWS COUNTY,003,10 Years,319,169,150,99,52,47,4,2,2,0,0,0,5,3,2,211,112,99
ANDREWS COUNTY,003,11 Years,344,183,161,97,61,36,2,0,2,1,0,1,2,1,1,242,121,121
ANDREWS COUNTY,003,12 Years,333,169,164,90,53,37,2,0,2,2,0,2,4,2,2,235,114,121
ANDREWS COUNTY,003,13 Years,337,175,162,90,52,38,3,3,0,1,0,1,2,0,2,241,120,121
ANDREWS COUNTY,003,14 Years,318,146,172,80,42,38,3,3,0,1,0,1,4,1,3,230,100,130
ANDREWS COUNTY,003,15 Years,295,144,151,85,45,40,3,2,1,1,1,0,6,3,3,200,93,107
ANDREWS COUNTY,003,16 Years,281,142,139,79,41,38,2,2,0,0,0,0,3,2,1,197,97,100
ANDREWS COUNTY,003,17 Years,295,143,152,89,48,41,6,3,3,0,0,0,6,1,5,194,91,103
ANDREWS COUNTY,003,18 Years,262,127,135,76,42,34,6,4,2,0,0,0,4,1,3,176,80,96
ANDREWS COUNTY,003,19 Years,260,144,116,63,34,29,5,3,2,2,0,2,7,4,3,183,103,80
ANDREWS COUNTY,003,20 Years,259,138,121,68,34,34,4,1,3,2,1,1,4,3,1,181,99,82
ANDREWS COUNTY,003,21 Years,274,162,112,70,38,32,3,2,1,0,0,0,3,2,1,198,120,78
ANDREWS COUNTY,003,22 Years,284,159,125,77,45,32,5,3,2,0,0,0,2,1,1,200,110,90
ANDREWS COUNTY,003,23 Years,275,142,133,86,44,42,4,3,1,1,0,1,7,4,3,177,91,86
ANDREWS COUNTY,003,24 Years,306,165,141,92,47,45,2,2,0,2,2,0,5,2,3,205,112,93
ANDREWS COUNTY,003,25 Years,290,178,112,90,54,36,1,1,0,0,0,0,5,3,2,194,120,74
ANDREWS COUNTY,003,26 Years,314,175,139,96,54,42,4,3,1,0,0,0,4,4,0,210,114,96
ANDREWS COUNTY,003,27 Years,282,139,143,80,41,39,2,1,1,1,0,1,4,2,2,195,95,100
ANDREWS COUNTY,003,28 Years,289,168,121,93,54,39,1,1,0,1,1,0,3,0,3,191,112,79
ANDREWS COUNTY,003,29 Years,339,187,152,114,61,53,4,2,2,2,2,0,3,2,1,216,120,96
ANDREWS COUNTY,003,30 Years,316,180,136,119,71,48,3,2,1,1,1,0,1,1,0,192,105,87
ANDREWS COUNTY,003,31 Years,313,176,137,103,58,45,1,0,1,1,0,1,0,0,0,208,118,90
ANDREWS COUNTY,003,32 Years,290,149,141,88,37,51,1,0,1,0,0,0,0,0,0,201,112,89
ANDREWS COUNTY,003,33 Years,307,158,149,98,45,53,1,0,1,2,2,0,0,0,0,206,111,95
ANDREWS COUNTY,003,34 Years,282,145,137,95,48,47,1,0,1,1,1,0,5,3,2,180,93,87
ANDREWS COUNTY,003,35 Years,316,166,150,117,62,55,1,0,1,0,0,0,4,2,2,194,102,92
ANDREWS COUNTY,003,36 Years,293,165,128,96,46,50,1,1,0,1,1,0,3,1,2,192,116,76
ANDREWS COUNTY,003,37 Years,257,131,126,91,39,52,1,1,0,0,0,0,8,8,0,157,83,74
ANDREWS COUNTY,003,38 Years,249,137,112,87,45,42,2,0,2,1,1,0,5,4,1,154,87,67
ANDREWS COUNTY,003,39 Years,240,138,102,88,48,40,2,1,1,0,0,0,3,2,1,147,87,60
ANDREWS COUNTY,003,40 Years,226,115,111,76,38,38,1,0,1,1,0,1,2,2,0,146,75,71
ANDREWS COUNTY,003,41 Years,236,109,127,83,41,42,3,1,2,0,0,0,3,2,1,147,65,82
ANDREWS COUNTY,003,42 Years,228,103,125,81,37,44,3,1,2,1,0,1,2,1,1,141,64,77
ANDREWS COUNTY,003,43 Years,219,116,103,77,35,42,4,3,1,1,0,1,1,0,1,136,78,58
ANDREWS COUNTY,003,44 Years,229,122,107,79,40,39,2,2,0,2,0,2,1,1,0,145,79,66
ANDREWS COUNTY,003,45 Years,212,108,104,82,41,41,3,1,2,1,0,1,1,0,1,125,66,59
ANDREWS COUNTY,003,46 Years,180,96,84,85,42,43,2,2,0,1,0,1,1,0,1,91,52,39
ANDREWS COUNTY,003,47 Years,184,95,89,81,41,40,0,0,0,1,1,0,0,0,0,102,53,49
ANDREWS COUNTY,003,48 Years,190,94,96,80,40,40,2,2,0,2,2,0,1,0,1,105,50,55
ANDREWS COUNTY,003,49 Years,184,80,104,74,35,39,3,1,2,0,0,0,1,0,1,106,44,62
ANDREWS COUNTY,003,50 Years,207,88,119,86,36,50,2,0,2,3,1,2,2,0,2,114,51,63
ANDREWS COUNTY,003,51 Years,186,93,93,68,33,35,2,1,1,2,0,2,3,1,2,111,58,53
ANDREWS COUNTY,003,52 Years,167,101,66,56,31,25,3,1,2,0,0,0,4,2,2,104,67,37
ANDREWS COUNTY,003,53 Years,181,90,91,81,37,44,0,0,0,1,0,1,4,1,3,95,52,43
ANDREWS COUNTY,003,54 Years,203,93,110,88,31,57,2,1,1,2,1,1,2,0,2,109,60,49
ANDREWS COUNTY,003,55 Years,200,97,103,96,43,53,3,1,2,0,0,0,3,1,2,98,52,46
ANDREWS COUNTY,003,56 Years,188,98,90,89,45,44,2,0,2,3,3,0,3,2,1,91,48,43
ANDREWS COUNTY,003,57 Years,203,110,93,111,58,53,2,1,1,1,1,0,4,2,2,85,48,37
ANDREWS COUNTY,003,58 Years,193,109,84,100,54,46,2,1,1,1,0,1,3,1,2,87,53,34
ANDREWS COUNTY,003,59 Years,184,88,96,93,43,50,2,0,2,2,1,1,3,1,2,84,43,41
ANDREWS COUNTY,003,60 Years,177,84,93,88,43,45,3,0,3,3,1,2,2,2,0,81,38,43
ANDREWS COUNTY,003,61 Years,181,93,88,104,55,49,2,1,1,3,2,1,2,1,1,70,34,36
ANDREWS COUNTY,003,62 Years,163,84,79,94,51,43,1,0,1,1,1,0,2,0,2,65,32,33
ANDREWS COUNTY,003,63 Years,149,75,74,87,43,44,3,2,1,1,0,1,1,0,1,57,30,27
ANDREWS COUNTY,003,64 Years,144,71,73,86,41,45,5,3,2,1,1,0,2,0,2,50,26,24
ANDREWS COUNTY,003,65 Years,127,58,69,77,39,38,4,2,2,1,0,1,2,0,2,43,17,26
ANDREWS COUNTY,003,66 Years,119,59,60,67,35,32,2,1,1,1,0,1,3,0,3,46,23,23
ANDREWS COUNTY,003,67 Years,129,75,54,63,36,27,3,1,2,1,1,0,4,2,2,58,35,23
ANDREWS COUNTY,003,68 Years,123,65,58,69,36,33,3,1,2,0,0,0,2,1,1,49,27,22
ANDREWS COUNTY,003,69 Years,119,61,58,69,30,39,1,1,0,1,0,1,4,3,1,44,27,17
ANDREWS COUNTY,003,70 Years,102,49,53,59,24,35,1,1,0,1,0,1,4,3,1,37,21,16
ANDREWS COUNTY,003,71 Years,99,47,52,58,26,32,2,1,1,0,0,0,2,1,1,37,19,18
ANDREWS COUNTY,003,72 Years,78,40,38,42,23,19,2,1,1,1,0,1,1,1,0,32,15,17
ANDREWS COUNTY,003,73 Years,71,35,36,38,22,16,1,1,0,1,0,1,1,0,1,30,12,18
ANDREWS COUNTY,003,74 Years,78,37,41,50,25,25,1,1,0,0,0,0,1,0,1,26,11,15
ANDREWS COUNTY,003,75 Years,81,34,47,48,22,26,1,1,0,1,1,0,2,0,2,29,10,19
ANDREWS COUNTY,003,76 Years,65,33,32,41,20,21,2,1,1,0,0,0,1,1,0,21,11,10
ANDREWS COUNTY,003,77 Years,69,30,39,41,19,22,1,0,1,0,0,0,1,1,0,26,10,16
ANDREWS COUNTY,003,78 Years,57,22,35,41,17,24,1,0,1,1,0,1,0,0,0,14,5,9
ANDREWS COUNTY,003,79 Years,53,17,36,30,8,22,0,0,0,1,0,1,0,0,0,22,9,13
ANDREWS COUNTY,003,80 Years,58,26,32,36,13,23,0,0,0,2,2,0,0,0,0,20,11,9
ANDREWS COUNTY,003,81 Years,47,20,27,28,9,19,1,1,0,0,0,0,1,1,0,17,9,8
ANDREWS COUNTY,003,82 Years,54,18,36,41,13,28,0,0,0,0,0,0,0,0,0,13,5,8
ANDREWS COUNTY,003,83 Years,49,19,30,40,15,25,0,0,0,0,0,0,0,0,0,9,4,5
ANDREWS COUNTY,003,84 Years,42,16,26,29,11,18,0,0,0,1,0,1,0,0,0,12,5,7
ANDREWS COUNTY,003,85 Years,41,19,22,27,12,15,1,1,0,0,0,0,1,0,1,12,6,6
ANDREWS COUNTY,003,86 Years,34,15,19,23,9,14,1,1,0,0,0,0,1,1,0,9,4,5
ANDREWS COUNTY,003,87 Years,35,15,20,22,9,13,1,0,1,1,0,1,0,0,0,11,6,5
ANDREWS COUNTY,003,88 Years,30,13,17,19,8,11,1,0,1,0,0,0,0,0,0,10,5,5
ANDREWS COUNTY,003,89 Years,24,10,14,17,8,9,1,0,1,0,0,0,0,0,0,6,2,4
ANDREWS COUNTY,003,90 Years,15,6,9,8,3,5,1,1,0,0,0,0,0,0,0,6,2,4
ANDREWS COUNTY,003,91 Years,18,10,8,10,5,5,1,1,0,0,0,0,0,0,0,7,4,3
ANDREWS COUNTY,003,92 Years,17,9,8,9,3,6,3,2,1,1,1,0,0,0,0,4,3,1
ANDREWS COUNTY,003,93 Years,11,5,6,8,3,5,1,1,0,0,0,0,0,0,0,2,1,1
ANDREWS COUNTY,003,94 Years,11,4,7,8,4,4,1,0,1,0,0,0,0,0,0,2,0,2
ANDREWS COUNTY,003,95 Years +,20,6,14,12,3,9,0,0,0,0,0,0,1,0,1,7,3,4
ANGELINA COUNTY,005,All Ages,91687,45064,46623,55069,26956,28113,13751,6483,7268,924,432,492,1467,726,741,20476,10467,10009
ANGELINA COUNTY,005,< 1 Year,1208,631,577,584,309,275,180,95,85,19,11,8,44,24,20,381,192,189
ANGELINA COUNTY,005,1 Years,1239,651,588,604,320,284,188,100,88,19,11,8,45,26,19,383,194,189
ANGELINA COUNTY,005,2 Years,1253,657,596,609,323,286,192,95,97,21,12,9,41,23,18,390,204,186
ANGELINA COUNTY,005,3 Years,1277,658,619,617,321,296,200,98,102,20,11,9,40,20,20,400,208,192
ANGELINA COUNTY,005,4 Years,1292,654,638,618,317,301,207,98,109,20,13,7,34,19,15,413,207,206
ANGELINA COUNTY,005,5 Years,1285,652,633,606,307,299,204,100,104,19,13,6,34,20,14,422,212,210
ANGELINA COUNTY,005,6 Years,1305,671,634,613,317,296,211,102,109,17,12,5,32,21,11,432,219,213
ANGELINA COUNTY,005,7 Years,1288,661,627,594,305,289,207,104,103,19,8,11,32,17,15,436,227,209
ANGELINA COUNTY,005,8 Years,1302,656,646,600,303,297,210,91,119,16,6,10,31,17,14,445,239,206
ANGELINA COUNTY,005,9 Years,1265,651,614,586,317,269,206,96,110,9,4,5,41,23,18,423,211,212
ANGELINA COUNTY,005,10 Years,1323,687,636,596,297,299,233,129,104,10,5,5,45,24,21,439,232,207
ANGELINA COUNTY,005,11 Years,1348,680,668,595,292,303,239,130,109,8,3,5,37,15,22,469,240,229
ANGELINA COUNTY,005,12 Years,1420,709,711,681,351,330,223,109,114,10,3,7,28,12,16,478,234,244
ANGELINA COUNTY,005,13 Years,1364,703,661,690,359,331,206,112,94,9,5,4,30,15,15,429,212,217
ANGELINA COUNTY,005,14 Years,1335,679,656,665,341,324,218,112,106,14,7,7,26,9,17,412,210,202
ANGELINA COUNTY,005,15 Years,1325,674,651,671,341,330,206,107,99,11,7,4,39,23,16,398,196,202
ANGELINA COUNTY,005,16 Years,1326,669,657,693,343,350,192,104,88,15,7,8,27,13,14,399,202,197
ANGELINA COUNTY,005,17 Years,1377,727,650,734,386,348,203,101,102,12,7,5,25,12,13,403,221,182
ANGELINA COUNTY,005,18 Years,1333,692,641,708,381,327,187,89,98,10,5,5,26,10,16,402,207,195
ANGELINA COUNTY,005,19 Years,1235,623,612,634,329,305,176,88,88,15,6,9,22,12,10,388,188,200
ANGELINA COUNTY,005,20 Years,1199,620,579,628,333,295,181,97,84,9,3,6,28,12,16,353,175,178
ANGELINA COUNTY,005,21 Years,1208,628,580,642,336,306,188,97,91,11,5,6,29,14,15,338,176,162
ANGELINA COUNTY,005,22 Years,1186,608,578,619,321,298,187,88,99,16,13,3,24,13,11,340,173,167
ANGELINA COUNTY,005,23 Years,1139,596,543,636,336,300,175,83,92,11,5,6,25,13,12,292,159,133
ANGELINA COUNTY,005,24 Years,1149,579,570,613,321,292,201,94,107,10,3,7,19,9,10,306,152,154
ANGELINA COUNTY,005,25 Years,1211,613,598,649,341,308,226,110,116,10,4,6,25,10,15,301,148,153
ANGELINA COUNTY,005,26 Years,1287,620,667,708,345,363,244,105,139,8,2,6,22,14,8,305,154,151
ANGELINA COUNTY,005,27 Years,1351,668,683,735,371,364,259,112,147,5,1,4,28,15,13,324,169,155
ANGELINA COUNTY,005,28 Years,1317,663,654,733,375,358,256,114,142,10,2,8,21,8,13,297,164,133
ANGELINA COUNTY,005,29 Years,1245,619,626,696,346,350,242,110,132,6,2,4,21,12,9,280,149,131
ANGELINA COUNTY,005,30 Years,1201,585,616,685,318,367,218,107,111,4,1,3,19,9,10,275,150,125
ANGELINA COUNTY,005,31 Years,1157,571,586,665,322,343,192,90,102,7,3,4,17,12,5,276,144,132
ANGELINA COUNTY,005,32 Years,1125,565,560,659,327,332,166,79,87,4,1,3,10,6,4,286,152,134
ANGELINA COUNTY,005,33 Years,1090,552,538,615,308,307,177,88,89,15,10,5,11,2,9,272,144,128
ANGELINA COUNTY,005,34 Years,1086,522,564,618,304,314,168,68,100,17,8,9,12,6,6,271,136,135
ANGELINA COUNTY,005,35 Years,1113,542,571,650,323,327,150,62,88,14,6,8,20,11,9,279,140,139
ANGELINA COUNTY,005,36 Years,1121,551,570,643,317,326,155,70,85,11,6,5,16,7,9,296,151,145
ANGELINA COUNTY,005,37 Years,1138,551,587,666,324,342,165,72,93,9,5,4,16,8,8,282,142,140
ANGELINA COUNTY,005,38 Years,1180,566,614,682,324,358,180,77,103,9,4,5,12,7,5,297,154,143
ANGELINA COUNTY,005,39 Years,1136,573,563,641,316,325,187,94,93,10,4,6,11,8,3,287,151,136
ANGELINA COUNTY,005,40 Years,1073,530,543,615,306,309,153,76,77,16,7,9,16,7,9,273,134,139
ANGELINA COUNTY,005,41 Years,1058,540,518,590,297,293,176,98,78,15,8,7,12,6,6,265,131,134
ANGELINA COUNTY,005,42 Years,1024,493,531,577,262,315,165,82,83,8,4,4,9,3,6,265,142,123
ANGELINA COUNTY,005,43 Years,1042,505,537,592,282,310,153,78,75,15,6,9,10,4,6,272,135,137
ANGELINA COUNTY,005,44 Years,1057,510,547,611,300,311,147,66,81,12,5,7,12,6,6,275,133,142
ANGELINA COUNTY,005,45 Years,1088,548,540,638,318,320,151,73,78,16,9,7,8,3,5,275,145,130
ANGELINA COUNTY,005,46 Years,1134,576,558,709,361,348,167,76,91,13,4,9,11,4,7,234,131,103
ANGELINA COUNTY,005,47 Years,1163,580,583,740,370,370,185,87,98,15,5,10,7,2,5,216,116,100
ANGELINA COUNTY,005,48 Years,1159,547,612,721,337,384,184,87,97,12,6,6,10,3,7,232,114,118
ANGELINA COUNTY,005,49 Years,1117,546,571,705,351,354,167,79,88,9,3,6,9,2,7,227,111,116
ANGELINA COUNTY,005,50 Years,1066,521,545,664,331,333,166,72,94,11,3,8,7,2,5,218,113,105
ANGELINA COUNTY,005,51 Years,1090,531,559,687,335,352,170,80,90,15,3,12,6,2,4,212,111,101
ANGELINA COUNTY,005,52 Years,1094,544,550,699,345,354,162,73,89,15,7,8,10,6,4,208,113,95
ANGELINA COUNTY,005,53 Years,1105,553,552,695,348,347,182,86,96,18,11,7,10,5,5,200,103,97
ANGELINA COUNTY,005,54 Years,1137,597,540,758,400,358,169,88,81,13,7,6,15,9,6,182,93,89
ANGELINA COUNTY,005,55 Years,1192,594,598,805,386,419,192,102,90,9,5,4,9,6,3,177,95,82
ANGELINA COUNTY,005,56 Years,1164,586,578,775,375,400,187,101,86,14,9,5,12,7,5,176,94,82
ANGELINA COUNTY,005,57 Years,1150,598,552,780,391,389,169,93,76,11,6,5,14,7,7,176,101,75
ANGELINA COUNTY,005,58 Years,1180,581,599,811,398,413,169,81,88,14,6,8,11,5,6,175,91,84
ANGELINA COUNTY,005,59 Years,1133,557,576,784,391,393,175,73,102,13,7,6,10,4,6,151,82,69
ANGELINA COUNTY,005,60 Years,1074,515,559,752,367,385,156,71,85,10,5,5,17,6,11,139,66,73
ANGELINA COUNTY,005,61 Years,1043,509,534,751,379,372,140,60,80,10,3,7,13,5,8,129,62,67
ANGELINA COUNTY,005,62 Years,1050,502,548,741,360,381,158,64,94,11,2,9,10,5,5,130,71,59
ANGELINA COUNTY,005,63 Years,1026,457,569,719,322,397,164,68,96,13,2,11,7,3,4,123,62,61
ANGELINA COUNTY,005,64 Years,967,458,509,699,334,365,139,60,79,9,4,5,5,1,4,115,59,56
ANGELINA COUNTY,005,65 Years,957,464,493,684,335,349,132,55,77,7,5,2,6,0,6,128,69,59
ANGELINA COUNTY,005,66 Years,886,441,445,660,331,329,119,52,67,4,1,3,7,0,7,96,57,39
ANGELINA COUNTY,005,67 Years,853,390,463,639,302,337,117,48,69,7,1,6,5,0,5,85,39,46
ANGELINA COUNTY,005,68 Years,848,383,465,625,277,348,115,51,64,9,5,4,10,3,7,89,47,42
ANGELINA COUNTY,005,69 Years,879,380,499,672,294,378,110,40,70,10,6,4,12,4,8,75,36,39
ANGELINA COUNTY,005,70 Years,819,356,463,638,286,352,98,35,63,8,3,5,10,5,5,65,27,38
ANGELINA COUNTY,005,71 Years,868,396,472,697,320,377,92,38,54,9,5,4,8,6,2,62,27,35
ANGELINA COUNTY,005,72 Years,692,307,385,541,246,295,77,33,44,6,3,3,6,3,3,62,22,40
ANGELINA COUNTY,005,73 Years,664,299,365,532,243,289,77,31,46,5,3,2,5,2,3,45,20,25
ANGELINA COUNTY,005,74 Years,638,306,332,515,244,271,69,38,31,4,3,1,4,1,3,46,20,26
ANGELINA COUNTY,005,75 Years,632,292,340,511,244,267,60,25,35,5,2,3,7,4,3,49,17,32
ANGELINA COUNTY,005,76 Years,582,276,306,473,225,248,57,28,29,2,1,1,10,5,5,40,17,23
ANGELINA COUNTY,005,77 Years,564,252,312,465,209,256,52,22,30,4,2,2,7,4,3,36,15,21
ANGELINA COUNTY,005,78 Years,505,214,291,421,181,240,43,15,28,5,1,4,5,3,2,31,14,17
ANGELINA COUNTY,005,79 Years,487,202,285,408,175,233,41,12,29,5,1,4,5,3,2,28,11,17
ANGELINA COUNTY,005,80 Years,433,187,246,369,161,208,32,13,19,4,2,2,3,2,1,25,9,16
ANGELINA COUNTY,005,81 Years,403,157,246,337,137,200,38,10,28,1,0,1,2,1,1,25,9,16
ANGELINA COUNTY,005,82 Years,387,162,225,330,140,190,39,13,26,1,0,1,3,1,2,14,8,6
ANGELINA COUNTY,005,83 Years,381,163,218,326,140,186,31,9,22,3,2,1,2,2,0,19,10,9
ANGELINA COUNTY,005,84 Years,322,137,185,266,117,149,30,9,21,4,2,2,3,2,1,19,7,12
ANGELINA COUNTY,005,85 Years,288,119,169,246,103,143,22,8,14,2,1,1,2,1,1,16,6,10
ANGELINA COUNTY,005,86 Years,241,94,147,207,80,127,18,8,10,3,0,3,3,2,1,10,4,6
ANGELINA COUNTY,005,87 Years,209,84,125,176,68,108,18,10,8,2,0,2,3,2,1,10,4,6
ANGELINA COUNTY,005,88 Years,197,78,119,158,63,95,23,8,15,3,1,2,3,2,1,10,4,6
ANGELINA COUNTY,005,89 Years,167,60,107,138,51,87,18,4,14,1,0,1,2,1,1,8,4,4
ANGELINA COUNTY,005,90 Years,143,46,97,119,40,79,14,2,12,1,0,1,2,1,1,7,3,4
ANGELINA COUNTY,005,91 Years,127,43,84,104,36,68,15,3,12,1,0,1,2,1,1,5,3,2
ANGELINA COUNTY,005,92 Years,100,32,68,84,27,57,9,2,7,0,0,0,1,0,1,6,3,3
ANGELINA COUNTY,005,93 Years,80,28,52,64,23,41,8,2,6,2,1,1,1,0,1,5,2,3
ANGELINA COUNTY,005,94 Years,63,22,41,50,18,32,7,2,5,0,0,0,1,0,1,5,2,3
ANGELINA COUNTY,005,95 Years +,147,39,108,115,27,88,19,6,13,0,0,0,2,1,1,11,5,6
ARANSAS COUNTY,007,All Ages,23724,11858,11866,15716,7674,8042,244,134,110,423,215,208,445,218,227,6896,3617,3279
ARANSAS COUNTY,007,< 1 Year,215,122,93,96,52,44,1,0,1,4,3,1,11,7,4,103,60,43
ARANSAS COUNTY,007,1 Years,222,120,102,99,50,49,1,1,0,3,2,1,12,7,5,107,60,47
ARANSAS COUNTY,007,2 Years,230,121,109,102,51,51,1,0,1,3,2,1,10,5,5,114,63,51
ARANSAS COUNTY,007,3 Years,246,130,116,108,55,53,2,1,1,4,3,1,9,5,4,123,66,57
ARANSAS COUNTY,007,4 Years,258,146,112,116,65,51,2,1,1,3,2,1,8,3,5,129,75,54
ARANSAS COUNTY,007,5 Years,252,140,112,114,64,50,1,1,0,3,1,2,7,3,4,127,71,56
ARANSAS COUNTY,007,6 Years,249,134,115,110,57,53,1,1,0,3,1,2,9,2,7,126,73,53
ARANSAS COUNTY,007,7 Years,253,134,119,112,56,56,2,1,1,4,2,2,11,5,6,124,70,54
ARANSAS COUNTY,007,8 Years,240,132,108,112,59,53,1,0,1,4,1,3,7,6,1,116,66,50
ARANSAS COUNTY,007,9 Years,251,137,114,123,64,59,2,0,2,4,1,3,5,4,1,117,68,49
ARANSAS COUNTY,007,10 Years,270,150,120,133,69,64,3,1,2,4,1,3,3,1,2,127,78,49
ARANSAS COUNTY,007,11 Years,251,129,122,117,63,54,3,0,3,5,2,3,6,4,2,120,60,60
ARANSAS COUNTY,007,12 Years,256,133,123,133,70,63,3,1,2,3,2,1,5,3,2,112,57,55
ARANSAS COUNTY,007,13 Years,257,143,114,137,72,65,3,2,1,3,3,0,5,2,3,109,64,45
ARANSAS COUNTY,007,14 Years,267,149,118,137,81,56,4,3,1,3,2,1,5,1,4,118,62,56
ARANSAS COUNTY,007,15 Years,227,122,105,102,58,44,4,3,1,5,0,5,3,2,1,113,59,54
ARANSAS COUNTY,007,16 Years,223,115,108,105,58,47,3,1,2,3,1,2,3,2,1,109,53,56
ARANSAS COUNTY,007,17 Years,245,131,114,128,74,54,6,3,3,7,4,3,5,2,3,99,48,51
ARANSAS COUNTY,007,18 Years,218,117,101,114,65,49,3,2,1,4,3,1,4,2,2,93,45,48
ARANSAS COUNTY,007,19 Years,217,115,102,102,52,50,3,3,0,3,2,1,6,4,2,103,54,49
ARANSAS COUNTY,007,20 Years,234,118,116,111,57,54,3,2,1,6,3,3,5,2,3,109,54,55
ARANSAS COUNTY,007,21 Years,233,120,113,108,56,52,1,1,0,5,3,2,6,4,2,113,56,57
ARANSAS COUNTY,007,22 Years,245,129,116,121,60,61,0,0,0,6,4,2,6,3,3,112,62,50
ARANSAS COUNTY,007,23 Years,264,137,127,133,64,69,3,2,1,7,5,2,4,3,1,117,63,54
ARANSAS COUNTY,007,24 Years,251,139,112,133,69,64,4,2,2,5,2,3,6,2,4,103,64,39
ARANSAS COUNTY,007,25 Years,313,155,158,170,81,89,3,0,3,7,4,3,10,7,3,123,63,60
ARANSAS COUNTY,007,26 Years,312,163,149,160,80,80,3,1,2,9,6,3,6,3,3,134,73,61
ARANSAS COUNTY,007,27 Years,277,153,124,143,74,69,4,3,1,7,5,2,4,2,2,119,69,50
ARANSAS COUNTY,007,28 Years,252,123,129,151,73,78,3,2,1,3,2,1,3,2,1,92,44,48
ARANSAS COUNTY,007,29 Years,265,124,141,156,75,81,2,0,2,2,1,1,2,1,1,103,47,56
ARANSAS COUNTY,007,30 Years,302,158,144,179,91,88,3,1,2,5,4,1,2,1,1,113,61,52
ARANSAS COUNTY,007,31 Years,276,152,124,158,90,68,5,4,1,2,2,0,5,0,5,106,56,50
ARANSAS COUNTY,007,32 Years,265,144,121,146,79,67,3,2,1,5,3,2,3,1,2,108,59,49
ARANSAS COUNTY,007,33 Years,251,135,116,147,74,73,4,2,2,4,2,2,7,4,3,89,53,36
ARANSAS COUNTY,007,34 Years,232,118,114,134,64,70,3,1,2,5,5,0,5,4,1,85,44,41
ARANSAS COUNTY,007,35 Years,232,122,110,119,59,60,1,0,1,5,4,1,3,1,2,104,58,46
ARANSAS COUNTY,007,36 Years,245,124,121,137,64,73,1,0,1,5,1,4,8,4,4,94,55,39
ARANSAS COUNTY,007,37 Years,259,130,129,133,65,68,4,3,1,5,1,4,6,3,3,111,58,53
ARANSAS COUNTY,007,38 Years,226,114,112,133,65,68,3,3,0,2,1,1,6,1,5,82,44,38
ARANSAS COUNTY,007,39 Years,219,111,108,123,61,62,2,2,0,0,0,0,3,1,2,91,47,44
ARANSAS COUNTY,007,40 Years,229,108,121,142,66,76,1,1,0,2,0,2,3,1,2,81,40,41
ARANSAS COUNTY,007,41 Years,232,118,114,147,73,74,2,2,0,4,1,3,2,0,2,77,42,35
ARANSAS COUNTY,007,42 Years,221,109,112,142,67,75,2,2,0,4,2,2,5,3,2,68,35,33
ARANSAS COUNTY,007,43 Years,233,104,129,153,67,86,2,1,1,2,1,1,4,1,3,72,34,38
ARANSAS COUNTY,007,44 Years,211,108,103,131,67,64,0,0,0,8,4,4,3,1,2,69,36,33
ARANSAS COUNTY,007,45 Years,237,116,121,144,66,78,2,1,1,7,3,4,5,2,3,79,44,35
ARANSAS COUNTY,007,46 Years,228,118,110,144,74,70,2,2,0,7,2,5,3,1,2,72,39,33
ARANSAS COUNTY,007,47 Years,252,127,125,172,89,83,0,0,0,4,2,2,2,2,0,74,34,40
ARANSAS COUNTY,007,48 Years,253,119,134,183,83,100,3,3,0,5,3,2,4,2,2,58,28,30
ARANSAS COUNTY,007,49 Years,225,106,119,149,64,85,1,1,0,5,2,3,5,4,1,65,35,30
ARANSAS COUNTY,007,50 Years,232,108,124,154,67,87,1,1,0,5,3,2,2,1,1,70,36,34
ARANSAS COUNTY,007,51 Years,235,114,121,154,72,82,6,4,2,3,2,1,5,3,2,67,33,34
ARANSAS COUNTY,007,52 Years,270,129,141,164,75,89,3,2,1,9,4,5,4,3,1,90,45,45
ARANSAS COUNTY,007,53 Years,292,135,157,206,94,112,5,0,5,8,5,3,3,1,2,70,35,35
ARANSAS COUNTY,007,54 Years,295,140,155,207,99,108,6,2,4,9,4,5,2,1,1,71,34,37
ARANSAS COUNTY,007,55 Years,334,165,169,234,112,122,5,4,1,6,2,4,3,0,3,86,47,39
ARANSAS COUNTY,007,56 Years,323,159,164,239,118,121,1,0,1,6,2,4,7,3,4,70,36,34
ARANSAS COUNTY,007,57 Years,363,176,187,280,128,152,4,4,0,6,4,2,3,1,2,70,39,31
ARANSAS COUNTY,007,58 Years,385,191,194,291,138,153,8,6,2,9,6,3,4,2,2,73,39,34
ARANSAS COUNTY,007,59 Years,364,186,178,284,138,146,7,5,2,8,5,3,3,2,1,62,36,26
ARANSAS COUNTY,007,60 Years,361,178,183,288,140,148,4,2,2,7,3,4,2,1,1,60,32,28
ARANSAS COUNTY,007,61 Years,317,140,177,244,108,136,4,1,3,8,3,5,4,2,2,57,26,31
ARANSAS COUNTY,007,62 Years,355,162,193,278,132,146,5,1,4,8,4,4,7,2,5,57,23,34
ARANSAS COUNTY,007,63 Years,399,179,220,309,140,169,5,1,4,11,4,7,6,3,3,68,31,37
ARANSAS COUNTY,007,64 Years,356,165,191,287,134,153,4,1,3,9,3,6,5,1,4,51,26,25
ARANSAS COUNTY,007,65 Years,357,169,188,287,137,150,2,1,1,5,2,3,5,2,3,58,27,31
ARANSAS COUNTY,007,66 Years,382,198,184,300,148,152,2,2,0,6,2,4,12,8,4,62,38,24
ARANSAS COUNTY,007,67 Years,360,182,178,290,147,143,1,1,0,9,4,5,6,3,3,54,27,27
ARANSAS COUNTY,007,68 Years,406,197,209,334,166,168,2,1,1,8,4,4,5,2,3,57,24,33
ARANSAS COUNTY,007,69 Years,403,198,205,347,170,177,2,1,1,6,1,5,4,2,2,44,24,20
ARANSAS COUNTY,007,70 Years,401,195,206,339,162,177,6,3,3,5,2,3,7,4,3,44,24,20
ARANSAS COUNTY,007,71 Years,387,189,198,330,158,172,2,1,1,4,2,2,9,4,5,42,24,18
ARANSAS COUNTY,007,72 Years,339,153,186,281,126,155,3,2,1,4,3,1,5,3,2,46,19,27
ARANSAS COUNTY,007,73 Years,328,151,177,277,127,150,2,1,1,5,4,1,5,4,1,39,15,24
ARANSAS COUNTY,007,74 Years,331,157,174,286,135,151,2,1,1,6,3,3,2,1,1,35,17,18
ARANSAS COUNTY,007,75 Years,341,165,176,293,139,154,5,5,0,4,1,3,7,3,4,32,17,15
ARANSAS COUNTY,007,76 Years,275,140,135,235,120,115,3,2,1,3,1,2,5,1,4,29,16,13
ARANSAS COUNTY,007,77 Years,278,153,125,243,136,107,3,1,2,3,1,2,5,3,2,24,12,12
ARANSAS COUNTY,007,78 Years,245,115,130,213,105,108,4,0,4,2,0,2,7,2,5,19,8,11
ARANSAS COUNTY,007,79 Years,224,102,122,195,89,106,3,2,1,1,1,0,4,2,2,21,8,13
ARANSAS COUNTY,007,80 Years,202,94,108,169,81,88,1,1,0,1,1,0,5,2,3,26,9,17
ARANSAS COUNTY,007,81 Years,172,78,94,144,67,77,2,1,1,2,2,0,3,0,3,21,8,13
ARANSAS COUNTY,007,82 Years,152,71,81,132,65,67,1,0,1,1,0,1,2,1,1,16,5,11
ARANSAS COUNTY,007,83 Years,149,67,82,127,59,68,1,0,1,4,2,2,4,2,2,13,4,9
ARANSAS COUNTY,007,84 Years,127,63,64,110,57,53,1,0,1,2,1,1,3,2,1,11,3,8
ARANSAS COUNTY,007,85 Years,117,56,61,99,49,50,0,0,0,2,2,0,3,2,1,13,3,10
ARANSAS COUNTY,007,86 Years,95,41,54,83,36,47,0,0,0,1,1,0,1,1,0,10,3,7
ARANSAS COUNTY,007,87 Years,87,38,49,78,35,43,2,1,1,0,0,0,0,0,0,7,2,5
ARANSAS COUNTY,007,88 Years,74,30,44,66,27,39,1,1,0,0,0,0,0,0,0,7,2,5
ARANSAS COUNTY,007,89 Years,68,23,45,56,19,37,1,0,1,4,2,2,1,1,0,6,1,5
ARANSAS COUNTY,007,90 Years,50,20,30,42,18,24,1,0,1,1,1,0,1,0,1,5,1,4
ARANSAS COUNTY,007,91 Years,45,21,24,39,17,22,1,1,0,1,1,0,0,0,0,4,2,2
ARANSAS COUNTY,007,92 Years,35,14,21,29,11,18,0,0,0,1,1,0,1,0,1,4,2,2
ARANSAS COUNTY,007,93 Years,25,10,15,20,7,13,1,1,0,0,0,0,1,0,1,3,2,1
ARANSAS COUNTY,007,94 Years,20,7,13,16,6,10,0,0,0,0,0,0,1,0,1,3,1,2
ARANSAS COUNTY,007,95 Years +,47,12,35,35,8,27,2,1,1,2,0,2,1,1,0,7,2,5
ARCHER COUNTY,009,All Ages,9459,4668,4791,8238,4011,4227,40,23,17,26,10,16,222,100,122,933,524,409
ARCHER COUNTY,009,< 1 Year,113,59,54,69,32,37,0,0,0,2,1,1,21,11,10,21,15,6
ARCHER COUNTY,009,1 Years,124,64,60,84,39,45,0,0,0,1,0,1,18,11,7,21,14,7
ARCHER COUNTY,009,2 Years,97,48,49,72,34,38,0,0,0,0,0,0,9,6,3,16,8,8
ARCHER COUNTY,009,3 Years,104,46,58,85,39,46,0,0,0,0,0,0,0,0,0,19,7,12
ARCHER COUNTY,009,4 Years,95,44,51,77,37,40,0,0,0,0,0,0,0,0,0,18,7,11
ARCHER COUNTY,009,5 Years,91,45,46,71,36,35,0,0,0,0,0,0,5,2,3,15,7,8
ARCHER COUNTY,009,6 Years,84,41,43,63,32,31,0,0,0,0,0,0,5,1,4,16,8,8
ARCHER COUNTY,009,7 Years,87,43,44,64,32,32,0,0,0,0,0,0,5,1,4,18,10,8
ARCHER COUNTY,009,8 Years,102,48,54,80,39,41,0,0,0,0,0,0,4,1,3,18,8,10
ARCHER COUNTY,009,9 Years,111,52,59,87,38,49,0,0,0,0,0,0,4,1,3,20,13,7
ARCHER COUNTY,009,10 Years,104,57,47,90,48,42,0,0,0,0,0,0,5,2,3,9,7,2
ARCHER COUNTY,009,11 Years,110,47,63,92,43,49,0,0,0,0,0,0,6,1,5,12,3,9
ARCHER COUNTY,009,12 Years,119,55,64,90,38,52,0,0,0,0,0,0,4,3,1,25,14,11
ARCHER COUNTY,009,13 Years,128,70,58,105,57,48,1,1,0,0,0,0,4,3,1,18,9,9
ARCHER COUNTY,009,14 Years,128,68,60,110,60,50,2,1,1,0,0,0,2,0,2,14,7,7
ARCHER COUNTY,009,15 Years,121,66,55,105,59,46,1,0,1,0,0,0,2,0,2,13,7,6
ARCHER COUNTY,009,16 Years,130,76,54,104,61,43,1,1,0,0,0,0,3,2,1,22,12,10
ARCHER COUNTY,009,17 Years,113,62,51,93,52,41,2,1,1,0,0,0,2,1,1,16,8,8
ARCHER COUNTY,009,18 Years,114,54,60,92,44,48,0,0,0,0,0,0,3,2,1,19,8,11
ARCHER COUNTY,009,19 Years,113,57,56,88,45,43,3,2,1,0,0,0,3,1,2,19,9,10
ARCHER COUNTY,009,20 Years,95,47,48,79,40,39,3,2,1,0,0,0,1,1,0,12,4,8
ARCHER COUNTY,009,21 Years,99,48,51,84,40,44,1,0,1,0,0,0,1,1,0,13,7,6
ARCHER COUNTY,009,22 Years,101,51,50,84,43,41,0,0,0,0,0,0,2,0,2,15,8,7
ARCHER COUNTY,009,23 Years,110,52,58,89,42,47,1,1,0,1,0,1,3,0,3,16,9,7
ARCHER COUNTY,009,24 Years,109,58,51,87,48,39,3,1,2,0,0,0,4,0,4,15,9,6
ARCHER COUNTY,009,25 Years,110,61,49,95,50,45,2,2,0,0,0,0,1,0,1,12,9,3
ARCHER COUNTY,009,26 Years,144,80,64,117,59,58,1,0,1,0,0,0,4,4,0,22,17,5
ARCHER COUNTY,009,27 Years,130,58,72,105,44,61,1,0,1,0,0,0,4,1,3,20,13,7
ARCHER COUNTY,009,28 Years,135,56,79,119,49,70,1,0,1,1,1,0,1,0,1,13,6,7
ARCHER COUNTY,009,29 Years,143,81,62,122,66,56,0,0,0,0,0,0,3,2,1,18,13,5
ARCHER COUNTY,009,30 Years,113,63,50,95,50,45,0,0,0,0,0,0,1,0,1,17,13,4
ARCHER COUNTY,009,31 Years,108,67,41,86,50,36,0,0,0,0,0,0,0,0,0,22,17,5
ARCHER COUNTY,009,32 Years,100,64,36,89,55,34,0,0,0,0,0,0,1,1,0,10,8,2
ARCHER COUNTY,009,33 Years,100,57,43,94,54,40,0,0,0,0,0,0,1,0,1,5,3,2
ARCHER COUNTY,009,34 Years,109,65,44,95,57,38,0,0,0,0,0,0,0,0,0,14,8,6
ARCHER COUNTY,009,35 Years,97,50,47,78,40,38,0,0,0,0,0,0,1,0,1,18,10,8
ARCHER COUNTY,009,36 Years,82,39,43,72,34,38,0,0,0,0,0,0,1,0,1,9,5,4
ARCHER COUNTY,009,37 Years,89,44,45,79,35,44,0,0,0,1,1,0,1,1,0,8,7,1
ARCHER COUNTY,009,38 Years,100,55,45,92,50,42,0,0,0,1,1,0,0,0,0,7,4,3
ARCHER COUNTY,009,39 Years,86,44,42,73,37,36,0,0,0,0,0,0,3,2,1,10,5,5
ARCHER COUNTY,009,40 Years,90,34,56,73,26,47,0,0,0,0,0,0,1,1,0,16,7,9
ARCHER COUNTY,009,41 Years,107,53,54,93,46,47,0,0,0,0,0,0,2,0,2,12,7,5
ARCHER COUNTY,009,42 Years,103,53,50,89,46,43,0,0,0,0,0,0,3,2,1,11,5,6
ARCHER COUNTY,009,43 Years,92,42,50,79,37,42,2,0,2,1,1,0,1,0,1,9,4,5
ARCHER COUNTY,009,44 Years,107,48,59,96,43,53,1,1,0,0,0,0,2,1,1,8,3,5
ARCHER COUNTY,009,45 Years,113,58,55,101,52,49,0,0,0,0,0,0,2,1,1,10,5,5
ARCHER COUNTY,009,46 Years,110,57,53,98,49,49,0,0,0,0,0,0,1,1,0,11,7,4
ARCHER COUNTY,009,47 Years,124,53,71,110,46,64,1,1,0,0,0,0,2,1,1,11,5,6
ARCHER COUNTY,009,48 Years,125,54,71,110,45,65,1,1,0,0,0,0,3,2,1,11,6,5
ARCHER COUNTY,009,49 Years,123,62,61,106,52,54,0,0,0,0,0,0,3,2,1,14,8,6
ARCHER COUNTY,009,50 Years,122,68,54,102,57,45,0,0,0,1,1,0,2,1,1,17,9,8
ARCHER COUNTY,009,51 Years,127,69,58,111,58,53,1,1,0,0,0,0,3,2,1,12,8,4
ARCHER COUNTY,009,52 Years,114,58,56,104,52,52,0,0,0,0,0,0,2,2,0,8,4,4
ARCHER COUNTY,009,53 Years,137,74,63,130,70,60,1,1,0,0,0,0,0,0,0,6,3,3
ARCHER COUNTY,009,54 Years,139,69,70,132,65,67,1,1,0,0,0,0,0,0,0,6,3,3
ARCHER COUNTY,009,55 Years,159,72,87,145,64,81,2,1,1,1,1,0,0,0,0,11,6,5
ARCHER COUNTY,009,56 Years,137,72,65,124,64,60,1,1,0,2,1,1,0,0,0,10,6,4
ARCHER COUNTY,009,57 Years,158,74,84,147,69,78,0,0,0,2,1,1,2,1,1,7,3,4
ARCHER COUNTY,009,58 Years,149,60,89,137,55,82,0,0,0,1,0,1,3,2,1,8,3,5
ARCHER COUNTY,009,59 Years,141,65,76,125,53,72,0,0,0,1,0,1,2,2,0,13,10,3
ARCHER COUNTY,009,60 Years,160,77,83,146,69,77,0,0,0,0,0,0,4,1,3,10,7,3
ARCHER COUNTY,009,61 Years,160,73,87,151,69,82,0,0,0,1,0,1,1,0,1,7,4,3
ARCHER COUNTY,009,62 Years,140,64,76,131,59,72,0,0,0,1,0,1,2,1,1,6,4,2
ARCHER COUNTY,009,63 Years,141,70,71,131,64,67,1,1,0,0,0,0,3,1,2,6,4,2
ARCHER COUNTY,009,64 Years,135,63,72,128,58,70,0,0,0,0,0,0,3,2,1,4,3,1
ARCHER COUNTY,009,65 Years,120,53,67,116,52,64,0,0,0,0,0,0,1,0,1,3,1,2
ARCHER COUNTY,009,66 Years,137,61,76,130,58,72,0,0,0,0,0,0,6,2,4,1,1,0
ARCHER COUNTY,009,67 Years,111,48,63,107,47,60,0,0,0,0,0,0,3,1,2,1,0,1
ARCHER COUNTY,009,68 Years,119,60,59,110,55,55,1,0,1,1,0,1,2,2,0,5,3,2
ARCHER COUNTY,009,69 Years,102,49,53,97,47,50,1,0,1,1,0,1,1,1,0,2,1,1
ARCHER COUNTY,009,70 Years,95,44,51,91,42,49,0,0,0,0,0,0,1,0,1,3,2,1
ARCHER COUNTY,009,71 Years,109,59,50,101,53,48,1,1,0,0,0,0,2,0,2,5,5,0
ARCHER COUNTY,009,72 Years,75,40,35,70,38,32,1,1,0,1,0,1,2,0,2,1,1,0
ARCHER COUNTY,009,73 Years,80,42,38,75,39,36,0,0,0,1,0,1,1,1,0,3,2,1
ARCHER COUNTY,009,74 Years,72,31,41,69,31,38,0,0,0,1,0,1,1,0,1,1,0,1
ARCHER COUNTY,009,75 Years,70,26,44,64,23,41,0,0,0,0,0,0,2,0,2,4,3,1
ARCHER COUNTY,009,76 Years,88,38,50,80,35,45,0,0,0,1,1,0,1,0,1,6,2,4
ARCHER COUNTY,009,77 Years,86,44,42,81,40,41,0,0,0,0,0,0,1,1,0,4,3,1
ARCHER COUNTY,009,78 Years,79,37,42,72,34,38,1,0,1,1,0,1,1,1,0,4,2,2
ARCHER COUNTY,009,79 Years,60,31,29,56,30,26,0,0,0,1,0,1,0,0,0,3,1,2
ARCHER COUNTY,009,80 Years,63,39,24,58,37,21,0,0,0,0,0,0,2,1,1,3,1,2
ARCHER COUNTY,009,81 Years,57,26,31,56,26,30,0,0,0,0,0,0,1,0,1,0,0,0
ARCHER COUNTY,009,82 Years,49,20,29,48,19,29,0,0,0,0,0,0,0,0,0,1,1,0
ARCHER COUNTY,009,83 Years,54,24,30,51,23,28,0,0,0,0,0,0,1,0,1,2,1,1
ARCHER COUNTY,009,84 Years,42,23,19,41,23,18,0,0,0,0,0,0,0,0,0,1,0,1
ARCHER COUNTY,009,85 Years,42,19,23,39,17,22,0,0,0,0,0,0,0,0,0,3,2,1
ARCHER COUNTY,009,86 Years,33,14,19,32,14,18,0,0,0,0,0,0,0,0,0,1,0,1
ARCHER COUNTY,009,87 Years,27,10,17,26,9,17,0,0,0,0,0,0,1,1,0,0,0,0
ARCHER COUNTY,009,88 Years,28,11,17,26,10,16,0,0,0,0,0,0,2,1,1,0,0,0
ARCHER COUNTY,009,89 Years,28,9,19,23,8,15,0,0,0,0,0,0,2,0,2,3,1,2
ARCHER COUNTY,009,90 Years,17,6,11,15,6,9,0,0,0,0,0,0,1,0,1,1,0,1
ARCHER COUNTY,009,91 Years,15,8,7,14,7,7,0,0,0,0,0,0,0,0,0,1,1,0
ARCHER COUNTY,009,92 Years,11,5,6,11,5,6,0,0,0,0,0,0,0,0,0,0,0,0
ARCHER COUNTY,009,93 Years,7,3,4,6,3,3,0,0,0,0,0,0,0,0,0,1,0,1
ARCHER COUNTY,009,94 Years,7,1,6,6,1,5,0,0,0,0,0,0,0,0,0,1,0,1
ARCHER COUNTY,009,95 Years +,15,3,12,13,3,10,0,0,0,0,0,0,2,0,2,0,0,0
ARMSTRONG COUNTY,011,All Ages,1948,969,979,1767,879,888,9,5,4,0,0,0,41,17,24,131,68,63
ARMSTRONG COUNTY,011,< 1 Year,18,10,8,16,8,8,0,0,0,0,0,0,0,0,0,2,2,0
ARMSTRONG COUNTY,011,1 Years,17,8,9,14,6,8,0,0,0,0,0,0,0,0,0,3,2,1
ARMSTRONG COUNTY,011,2 Years,18,8,10,17,7,10,0,0,0,0,0,0,0,0,0,1,1,0
ARMSTRONG COUNTY,011,3 Years,14,8,6,14,8,6,0,0,0,0,0,0,0,0,0,0,0,0
ARMSTRONG COUNTY,011,4 Years,17,10,7,17,10,7,0,0,0,0,0,0,0,0,0,0,0,0
ARMSTRONG COUNTY,011,5 Years,18,11,7,18,11,7,0,0,0,0,0,0,0,0,0,0,0,0
ARMSTRONG COUNTY,011,6 Years,18,9,9,17,9,8,0,0,0,0,0,0,0,0,0,1,0,1
ARMSTRONG COUNTY,011,7 Years,19,10,9,18,10,8,0,0,0,0,0,0,0,0,0,1,0,1
ARMSTRONG COUNTY,011,8 Years,16,8,8,15,8,7,0,0,0,0,0,0,1,0,1,0,0,0
ARMSTRONG COUNTY,011,9 Years,23,13,10,20,11,9,1,0,1,0,0,0,0,0,0,2,2,0
ARMSTRONG COUNTY,011,10 Years,21,11,10,18,9,9,0,0,0,0,0,0,1,1,0,2,1,1
ARMSTRONG COUNTY,011,11 Years,20,12,8,16,10,6,0,0,0,0,0,0,2,1,1,2,1,1
ARMSTRONG COUNTY,011,12 Years,22,11,11,17,8,9,0,0,0,0,0,0,2,1,1,3,2,1
ARMSTRONG COUNTY,011,13 Years,23,10,13,16,7,9,1,1,0,0,0,0,2,0,2,4,2,2
ARMSTRONG COUNTY,011,14 Years,17,7,10,13,5,8,0,0,0,0,0,0,1,0,1,3,2,1
ARMSTRONG COUNTY,011,15 Years,18,9,9,15,7,8,0,0,0,0,0,0,0,0,0,3,2,1
ARMSTRONG COUNTY,011,16 Years,19,7,12,16,5,11,0,0,0,0,0,0,0,0,0,3,2,1
ARMSTRONG COUNTY,011,17 Years,31,13,18,25,10,15,0,0,0,0,0,0,0,0,0,6,3,3
ARMSTRONG COUNTY,011,18 Years,25,11,14,19,7,12,0,0,0,0,0,0,1,1,0,5,3,2
ARMSTRONG COUNTY,011,19 Years,20,9,11,17,7,10,1,1,0,0,0,0,0,0,0,2,1,1
ARMSTRONG COUNTY,011,20 Years,23,15,8,19,13,6,0,0,0,0,0,0,1,0,1,3,2,1
ARMSTRONG COUNTY,011,21 Years,19,12,7,17,10,7,0,0,0,0,0,0,0,0,0,2,2,0
ARMSTRONG COUNTY,011,22 Years,18,11,7,15,8,7,0,0,0,0,0,0,0,0,0,3,3,0
ARMSTRONG COUNTY,011,23 Years,30,18,12,24,14,10,1,1,0,0,0,0,1,1,0,4,2,2
ARMSTRONG COUNTY,011,24 Years,31,16,15,27,14,13,1,0,1,0,0,0,1,1,0,2,1,1
ARMSTRONG COUNTY,011,25 Years,26,14,12,23,13,10,0,0,0,0,0,0,0,0,0,3,1,2
ARMSTRONG COUNTY,011,26 Years,26,14,12,22,11,11,0,0,0,0,0,0,1,1,0,3,2,1
ARMSTRONG COUNTY,011,27 Years,17,12,5,14,9,5,0,0,0,0,0,0,1,1,0,2,2,0
ARMSTRONG COUNTY,011,28 Years,17,12,5,15,10,5,0,0,0,0,0,0,2,2,0,0,0,0
ARMSTRONG COUNTY,011,29 Years,11,5,6,10,5,5,0,0,0,0,0,0,0,0,0,1,0,1
ARMSTRONG COUNTY,011,30 Years,13,5,8,12,5,7,0,0,0,0,0,0,0,0,0,1,0,1
ARMSTRONG COUNTY,011,31 Years,12,4,8,10,4,6,0,0,0,0,0,0,0,0,0,2,0,2
ARMSTRONG COUNTY,011,32 Years,13,2,11,9,2,7,1,0,1,0,0,0,0,0,0,3,0,3
ARMSTRONG COUNTY,011,33 Years,12,3,9,8,3,5,0,0,0,0,0,0,2,0,2,2,0,2
ARMSTRONG COUNTY,011,34 Years,16,10,6,14,8,6,0,0,0,0,0,0,2,2,0,0,0,0
ARMSTRONG COUNTY,011,35 Years,23,13,10,19,12,7,0,0,0,0,0,0,1,1,0,3,0,3
ARMSTRONG COUNTY,011,36 Years,21,13,8,19,12,7,0,0,0,0,0,0,0,0,0,2,1,1
ARMSTRONG COUNTY,011,37 Years,19,11,8,18,10,8,0,0,0,0,0,0,0,0,0,1,1,0
ARMSTRONG COUNTY,011,38 Years,25,14,11,23,13,10,0,0,0,0,0,0,1,0,1,1,1,0
ARMSTRONG COUNTY,011,39 Years,26,14,12,25,14,11,0,0,0,0,0,0,0,0,0,1,0,1
ARMSTRONG COUNTY,011,40 Years,20,10,10,20,10,10,0,0,0,0,0,0,0,0,0,0,0,0
ARMSTRONG COUNTY,011,41 Years,17,9,8,15,9,6,0,0,0,0,0,0,0,0,0,2,0,2
ARMSTRONG COUNTY,011,42 Years,22,13,9,20,11,9,0,0,0,0,0,0,0,0,0,2,2,0
ARMSTRONG COUNTY,011,43 Years,19,9,10,19,9,10,0,0,0,0,0,0,0,0,0,0,0,0
ARMSTRONG COUNTY,011,44 Years,15,7,8,14,7,7,1,0,1,0,0,0,0,0,0,0,0,0
ARMSTRONG COUNTY,011,45 Years,16,7,9,14,7,7,0,0,0,0,0,0,0,0,0,2,0,2
ARMSTRONG COUNTY,011,46 Years,14,7,7,13,7,6,0,0,0,0,0,0,0,0,0,1,0,1
ARMSTRONG COUNTY,011,47 Years,24,9,15,19,7,12,0,0,0,0,0,0,0,0,0,5,2,3
ARMSTRONG COUNTY,011,48 Years,29,17,12,26,16,10,0,0,0,0,0,0,0,0,0,3,1,2
ARMSTRONG COUNTY,011,49 Years,23,12,11,18,9,9,0,0,0,0,0,0,0,0,0,5,3,2
ARMSTRONG COUNTY,011,50 Years,20,10,10,17,9,8,0,0,0,0,0,0,1,0,1,2,1,1
ARMSTRONG COUNTY,011,51 Years,20,10,10,19,9,10,0,0,0,0,0,0,0,0,0,1,1,0
ARMSTRONG COUNTY,011,52 Years,21,9,12,20,9,11,0,0,0,0,0,0,0,0,0,1,0,1
ARMSTRONG COUNTY,011,53 Years,21,13,8,20,13,7,0,0,0,0,0,0,0,0,0,1,0,1
ARMSTRONG COUNTY,011,54 Years,21,5,16,20,5,15,0,0,0,0,0,0,0,0,0,1,0,1
ARMSTRONG COUNTY,011,55 Years,19,5,14,18,5,13,0,0,0,0,0,0,0,0,0,1,0,1
ARMSTRONG COUNTY,011,56 Years,23,8,15,21,7,14,0,0,0,0,0,0,1,0,1,1,1,0
ARMSTRONG COUNTY,011,57 Years,31,15,16,29,14,15,0,0,0,0,0,0,1,0,1,1,1,0
ARMSTRONG COUNTY,011,58 Years,39,20,19,38,19,19,0,0,0,0,0,0,0,0,0,1,1,0
ARMSTRONG COUNTY,011,59 Years,34,16,18,32,14,18,0,0,0,0,0,0,1,1,0,1,1,0
ARMSTRONG COUNTY,011,60 Years,31,18,13,27,15,12,0,0,0,0,0,0,3,2,1,1,1,0
ARMSTRONG COUNTY,011,61 Years,28,15,13,27,14,13,0,0,0,0,0,0,0,0,0,1,1,0
ARMSTRONG COUNTY,011,62 Years,31,15,16,30,14,16,0,0,0,0,0,0,0,0,0,1,1,0
ARMSTRONG COUNTY,011,63 Years,25,9,16,22,8,14,0,0,0,0,0,0,1,0,1,2,1,1
ARMSTRONG COUNTY,011,64 Years,31,17,14,29,16,13,0,0,0,0,0,0,2,1,1,0,0,0
ARMSTRONG COUNTY,011,65 Years,34,20,14,34,20,14,0,0,0,0,0,0,0,0,0,0,0,0
ARMSTRONG COUNTY,011,66 Years,34,16,18,34,16,18,0,0,0,0,0,0,0,0,0,0,0,0
ARMSTRONG COUNTY,011,67 Years,25,13,12,24,13,11,0,0,0,0,0,0,1,0,1,0,0,0
ARMSTRONG COUNTY,011,68 Years,27,11,16,24,10,14,0,0,0,0,0,0,0,0,0,3,1,2
ARMSTRONG COUNTY,011,69 Years,36,13,23,34,13,21,0,0,0,0,0,0,0,0,0,2,0,2
ARMSTRONG COUNTY,011,70 Years,37,22,15,33,20,13,0,0,0,0,0,0,2,0,2,2,2,0
ARMSTRONG COUNTY,011,71 Years,31,21,10,29,19,10,1,1,0,0,0,0,0,0,0,1,1,0
ARMSTRONG COUNTY,011,72 Years,21,12,9,20,11,9,1,1,0,0,0,0,0,0,0,0,0,0
ARMSTRONG COUNTY,011,73 Years,21,10,11,19,9,10,0,0,0,0,0,0,1,0,1,1,1,0
ARMSTRONG COUNTY,011,74 Years,28,10,18,28,10,18,0,0,0,0,0,0,0,0,0,0,0,0
ARMSTRONG COUNTY,011,75 Years,22,11,11,22,11,11,0,0,0,0,0,0,0,0,0,0,0,0
ARMSTRONG COUNTY,011,76 Years,17,8,9,16,8,8,0,0,0,0,0,0,1,0,1,0,0,0
ARMSTRONG COUNTY,011,77 Years,25,11,14,25,11,14,0,0,0,0,0,0,0,0,0,0,0,0
ARMSTRONG COUNTY,011,78 Years,23,11,12,23,11,12,0,0,0,0,0,0,0,0,0,0,0,0
ARMSTRONG COUNTY,011,79 Years,19,10,9,19,10,9,0,0,0,0,0,0,0,0,0,0,0,0
ARMSTRONG COUNTY,011,80 Years,16,9,7,16,9,7,0,0,0,0,0,0,0,0,0,0,0,0
ARMSTRONG COUNTY,011,81 Years,16,7,9,16,7,9,0,0,0,0,0,0,0,0,0,0,0,0
ARMSTRONG COUNTY,011,82 Years,19,7,12,17,7,10,0,0,0,0,0,0,0,0,0,2,0,2
ARMSTRONG COUNTY,011,83 Years,19,7,12,17,7,10,0,0,0,0,0,0,1,0,1,1,0,1
ARMSTRONG COUNTY,011,84 Years,12,5,7,12,5,7,0,0,0,0,0,0,0,0,0,0,0,0
ARMSTRONG COUNTY,011,85 Years,9,5,4,9,5,4,0,0,0,0,0,0,0,0,0,0,0,0
ARMSTRONG COUNTY,011,86 Years,11,5,6,10,5,5,0,0,0,0,0,0,1,0,1,0,0,0
ARMSTRONG COUNTY,011,87 Years,9,4,5,9,4,5,0,0,0,0,0,0,0,0,0,0,0,0
ARMSTRONG COUNTY,011,88 Years,9,4,5,9,4,5,0,0,0,0,0,0,0,0,0,0,0,0
ARMSTRONG COUNTY,011,89 Years,8,4,4,8,4,4,0,0,0,0,0,0,0,0,0,0,0,0
ARMSTRONG COUNTY,011,90 Years,7,3,4,7,3,4,0,0,0,0,0,0,0,0,0,0,0,0
ARMSTRONG COUNTY,011,91 Years,5,2,3,5,2,3,0,0,0,0,0,0,0,0,0,0,0,0
ARMSTRONG COUNTY,011,92 Years,5,2,3,5,2,3,0,0,0,0,0,0,0,0,0,0,0,0
ARMSTRONG COUNTY,011,93 Years,5,3,2,4,2,2,0,0,0,0,0,0,0,0,0,1,1,0
ARMSTRONG COUNTY,011,94 Years,3,2,1,3,2,1,0,0,0,0,0,0,0,0,0,0,0,0
ARMSTRONG COUNTY,011,95 Years +,9,3,6,8,3,5,0,0,0,0,0,0,1,0,1,0,0,0
ATASCOSA COUNTY,013,All Ages,50233,25246,24987,16849,8369,8480,263,147,116,148,63,85,522,252,270,32451,16415,16036
ATASCOSA COUNTY,013,< 1 Year,715,351,364,169,76,93,1,0,1,2,1,1,14,6,8,529,268,261
ATASCOSA COUNTY,013,1 Years,711,363,348,183,92,91,1,0,1,2,1,1,13,6,7,512,264,248
ATASCOSA COUNTY,013,2 Years,728,364,364,202,100,102,1,1,0,2,1,1,9,3,6,514,259,255
ATASCOSA COUNTY,013,3 Years,736,372,364,217,109,108,1,0,1,2,1,1,10,4,6,506,258,248
ATASCOSA COUNTY,013,4 Years,734,361,373,207,96,111,2,1,1,3,1,2,10,5,5,512,258,254
ATASCOSA COUNTY,013,5 Years,732,353,379,207,94,113,0,0,0,3,2,1,10,5,5,512,252,260
ATASCOSA COUNTY,013,6 Years,714,354,360,198,98,100,1,1,0,4,2,2,7,4,3,504,249,255
ATASCOSA COUNTY,013,7 Years,725,378,347,199,105,94,1,1,0,2,1,1,8,4,4,515,267,248
ATASCOSA COUNTY,013,8 Years,758,387,371,196,95,101,1,0,1,0,0,0,6,3,3,555,289,266
ATASCOSA COUNTY,013,9 Years,721,378,343,183,93,90,1,1,0,0,0,0,6,2,4,531,282,249
ATASCOSA COUNTY,013,10 Years,745,383,362,189,102,87,2,1,1,0,0,0,6,3,3,548,277,271
ATASCOSA COUNTY,013,11 Years,740,379,361,173,90,83,3,2,1,2,0,2,7,5,2,555,282,273
ATASCOSA COUNTY,013,12 Years,748,390,358,188,108,80,4,3,1,2,1,1,7,5,2,547,273,274
ATASCOSA COUNTY,013,13 Years,773,402,371,189,88,101,4,1,3,2,2,0,7,4,3,571,307,264
ATASCOSA COUNTY,013,14 Years,727,378,349,184,99,85,6,1,5,1,1,0,5,2,3,531,275,256
ATASCOSA COUNTY,013,15 Years,686,347,339,183,100,83,5,1,4,1,0,1,5,3,2,492,243,249
ATASCOSA COUNTY,013,16 Years,719,360,359,186,99,87,6,1,5,2,1,1,5,3,2,520,256,264
ATASCOSA COUNTY,013,17 Years,725,371,354,195,99,96,5,3,2,3,0,3,5,3,2,517,266,251
ATASCOSA COUNTY,013,18 Years,667,332,335,161,86,75,5,1,4,0,0,0,5,3,2,496,242,254
ATASCOSA COUNTY,013,19 Years,613,306,307,143,82,61,5,4,1,1,0,1,3,1,2,461,219,242
ATASCOSA COUNTY,013,20 Years,645,322,323,163,82,81,6,5,1,2,0,2,4,1,3,470,234,236
ATASCOSA COUNTY,013,21 Years,655,335,320,162,83,79,4,3,1,2,0,2,7,3,4,480,246,234
ATASCOSA COUNTY,013,22 Years,680,340,340,176,85,91,7,3,4,1,0,1,5,3,2,491,249,242
ATASCOSA COUNTY,013,23 Years,676,347,329,181,91,90,7,3,4,0,0,0,7,5,2,481,248,233
ATASCOSA COUNTY,013,24 Years,714,359,355,202,102,100,5,3,2,3,0,3,11,7,4,493,247,246
ATASCOSA COUNTY,013,25 Years,738,379,359,201,100,101,8,3,5,2,1,1,8,3,5,519,272,247
ATASCOSA COUNTY,013,26 Years,811,434,377,245,122,123,4,2,2,1,1,0,5,2,3,556,307,249
ATASCOSA COUNTY,013,27 Years,804,439,365,227,121,106,2,1,1,0,0,0,6,1,5,569,316,253
ATASCOSA COUNTY,013,28 Years,792,428,364,252,140,112,0,0,0,2,2,0,3,1,2,535,285,250
ATASCOSA COUNTY,013,29 Years,770,421,349,247,134,113,2,0,2,2,2,0,4,2,2,515,283,232
ATASCOSA COUNTY,013,30 Years,721,378,343,213,111,102,4,3,1,1,0,1,5,3,2,498,261,237
ATASCOSA COUNTY,013,31 Years,720,384,336,185,90,95,5,4,1,0,0,0,5,3,2,525,287,238
ATASCOSA COUNTY,013,32 Years,710,354,356,205,98,107,4,3,1,4,2,2,3,3,0,494,248,246
ATASCOSA COUNTY,013,33 Years,711,382,329,201,103,98,4,3,1,3,2,1,8,3,5,495,271,224
ATASCOSA COUNTY,013,34 Years,650,345,305,194,104,90,6,3,3,1,0,1,5,3,2,444,235,209
ATASCOSA COUNTY,013,35 Years,629,324,305,194,105,89,3,2,1,0,0,0,8,6,2,424,211,213
ATASCOSA COUNTY,013,36 Years,620,329,291,190,104,86,2,1,1,3,2,1,7,4,3,418,218,200
ATASCOSA COUNTY,013,37 Years,662,354,308,228,128,100,3,2,1,3,2,1,6,3,3,422,219,203
ATASCOSA COUNTY,013,38 Years,663,356,307,234,127,107,1,0,1,2,2,0,4,2,2,422,225,197
ATASCOSA COUNTY,013,39 Years,600,302,298,211,108,103,1,0,1,0,0,0,5,2,3,383,192,191
ATASCOSA COUNTY,013,40 Years,566,286,280,205,108,97,1,1,0,1,0,1,3,1,2,356,176,180
ATASCOSA COUNTY,013,41 Years,556,286,270,210,100,110,5,2,3,0,0,0,4,3,1,337,181,156
ATASCOSA COUNTY,013,42 Years,550,289,261,191,103,88,3,2,1,0,0,0,2,1,1,354,183,171
ATASCOSA COUNTY,013,43 Years,555,280,275,188,95,93,1,1,0,0,0,0,6,4,2,360,180,180
ATASCOSA COUNTY,013,44 Years,534,262,272,191,97,94,1,0,1,2,2,0,4,2,2,336,161,175
ATASCOSA COUNTY,013,45 Years,564,254,310,178,86,92,3,1,2,2,1,1,7,2,5,374,164,210
ATASCOSA COUNTY,013,46 Years,606,293,313,204,112,92,2,0,2,0,0,0,11,5,6,389,176,213
ATASCOSA COUNTY,013,47 Years,600,315,285,213,120,93,4,0,4,0,0,0,8,5,3,375,190,185
ATASCOSA COUNTY,013,48 Years,621,319,302,203,111,92,4,3,1,4,0,4,6,1,5,404,204,200
ATASCOSA COUNTY,013,49 Years,572,292,280,202,101,101,5,3,2,2,1,1,5,1,4,358,186,172
ATASCOSA COUNTY,013,50 Years,534,271,263,178,86,92,4,4,0,3,1,2,4,1,3,345,179,166
ATASCOSA COUNTY,013,51 Years,542,282,260,186,100,86,1,1,0,4,2,2,6,3,3,345,176,169
ATASCOSA COUNTY,013,52 Years,547,277,270,197,96,101,4,1,3,3,2,1,2,1,1,341,177,164
ATASCOSA COUNTY,013,53 Years,558,277,281,191,98,93,3,2,1,5,3,2,7,3,4,352,171,181
ATASCOSA COUNTY,013,54 Years,602,276,326,207,94,113,3,2,1,3,1,2,8,3,5,381,176,205
ATASCOSA COUNTY,013,55 Years,649,319,330,247,121,126,3,2,1,1,1,0,7,4,3,391,191,200
ATASCOSA COUNTY,013,56 Years,606,292,314,241,115,126,3,1,2,2,1,1,8,5,3,352,170,182
ATASCOSA COUNTY,013,57 Years,625,313,312,230,110,120,3,1,2,7,4,3,9,3,6,376,195,181
ATASCOSA COUNTY,013,58 Years,578,285,293,203,94,109,5,3,2,3,2,1,10,3,7,357,183,174
ATASCOSA COUNTY,013,59 Years,604,282,322,245,108,137,4,4,0,1,0,1,6,4,2,348,166,182
ATASCOSA COUNTY,013,60 Years,561,287,274,232,117,115,5,4,1,3,0,3,5,3,2,316,163,153
ATASCOSA COUNTY,013,61 Years,551,284,267,234,117,117,3,1,2,2,1,1,10,6,4,302,159,143
ATASCOSA COUNTY,013,62 Years,538,252,286,215,94,121,3,2,1,2,1,1,10,5,5,308,150,158
ATASCOSA COUNTY,013,63 Years,547,269,278,228,106,122,3,2,1,3,1,2,8,5,3,305,155,150
ATASCOSA COUNTY,013,64 Years,529,269,260,232,112,120,5,4,1,1,0,1,7,5,2,284,148,136
ATASCOSA COUNTY,013,65 Years,551,267,284,247,113,134,2,2,0,1,1,0,7,5,2,294,146,148
ATASCOSA COUNTY,013,66 Years,507,241,266,229,106,123,3,2,1,2,1,1,5,3,2,268,129,139
ATASCOSA COUNTY,013,67 Years,473,238,235,219,108,111,2,1,1,1,0,1,7,4,3,244,125,119
ATASCOSA COUNTY,013,68 Years,476,227,249,223,107,116,1,1,0,1,0,1,8,5,3,243,114,129
ATASCOSA COUNTY,013,69 Years,475,222,253,214,103,111,5,3,2,2,1,1,7,3,4,247,112,135
ATASCOSA COUNTY,013,70 Years,439,227,212,204,109,95,2,1,1,4,2,2,6,2,4,223,113,110
ATASCOSA COUNTY,013,71 Years,436,213,223,217,106,111,1,1,0,1,1,0,3,1,2,214,104,110
ATASCOSA COUNTY,013,72 Years,430,200,230,204,95,109,4,3,1,0,0,0,3,0,3,219,102,117
ATASCOSA COUNTY,013,73 Years,381,182,199,177,83,94,2,2,0,0,0,0,3,1,2,199,96,103
ATASCOSA COUNTY,013,74 Years,352,173,179,180,87,93,2,2,0,2,0,2,4,1,3,164,83,81
ATASCOSA COUNTY,013,75 Years,327,148,179,177,75,102,3,2,1,2,0,2,6,0,6,139,71,68
ATASCOSA COUNTY,013,76 Years,291,133,158,152,69,83,1,1,0,1,0,1,5,2,3,132,61,71
ATASCOSA COUNTY,013,77 Years,266,125,141,144,67,77,0,0,0,1,0,1,6,3,3,115,55,60
ATASCOSA COUNTY,013,78 Years,258,117,141,138,68,70,1,0,1,1,0,1,2,0,2,116,49,67
ATASCOSA COUNTY,013,79 Years,220,97,123,115,51,64,2,1,1,2,1,1,3,3,0,98,41,57
ATASCOSA COUNTY,013,80 Years,200,83,117,102,44,58,2,2,0,1,0,1,4,1,3,91,36,55
ATASCOSA COUNTY,013,81 Years,184,78,106,92,37,55,3,1,2,0,0,0,3,1,2,86,39,47
ATASCOSA COUNTY,013,82 Years,164,75,89,91,40,51,2,1,1,0,0,0,3,1,2,68,33,35
ATASCOSA COUNTY,013,83 Years,171,82,89,89,43,46,1,1,0,0,0,0,2,1,1,79,37,42
ATASCOSA COUNTY,013,84 Years,143,69,74,77,38,39,1,0,1,0,0,0,3,2,1,62,29,33
ATASCOSA COUNTY,013,85 Years,128,54,74,71,33,38,3,2,1,1,0,1,1,0,1,52,19,33
ATASCOSA COUNTY,013,86 Years,111,46,65,62,25,37,1,1,0,0,0,0,1,0,1,47,20,27
ATASCOSA COUNTY,013,87 Years,98,39,59,51,21,30,0,0,0,1,0,1,0,0,0,46,18,28
ATASCOSA COUNTY,013,88 Years,91,36,55,47,18,29,0,0,0,1,0,1,0,0,0,43,18,25
ATASCOSA COUNTY,013,89 Years,78,36,42,45,20,25,0,0,0,1,0,1,0,0,0,32,16,16
ATASCOSA COUNTY,013,90 Years,64,25,39,41,14,27,0,0,0,0,0,0,1,0,1,22,11,11
ATASCOSA COUNTY,013,91 Years,49,17,32,25,8,17,0,0,0,1,1,0,0,0,0,23,8,15
ATASCOSA COUNTY,013,92 Years,48,17,31,27,8,19,0,0,0,0,0,0,1,0,1,20,9,11
ATASCOSA COUNTY,013,93 Years,39,14,25,20,6,14,1,1,0,0,0,0,0,0,0,18,7,11
ATASCOSA COUNTY,013,94 Years,26,7,19,14,4,10,1,1,0,0,0,0,0,0,0,11,2,9
ATASCOSA COUNTY,013,95 Years +,74,26,48,41,13,28,3,1,2,1,0,1,1,0,1,28,12,16
AUSTIN COUNTY,015,All Ages,31504,15592,15912,19400,9525,9875,2848,1418,1430,133,57,76,578,295,283,8545,4297,4248
AUSTIN COUNTY,015,< 1 Year,340,165,175,147,74,73,24,13,11,3,1,2,21,10,11,145,67,78
AUSTIN COUNTY,015,1 Years,353,181,172,146,76,70,26,15,11,3,1,2,23,12,11,155,77,78
AUSTIN COUNTY,015,2 Years,370,196,174,152,81,71,31,16,15,4,3,1,25,16,9,158,80,78
AUSTIN COUNTY,015,3 Years,389,198,191,156,79,77,35,18,17,2,1,1,26,15,11,170,85,85
AUSTIN COUNTY,015,4 Years,395,185,210,152,71,81,38,18,20,2,1,1,28,15,13,175,80,95
AUSTIN COUNTY,015,5 Years,398,189,209,160,76,84,38,18,20,2,1,1,19,12,7,179,82,97
AUSTIN COUNTY,015,6 Years,396,186,210,161,79,82,34,16,18,1,0,1,19,10,9,181,81,100
AUSTIN COUNTY,015,7 Years,411,204,207,179,91,88,35,19,16,1,0,1,10,6,4,186,88,98
AUSTIN COUNTY,015,8 Years,444,199,245,189,84,105,36,17,19,1,0,1,10,3,7,208,95,113
AUSTIN COUNTY,015,9 Years,429,204,225,211,110,101,34,17,17,1,0,1,5,3,2,178,74,104
AUSTIN COUNTY,015,10 Years,430,213,217,216,110,106,36,19,17,1,0,1,9,7,2,168,77,91
AUSTIN COUNTY,015,11 Years,426,204,222,204,107,97,34,14,20,1,0,1,12,5,7,175,78,97
AUSTIN COUNTY,015,12 Years,415,211,204,194,106,88,38,18,20,4,1,3,13,5,8,166,81,85
AUSTIN COUNTY,015,13 Years,389,208,181,192,112,80,38,19,19,2,1,1,8,3,5,149,73,76
AUSTIN COUNTY,015,14 Years,382,213,169,207,120,87,20,12,8,2,1,1,11,6,5,142,74,68
AUSTIN COUNTY,015,15 Years,436,237,199,226,124,102,40,19,21,2,1,1,13,7,6,155,86,69
AUSTIN COUNTY,015,16 Years,418,237,181,208,122,86,52,28,24,1,0,1,9,4,5,148,83,65
AUSTIN COUNTY,015,17 Years,396,206,190,205,110,95,35,20,15,2,1,1,6,3,3,148,72,76
AUSTIN COUNTY,015,18 Years,389,199,190,181,94,87,42,24,18,1,0,1,10,8,2,155,73,82
AUSTIN COUNTY,015,19 Years,376,189,187,173,80,93,47,28,19,2,2,0,10,6,4,144,73,71
AUSTIN COUNTY,015,20 Years,350,177,173,168,84,84,42,23,19,1,1,0,7,2,5,132,67,65
AUSTIN COUNTY,015,21 Years,309,161,148,153,78,75,35,21,14,0,0,0,8,3,5,113,59,54
AUSTIN COUNTY,015,22 Years,343,183,160,177,92,85,40,23,17,2,1,1,9,4,5,115,63,52
AUSTIN COUNTY,015,23 Years,376,189,187,198,97,101,39,20,19,1,1,0,5,3,2,133,68,65
AUSTIN COUNTY,015,24 Years,397,203,194,202,102,100,53,31,22,1,0,1,13,5,8,128,65,63
AUSTIN COUNTY,015,25 Years,406,213,193,217,117,100,52,25,27,1,0,1,9,5,4,127,66,61
AUSTIN COUNTY,015,26 Years,389,209,180,215,111,104,49,25,24,1,0,1,9,8,1,115,65,50
AUSTIN COUNTY,015,27 Years,379,191,188,208,103,105,38,17,21,1,0,1,4,3,1,128,68,60
AUSTIN COUNTY,015,28 Years,367,173,194,198,98,100,43,19,24,0,0,0,3,0,3,123,56,67
AUSTIN COUNTY,015,29 Years,371,170,201,209,93,116,40,20,20,0,0,0,4,1,3,118,56,62
AUSTIN COUNTY,015,30 Years,357,184,173,200,105,95,35,19,16,0,0,0,1,1,0,121,59,62
AUSTIN COUNTY,015,31 Years,346,173,173,203,107,96,30,13,17,3,1,2,4,2,2,106,50,56
AUSTIN COUNTY,015,32 Years,353,169,184,209,104,105,31,15,16,3,2,1,2,2,0,108,46,62
AUSTIN COUNTY,015,33 Years,373,182,191,191,93,98,37,18,19,2,0,2,4,1,3,139,70,69
AUSTIN COUNTY,015,34 Years,307,161,146,163,83,80,29,16,13,1,0,1,3,1,2,111,61,50
AUSTIN COUNTY,015,35 Years,354,172,182,192,83,109,35,18,17,1,1,0,4,3,1,122,67,55
AUSTIN COUNTY,015,36 Years,361,174,187,197,92,105,29,17,12,3,1,2,3,3,0,129,61,68
AUSTIN COUNTY,015,37 Years,349,174,175,205,98,107,29,17,12,3,2,1,3,2,1,109,55,54
AUSTIN COUNTY,015,38 Years,350,162,188,210,92,118,27,16,11,2,0,2,4,1,3,107,53,54
AUSTIN COUNTY,015,39 Years,364,164,200,207,98,109,38,14,24,2,1,1,4,2,2,113,49,64
AUSTIN COUNTY,015,40 Years,360,174,186,224,113,111,30,12,18,3,2,1,1,1,0,102,46,56
AUSTIN COUNTY,015,41 Years,360,182,178,226,109,117,27,15,12,3,1,2,3,2,1,101,55,46
AUSTIN COUNTY,015,42 Years,323,163,160,200,98,102,25,13,12,1,0,1,1,1,0,96,51,45
AUSTIN COUNTY,015,43 Years,360,176,184,210,96,114,32,19,13,3,2,1,4,0,4,111,59,52
AUSTIN COUNTY,015,44 Years,363,187,176,196,98,98,32,15,17,2,1,1,3,0,3,130,73,57
AUSTIN COUNTY,015,45 Years,343,174,169,195,93,102,23,10,13,3,2,1,3,2,1,119,67,52
AUSTIN COUNTY,015,46 Years,355,161,194,213,88,125,34,18,16,3,1,2,5,2,3,100,52,48
AUSTIN COUNTY,015,47 Years,382,175,207,238,99,139,33,12,21,2,1,1,4,2,2,105,61,44
AUSTIN COUNTY,015,48 Years,379,183,196,239,114,125,33,15,18,1,0,1,3,0,3,103,54,49
AUSTIN COUNTY,015,49 Years,360,177,183,245,120,125,31,14,17,1,0,1,3,1,2,80,42,38
AUSTIN COUNTY,015,50 Years,364,189,175,232,116,116,37,21,16,3,1,2,2,1,1,90,50,40
AUSTIN COUNTY,015,51 Years,368,208,160,228,124,104,34,20,14,1,1,0,5,2,3,100,61,39
AUSTIN COUNTY,015,52 Years,404,222,182,255,141,114,44,20,24,2,2,0,8,4,4,95,55,40
AUSTIN COUNTY,015,53 Years,409,207,202,262,131,131,45,20,25,2,0,2,8,4,4,92,52,40
AUSTIN COUNTY,015,54 Years,412,206,206,270,126,144,40,22,18,2,1,1,7,3,4,93,54,39
AUSTIN COUNTY,015,55 Years,432,211,221,300,143,157,39,16,23,2,1,1,5,3,2,86,48,38
AUSTIN COUNTY,015,56 Years,442,211,231,316,150,166,42,15,27,1,1,0,3,3,0,80,42,38
AUSTIN COUNTY,015,57 Years,455,213,242,309,139,170,50,24,26,4,3,1,8,7,1,84,40,44
AUSTIN COUNTY,015,58 Years,455,222,233,333,152,181,39,22,17,3,2,1,7,4,3,73,42,31
AUSTIN COUNTY,015,59 Years,455,240,215,337,176,161,42,25,17,0,0,0,9,4,5,67,35,32
AUSTIN COUNTY,015,60 Years,468,247,221,332,174,158,46,25,21,0,0,0,8,4,4,82,44,38
AUSTIN COUNTY,015,61 Years,474,251,223,353,184,169,35,20,15,3,0,3,12,7,5,71,40,31
AUSTIN COUNTY,015,62 Years,489,232,257,374,175,199,38,21,17,2,0,2,9,4,5,66,32,34
AUSTIN COUNTY,015,63 Years,436,216,220,327,159,168,33,19,14,1,0,1,5,1,4,70,37,33
AUSTIN COUNTY,015,64 Years,469,223,246,366,170,196,38,17,21,1,0,1,7,4,3,57,32,25
AUSTIN COUNTY,015,65 Years,441,237,204,349,186,163,34,16,18,1,0,1,6,4,2,51,31,20
AUSTIN COUNTY,015,66 Years,429,219,210,344,177,167,34,16,18,3,1,2,4,2,2,44,23,21
AUSTIN COUNTY,015,67 Years,379,187,192,302,150,152,26,12,14,2,1,1,1,1,0,48,23,25
AUSTIN COUNTY,015,68 Years,348,174,174,280,143,137,24,14,10,0,0,0,2,0,2,42,17,25
AUSTIN COUNTY,015,69 Years,359,177,182,290,149,141,28,12,16,3,1,2,2,0,2,36,15,21
AUSTIN COUNTY,015,70 Years,384,188,196,318,154,164,31,15,16,1,1,0,2,2,0,32,16,16
AUSTIN COUNTY,015,71 Years,378,180,198,318,151,167,24,13,11,0,0,0,2,1,1,34,15,19
AUSTIN COUNTY,015,72 Years,313,138,175,252,112,140,27,11,16,0,0,0,2,0,2,32,15,17
AUSTIN COUNTY,015,73 Years,306,158,148,253,130,123,23,11,12,1,1,0,3,2,1,26,14,12
AUSTIN COUNTY,015,74 Years,305,151,154,254,125,129,25,13,12,1,1,0,1,1,0,24,11,13
AUSTIN COUNTY,015,75 Years,309,149,160,258,123,135,21,11,10,0,0,0,3,2,1,27,13,14
AUSTIN COUNTY,015,76 Years,281,137,144,239,119,120,20,7,13,1,1,0,1,1,0,20,9,11
AUSTIN COUNTY,015,77 Years,231,109,122,199,97,102,16,7,9,0,0,0,2,1,1,14,4,10
AUSTIN COUNTY,015,78 Years,195,92,103,152,73,79,19,8,11,0,0,0,2,1,1,22,10,12
AUSTIN COUNTY,015,79 Years,168,73,95,132,56,76,14,7,7,1,0,1,5,1,4,16,9,7
AUSTIN COUNTY,015,80 Years,166,69,97,137,57,80,16,7,9,1,0,1,3,1,2,9,4,5
AUSTIN COUNTY,015,81 Years,151,63,88,123,55,68,14,4,10,0,0,0,2,0,2,12,4,8
AUSTIN COUNTY,015,82 Years,125,59,66,103,51,52,8,2,6,1,0,1,1,0,1,12,6,6
AUSTIN COUNTY,015,83 Years,127,61,66,105,49,56,7,3,4,0,0,0,1,0,1,14,9,5
AUSTIN COUNTY,015,84 Years,113,47,66,89,34,55,10,4,6,1,1,0,1,0,1,12,8,4
AUSTIN COUNTY,015,85 Years,90,38,52,69,31,38,7,1,6,1,1,0,2,0,2,11,5,6
AUSTIN COUNTY,015,86 Years,95,43,52,77,37,40,4,1,3,0,0,0,2,0,2,12,5,7
AUSTIN COUNTY,015,87 Years,88,39,49,69,31,38,5,2,3,0,0,0,2,0,2,12,6,6
AUSTIN COUNTY,015,88 Years,82,32,50,66,25,41,6,3,3,0,0,0,1,1,0,9,3,6
AUSTIN COUNTY,015,89 Years,71,27,44,57,21,36,6,3,3,0,0,0,0,0,0,8,3,5
AUSTIN COUNTY,015,90 Years,56,20,36,45,14,31,5,2,3,0,0,0,0,0,0,6,4,2
AUSTIN COUNTY,015,91 Years,49,17,32,37,13,24,7,3,4,0,0,0,1,0,1,4,1,3
AUSTIN COUNTY,015,92 Years,39,14,25,31,10,21,5,2,3,0,0,0,0,0,0,3,2,1
AUSTIN COUNTY,015,93 Years,32,12,20,24,9,15,4,1,3,0,0,0,0,0,0,4,2,2
AUSTIN COUNTY,015,94 Years,28,8,20,20,7,13,3,0,3,0,0,0,0,0,0,5,1,4
AUSTIN COUNTY,015,95 Years +,66,16,50,47,12,35,9,2,7,0,0,0,1,0,1,9,2,7
BAILEY COUNTY,017,All Ages,7179,3691,3488,2288,1117,1171,65,41,24,26,11,15,127,69,58,4673,2453,2220
BAILEY COUNTY,017,< 1 Year,123,68,55,23,12,11,0,0,0,0,0,0,22,15,7,78,41,37
BAILEY COUNTY,017,1 Years,124,66,58,21,10,11,0,0,0,0,0,0,19,12,7,84,44,40
BAILEY COUNTY,017,2 Years,127,65,62,27,12,15,0,0,0,1,1,0,15,9,6,84,43,41
BAILEY COUNTY,017,3 Years,119,61,58,28,13,15,1,1,0,1,1,0,9,4,5,80,42,38
BAILEY COUNTY,017,4 Years,110,61,49,29,14,15,1,1,0,1,1,0,5,3,2,74,42,32
BAILEY COUNTY,017,5 Years,103,60,43,27,13,14,0,0,0,0,0,0,3,2,1,73,45,28
BAILEY COUNTY,017,6 Years,111,62,49,28,14,14,0,0,0,0,0,0,4,2,2,79,46,33
BAILEY COUNTY,017,7 Years,111,61,50,29,13,16,0,0,0,0,0,0,4,3,1,78,45,33
BAILEY COUNTY,017,8 Years,138,75,63,31,16,15,0,0,0,0,0,0,2,0,2,105,59,46
BAILEY COUNTY,017,9 Years,128,68,60,25,12,13,0,0,0,0,0,0,2,1,1,101,55,46
BAILEY COUNTY,017,10 Years,117,57,60,21,9,12,0,0,0,0,0,0,1,0,1,95,48,47
BAILEY COUNTY,017,11 Years,129,69,60,31,15,16,0,0,0,0,0,0,1,1,0,97,53,44
BAILEY COUNTY,017,12 Years,137,67,70,30,11,19,0,0,0,0,0,0,1,1,0,106,55,51
BAILEY COUNTY,017,13 Years,133,63,70,32,11,21,2,1,1,1,1,0,2,1,1,96,49,47
BAILEY COUNTY,017,14 Years,120,52,68,26,9,17,1,0,1,0,0,0,1,0,1,92,43,49
BAILEY COUNTY,017,15 Years,122,63,59,26,13,13,1,1,0,0,0,0,0,0,0,95,49,46
BAILEY COUNTY,017,16 Years,129,65,64,30,17,13,1,0,1,1,0,1,0,0,0,97,48,49
BAILEY COUNTY,017,17 Years,131,65,66,36,17,19,0,0,0,0,0,0,1,1,0,94,47,47
BAILEY COUNTY,017,18 Years,112,63,49,21,13,8,0,0,0,0,0,0,0,0,0,91,50,41
BAILEY COUNTY,017,19 Years,97,59,38,26,18,8,1,1,0,0,0,0,1,1,0,69,39,30
BAILEY COUNTY,017,20 Years,98,54,44,23,12,11,0,0,0,1,0,1,1,0,1,73,42,31
BAILEY COUNTY,017,21 Years,89,48,41,20,12,8,0,0,0,0,0,0,1,0,1,68,36,32
BAILEY COUNTY,017,22 Years,102,52,50,25,13,12,1,1,0,1,0,1,0,0,0,75,38,37
BAILEY COUNTY,017,23 Years,100,55,45,25,12,13,1,1,0,0,0,0,1,0,1,73,42,31
BAILEY COUNTY,017,24 Years,98,58,40,22,11,11,0,0,0,1,1,0,0,0,0,75,46,29
BAILEY COUNTY,017,25 Years,101,52,49,20,10,10,1,0,1,0,0,0,1,0,1,79,42,37
BAILEY COUNTY,017,26 Years,103,58,45,27,12,15,5,3,2,0,0,0,0,0,0,71,43,28
BAILEY COUNTY,017,27 Years,88,46,42,17,11,6,2,1,1,0,0,0,0,0,0,69,34,35
BAILEY COUNTY,017,28 Years,84,44,40,14,7,7,0,0,0,0,0,0,0,0,0,70,37,33
BAILEY COUNTY,017,29 Years,78,38,40,18,8,10,1,0,1,0,0,0,0,0,0,59,30,29
BAILEY COUNTY,017,30 Years,86,45,41,19,10,9,1,0,1,0,0,0,0,0,0,66,35,31
BAILEY COUNTY,017,31 Years,92,49,43,27,13,14,3,2,1,1,0,1,0,0,0,61,34,27
BAILEY COUNTY,017,32 Years,82,42,40,25,10,15,1,1,0,1,0,1,0,0,0,55,31,24
BAILEY COUNTY,017,33 Years,94,48,46,31,13,18,0,0,0,0,0,0,2,1,1,61,34,27
BAILEY COUNTY,017,34 Years,96,54,42,31,17,14,1,1,0,1,0,1,1,1,0,62,35,27
BAILEY COUNTY,017,35 Years,79,44,35,25,11,14,1,1,0,1,0,1,1,1,0,51,31,20
BAILEY COUNTY,017,36 Years,85,45,40,31,18,13,0,0,0,3,1,2,0,0,0,51,26,25
BAILEY COUNTY,017,37 Years,88,40,48,28,16,12,0,0,0,1,0,1,1,0,1,58,24,34
BAILEY COUNTY,017,38 Years,80,41,39,24,14,10,0,0,0,0,0,0,1,0,1,55,27,28
BAILEY COUNTY,017,39 Years,87,47,40,29,15,14,0,0,0,0,0,0,0,0,0,58,32,26
BAILEY COUNTY,017,40 Years,84,45,39,24,14,10,2,2,0,0,0,0,1,1,0,57,28,29
BAILEY COUNTY,017,41 Years,71,37,34,17,10,7,1,1,0,0,0,0,0,0,0,53,26,27
BAILEY COUNTY,017,42 Years,81,41,40,23,11,12,1,1,0,0,0,0,0,0,0,57,29,28
BAILEY COUNTY,017,43 Years,77,37,40,20,7,13,2,2,0,0,0,0,0,0,0,55,28,27
BAILEY COUNTY,017,44 Years,90,43,47,30,15,15,1,1,0,0,0,0,1,0,1,58,27,31
BAILEY COUNTY,017,45 Years,78,39,39,24,15,9,0,0,0,0,0,0,0,0,0,54,24,30
BAILEY COUNTY,017,46 Years,78,38,40,18,10,8,1,1,0,0,0,0,1,0,1,58,27,31
BAILEY COUNTY,017,47 Years,73,32,41,17,7,10,0,0,0,0,0,0,2,1,1,54,24,30
BAILEY COUNTY,017,48 Years,76,33,43,20,9,11,1,0,1,1,0,1,1,0,1,53,24,29
BAILEY COUNTY,017,49 Years,82,37,45,26,13,13,2,0,2,1,0,1,1,1,0,52,23,29
BAILEY COUNTY,017,50 Years,75,35,40,22,9,13,1,0,1,1,1,0,1,1,0,50,24,26
BAILEY COUNTY,017,51 Years,78,40,38,28,14,14,0,0,0,2,2,0,0,0,0,48,24,24
BAILEY COUNTY,017,52 Years,82,47,35,28,16,12,1,1,0,0,0,0,0,0,0,53,30,23
BAILEY COUNTY,017,53 Years,72,34,38,24,11,13,0,0,0,0,0,0,1,0,1,47,23,24
BAILEY COUNTY,017,54 Years,72,32,40,21,8,13,0,0,0,0,0,0,1,1,0,50,23,27
BAILEY COUNTY,017,55 Years,75,41,34,29,14,15,1,1,0,1,0,1,0,0,0,44,26,18
BAILEY COUNTY,017,56 Years,82,44,38,35,19,16,1,1,0,1,0,1,0,0,0,45,24,21
BAILEY COUNTY,017,57 Years,82,47,35,29,16,13,1,1,0,0,0,0,0,0,0,52,30,22
BAILEY COUNTY,017,58 Years,78,40,38,32,18,14,0,0,0,0,0,0,0,0,0,46,22,24
BAILEY COUNTY,017,59 Years,71,35,36,37,18,19,1,1,0,0,0,0,1,0,1,32,16,16
BAILEY COUNTY,017,60 Years,70,40,30,34,19,15,1,1,0,0,0,0,0,0,0,35,20,15
BAILEY COUNTY,017,61 Years,83,44,39,38,18,20,3,3,0,0,0,0,1,0,1,41,23,18
BAILEY COUNTY,017,62 Years,79,41,38,37,18,19,2,1,1,0,0,0,1,1,0,39,21,18
BAILEY COUNTY,017,63 Years,66,33,33,33,17,16,0,0,0,0,0,0,0,0,0,33,16,17
BAILEY COUNTY,017,64 Years,70,37,33,34,17,17,0,0,0,0,0,0,0,0,0,36,20,16
BAILEY COUNTY,017,65 Years,70,35,35,35,17,18,1,1,0,0,0,0,1,0,1,33,17,16
BAILEY COUNTY,017,66 Years,63,32,31,33,16,17,0,0,0,0,0,0,2,1,1,28,15,13
BAILEY COUNTY,017,67 Years,56,30,26,29,15,14,1,0,1,0,0,0,1,0,1,25,15,10
BAILEY COUNTY,017,68 Years,53,31,22,27,14,13,1,1,0,0,0,0,0,0,0,25,16,9
BAILEY COUNTY,017,69 Years,51,25,26,32,14,18,0,0,0,0,0,0,0,0,0,19,11,8
BAILEY COUNTY,017,70 Years,52,23,29,30,13,17,0,0,0,0,0,0,0,0,0,22,10,12
BAILEY COUNTY,017,71 Years,45,23,22,25,13,12,1,1,0,1,1,0,0,0,0,18,8,10
BAILEY COUNTY,017,72 Years,40,20,20,23,12,11,1,1,0,0,0,0,1,0,1,15,7,8
BAILEY COUNTY,017,73 Years,44,26,18,25,15,10,0,0,0,0,0,0,1,0,1,18,11,7
BAILEY COUNTY,017,74 Years,45,21,24,27,12,15,1,0,1,0,0,0,2,2,0,15,7,8
BAILEY COUNTY,017,75 Years,46,18,28,27,10,17,0,0,0,0,0,0,1,1,0,18,7,11
BAILEY COUNTY,017,76 Years,36,14,22,21,8,13,0,0,0,0,0,0,0,0,0,15,6,9
BAILEY COUNTY,017,77 Years,46,28,18,29,20,9,0,0,0,0,0,0,1,0,1,16,8,8
BAILEY COUNTY,017,78 Years,30,16,14,19,11,8,0,0,0,0,0,0,0,0,0,11,5,6
BAILEY COUNTY,017,79 Years,35,17,18,17,9,8,0,0,0,0,0,0,0,0,0,18,8,10
BAILEY COUNTY,017,80 Years,27,13,14,14,7,7,0,0,0,0,0,0,0,0,0,13,6,7
BAILEY COUNTY,017,81 Years,30,14,16,18,7,11,0,0,0,1,1,0,0,0,0,11,6,5
BAILEY COUNTY,017,82 Years,35,13,22,23,6,17,1,0,1,0,0,0,0,0,0,11,7,4
BAILEY COUNTY,017,83 Years,30,11,19,19,8,11,1,0,1,1,0,1,0,0,0,9,3,6
BAILEY COUNTY,017,84 Years,24,13,11,15,8,7,0,0,0,0,0,0,1,0,1,8,5,3
BAILEY COUNTY,017,85 Years,25,10,15,16,5,11,0,0,0,0,0,0,0,0,0,9,5,4
BAILEY COUNTY,017,86 Years,25,8,17,15,3,12,0,0,0,0,0,0,0,0,0,10,5,5
BAILEY COUNTY,017,87 Years,17,6,11,11,4,7,0,0,0,0,0,0,0,0,0,6,2,4
BAILEY COUNTY,017,88 Years,14,5,9,7,3,4,1,0,1,0,0,0,0,0,0,6,2,4
BAILEY COUNTY,017,89 Years,15,9,6,8,5,3,2,1,1,0,0,0,0,0,0,5,3,2
BAILEY COUNTY,017,90 Years,15,8,7,9,4,5,1,1,0,0,0,0,0,0,0,5,3,2
BAILEY COUNTY,017,91 Years,11,5,6,5,2,3,0,0,0,0,0,0,0,0,0,6,3,3
BAILEY COUNTY,017,92 Years,11,6,5,5,2,3,1,1,0,0,0,0,0,0,0,5,3,2
BAILEY COUNTY,017,93 Years,9,3,6,4,1,3,1,0,1,0,0,0,0,0,0,4,2,2
BAILEY COUNTY,017,94 Years,6,2,4,3,1,2,0,0,0,0,0,0,0,0,0,3,1,2
BAILEY COUNTY,017,95 Years +,17,4,13,9,2,7,2,0,2,0,0,0,0,0,0,6,2,4
BANDERA COUNTY,019,All Ages,22723,11201,11522,17637,8713,8924,108,58,50,68,24,44,480,230,250,4430,2176,2254
BANDERA COUNTY,019,< 1 Year,212,99,113,124,58,66,2,0,2,0,0,0,23,16,7,63,25,38
BANDERA COUNTY,019,1 Years,211,100,111,120,60,60,2,0,2,0,0,0,22,12,10,67,28,39
BANDERA COUNTY,019,2 Years,203,96,107,126,63,63,1,0,1,0,0,0,9,4,5,67,29,38
BANDERA COUNTY,019,3 Years,193,97,96,120,64,56,2,1,1,0,0,0,10,3,7,61,29,32
BANDERA COUNTY,019,4 Years,187,89,98,120,61,59,0,0,0,1,1,0,9,3,6,57,24,33
BANDERA COUNTY,019,5 Years,194,94,100,125,63,62,2,1,1,1,1,0,9,5,4,57,24,33
BANDERA COUNTY,019,6 Years,198,93,105,129,63,66,1,0,1,2,1,1,9,6,3,57,23,34
BANDERA COUNTY,019,7 Years,203,101,102,132,66,66,2,0,2,2,1,1,9,6,3,58,28,30
BANDERA COUNTY,019,8 Years,197,104,93,132,71,61,2,0,2,0,0,0,7,3,4,56,30,26
BANDERA COUNTY,019,9 Years,207,103,104,151,74,77,1,0,1,0,0,0,5,2,3,50,27,23
BANDERA COUNTY,019,10 Years,206,95,111,144,64,80,4,2,2,0,0,0,5,1,4,53,28,25
BANDERA COUNTY,019,11 Years,213,103,110,141,68,73,2,1,1,0,0,0,6,3,3,64,31,33
BANDERA COUNTY,019,12 Years,206,102,104,141,73,68,0,0,0,0,0,0,4,1,3,61,28,33
BANDERA COUNTY,019,13 Years,203,99,104,133,68,65,1,0,1,0,0,0,5,4,1,64,27,37
BANDERA COUNTY,019,14 Years,196,101,95,125,65,60,0,0,0,3,1,2,1,1,0,67,34,33
BANDERA COUNTY,019,15 Years,238,118,120,148,75,73,2,1,1,1,0,1,7,2,5,80,40,40
BANDERA COUNTY,019,16 Years,222,107,115,150,71,79,3,1,2,1,1,0,3,1,2,65,33,32
BANDERA COUNTY,019,17 Years,229,127,102,150,84,66,2,1,1,1,1,0,2,0,2,74,41,33
BANDERA COUNTY,019,18 Years,196,97,99,125,64,61,4,1,3,1,1,0,2,0,2,64,31,33
BANDERA COUNTY,019,19 Years,181,97,84,123,68,55,4,2,2,0,0,0,4,2,2,50,25,25
BANDERA COUNTY,019,20 Years,177,91,86,121,63,58,4,2,2,1,0,1,5,2,3,46,24,22
BANDERA COUNTY,019,21 Years,188,100,88,123,69,54,4,2,2,0,0,0,7,3,4,54,26,28
BANDERA COUNTY,019,22 Years,205,112,93,133,70,63,3,2,1,0,0,0,8,2,6,61,38,23
BANDERA COUNTY,019,23 Years,226,115,111,146,70,76,4,2,2,0,0,0,5,2,3,71,41,30
BANDERA COUNTY,019,24 Years,250,122,128,170,79,91,1,1,0,0,0,0,8,3,5,71,39,32
BANDERA COUNTY,019,25 Years,253,131,122,181,88,93,1,1,0,0,0,0,5,3,2,66,39,27
BANDERA COUNTY,019,26 Years,259,147,112,176,95,81,0,0,0,1,1,0,3,2,1,79,49,30
BANDERA COUNTY,019,27 Years,224,109,115,167,78,89,0,0,0,1,1,0,1,0,1,55,30,25
BANDERA COUNTY,019,28 Years,225,109,116,183,84,99,0,0,0,0,0,0,3,3,0,39,22,17
BANDERA COUNTY,019,29 Years,223,112,111,162,78,84,0,0,0,1,0,1,9,7,2,51,27,24
BANDERA COUNTY,019,30 Years,213,97,116,162,70,92,0,0,0,1,0,1,6,3,3,44,24,20
BANDERA COUNTY,019,31 Years,216,108,108,157,85,72,0,0,0,0,0,0,3,1,2,56,22,34
BANDERA COUNTY,019,32 Years,197,97,100,142,75,67,1,1,0,0,0,0,3,1,2,51,20,31
BANDERA COUNTY,019,33 Years,210,101,109,150,75,75,1,1,0,0,0,0,4,3,1,55,22,33
BANDERA COUNTY,019,34 Years,180,94,86,141,75,66,0,0,0,0,0,0,5,3,2,34,16,18
BANDERA COUNTY,019,35 Years,188,106,82,141,80,61,0,0,0,0,0,0,3,2,1,44,24,20
BANDERA COUNTY,019,36 Years,168,94,74,134,77,57,0,0,0,1,1,0,6,3,3,27,13,14
BANDERA COUNTY,019,37 Years,203,104,99,156,79,77,0,0,0,2,0,2,4,3,1,41,22,19
BANDERA COUNTY,019,38 Years,202,92,110,149,67,82,1,1,0,1,0,1,3,1,2,48,23,25
BANDERA COUNTY,019,39 Years,190,99,91,149,73,76,1,1,0,0,0,0,1,0,1,39,25,14
BANDERA COUNTY,019,40 Years,205,112,93,154,85,69,0,0,0,0,0,0,4,2,2,47,25,22
BANDERA COUNTY,019,41 Years,189,111,78,144,85,59,2,2,0,0,0,0,1,0,1,42,24,18
BANDERA COUNTY,019,42 Years,210,110,100,153,82,71,3,3,0,1,0,1,1,0,1,52,25,27
BANDERA COUNTY,019,43 Years,226,97,129,160,74,86,1,1,0,1,0,1,2,1,1,62,21,41
BANDERA COUNTY,019,44 Years,206,97,109,147,69,78,1,0,1,1,1,0,3,1,2,54,26,28
BANDERA COUNTY,019,45 Years,223,106,117,160,71,89,0,0,0,2,1,1,8,4,4,53,30,23
BANDERA COUNTY,019,46 Years,216,116,100,151,76,75,3,3,0,0,0,0,6,4,2,56,33,23
BANDERA COUNTY,019,47 Years,249,126,123,175,90,85,1,0,1,0,0,0,8,4,4,65,32,33
BANDERA COUNTY,019,48 Years,264,122,142,202,91,111,1,1,0,2,0,2,3,2,1,56,28,28
BANDERA COUNTY,019,49 Years,264,120,144,206,94,112,2,1,1,1,0,1,1,1,0,54,24,30
BANDERA COUNTY,019,50 Years,284,130,154,219,101,118,0,0,0,1,0,1,5,2,3,59,27,32
BANDERA COUNTY,019,51 Years,289,133,156,235,107,128,0,0,0,1,0,1,5,2,3,48,24,24
BANDERA COUNTY,019,52 Years,290,136,154,236,113,123,1,0,1,0,0,0,9,4,5,44,19,25
BANDERA COUNTY,019,53 Years,336,156,180,269,123,146,2,1,1,0,0,0,9,3,6,56,29,27
BANDERA COUNTY,019,54 Years,393,193,200,323,157,166,2,2,0,0,0,0,5,2,3,63,32,31
BANDERA COUNTY,019,55 Years,404,190,214,325,155,170,0,0,0,1,0,1,4,3,1,74,32,42
BANDERA COUNTY,019,56 Years,392,183,209,318,146,172,1,0,1,1,1,0,7,5,2,65,31,34
BANDERA COUNTY,019,57 Years,431,189,242,350,159,191,0,0,0,2,0,2,7,3,4,72,27,45
BANDERA COUNTY,019,58 Years,463,199,264,374,164,210,0,0,0,3,0,3,10,3,7,76,32,44
BANDERA COUNTY,019,59 Years,447,200,247,384,169,215,2,1,1,1,0,1,4,2,2,56,28,28
BANDERA COUNTY,019,60 Years,429,221,208,359,189,170,3,2,1,0,0,0,6,2,4,61,28,33
BANDERA COUNTY,019,61 Years,423,203,220,357,171,186,5,4,1,1,0,1,7,5,2,53,23,30
BANDERA COUNTY,019,62 Years,474,222,252,404,192,212,2,1,1,0,0,0,6,2,4,62,27,35
BANDERA COUNTY,019,63 Years,450,226,224,382,199,183,0,0,0,0,0,0,6,2,4,62,25,37
BANDERA COUNTY,019,64 Years,434,206,228,376,182,194,0,0,0,2,1,1,6,1,5,50,22,28
BANDERA COUNTY,019,65 Years,450,225,225,395,195,200,1,0,1,2,1,1,3,1,2,49,28,21
BANDERA COUNTY,019,66 Years,442,232,210,384,206,178,2,0,2,2,0,2,8,3,5,46,23,23
BANDERA COUNTY,019,67 Years,407,213,194,361,191,170,1,0,1,0,0,0,9,5,4,36,17,19
BANDERA COUNTY,019,68 Years,382,183,199,339,162,177,0,0,0,1,0,1,3,1,2,39,20,19
BANDERA COUNTY,019,69 Years,388,198,190,341,173,168,1,1,0,1,0,1,10,5,5,35,19,16
BANDERA COUNTY,019,70 Years,409,212,197,351,183,168,0,0,0,2,1,1,6,4,2,50,24,26
BANDERA COUNTY,019,71 Years,419,211,208,354,176,178,0,0,0,3,0,3,5,3,2,57,32,25
BANDERA COUNTY,019,72 Years,316,156,160,261,120,141,1,1,0,3,2,1,10,6,4,41,27,14
BANDERA COUNTY,019,73 Years,288,153,135,252,131,121,2,2,0,0,0,0,8,2,6,26,18,8
BANDERA COUNTY,019,74 Years,288,141,147,251,126,125,1,0,1,2,0,2,3,1,2,31,14,17
BANDERA COUNTY,019,75 Years,299,146,153,260,130,130,1,1,0,2,0,2,5,3,2,31,12,19
BANDERA COUNTY,019,76 Years,266,133,133,237,121,116,1,1,0,0,0,0,4,2,2,24,9,15
BANDERA COUNTY,019,77 Years,238,122,116,213,110,103,0,0,0,0,0,0,5,2,3,20,10,10
BANDERA COUNTY,019,78 Years,212,116,96,180,100,80,1,0,1,0,0,0,3,1,2,28,15,13
BANDERA COUNTY,019,79 Years,185,100,85,157,86,71,0,0,0,1,0,1,3,2,1,24,12,12
BANDERA COUNTY,019,80 Years,162,83,79,138,70,68,2,2,0,2,2,0,2,1,1,18,8,10
BANDERA COUNTY,019,81 Years,133,63,70,113,54,59,1,1,0,0,0,0,3,1,2,16,7,9
BANDERA COUNTY,019,82 Years,130,61,69,106,50,56,0,0,0,0,0,0,3,2,1,21,9,12
BANDERA COUNTY,019,83 Years,121,64,57,101,56,45,0,0,0,0,0,0,1,0,1,19,8,11
BANDERA COUNTY,019,84 Years,106,52,54,86,42,44,0,0,0,0,0,0,1,0,1,19,10,9
BANDERA COUNTY,019,85 Years,95,48,47,76,38,38,0,0,0,0,0,0,2,1,1,17,9,8
BANDERA COUNTY,019,86 Years,83,39,44,68,30,38,0,0,0,1,1,0,1,0,1,13,8,5
BANDERA COUNTY,019,87 Years,81,38,43,68,31,37,0,0,0,1,1,0,1,0,1,11,6,5
BANDERA COUNTY,019,88 Years,68,32,36,56,26,30,0,0,0,0,0,0,2,1,1,10,5,5
BANDERA COUNTY,019,89 Years,63,32,31,52,27,25,1,0,1,0,0,0,2,0,2,8,5,3
BANDERA COUNTY,019,90 Years,49,19,30,42,16,26,0,0,0,1,0,1,1,1,0,5,2,3
BANDERA COUNTY,019,91 Years,44,17,27,37,14,23,0,0,0,0,0,0,0,0,0,7,3,4
BANDERA COUNTY,019,92 Years,34,13,21,29,11,18,0,0,0,0,0,0,0,0,0,5,2,3
BANDERA COUNTY,019,93 Years,26,11,15,20,7,13,1,1,0,0,0,0,0,0,0,5,3,2
BANDERA COUNTY,019,94 Years,18,8,10,14,5,9,1,1,0,0,0,0,0,0,0,3,2,1
BANDERA COUNTY,019,95 Years +,38,14,24,30,9,21,0,0,0,1,1,0,0,0,0,7,4,3
BASTROP COUNTY,021,All Ages,88157,44765,43392,46144,22813,23331,6199,3318,2881,530,242,288,1937,991,946,33347,17401,15946
BASTROP COUNTY,021,< 1 Year,1074,540,534,334,173,161,70,38,32,7,4,3,51,25,26,612,300,312
BASTROP COUNTY,021,1 Years,1107,547,560,340,171,169,71,38,33,6,3,3,53,27,26,637,308,329
BASTROP COUNTY,021,2 Years,1135,559,576,353,178,175,73,38,35,6,3,3,47,23,24,656,317,339
BASTROP COUNTY,021,3 Years,1147,565,582,356,176,180,73,39,34,7,3,4,44,22,22,667,325,342
BASTROP COUNTY,021,4 Years,1131,563,568,357,182,175,71,38,33,8,5,3,39,20,19,656,318,338
BASTROP COUNTY,021,5 Years,1083,539,544,346,178,168,73,38,35,7,4,3,32,18,14,625,301,324
BASTROP COUNTY,021,6 Years,1021,514,507,331,171,160,70,36,34,6,4,2,29,18,11,585,285,300
BASTROP COUNTY,021,7 Years,991,496,495,318,163,155,66,32,34,6,4,2,27,16,11,574,281,293
BASTROP COUNTY,021,8 Years,1099,567,532,338,178,160,84,52,32,5,1,4,30,14,16,642,322,320
BASTROP COUNTY,021,9 Years,1259,601,658,419,198,221,95,49,46,2,1,1,39,17,22,704,336,368
BASTROP COUNTY,021,10 Years,1290,664,626,438,218,220,101,51,50,3,2,1,43,21,22,705,372,333
BASTROP COUNTY,021,11 Years,1337,709,628,425,242,183,95,46,49,7,3,4,42,26,16,768,392,376
BASTROP COUNTY,021,12 Years,1293,675,618,445,240,205,79,37,42,4,2,2,51,26,25,714,370,344
BASTROP COUNTY,021,13 Years,1312,709,603,498,268,230,72,39,33,5,2,3,35,16,19,702,384,318
BASTROP COUNTY,021,14 Years,1305,659,646,491,258,233,79,33,46,5,2,3,39,20,19,691,346,345
BASTROP COUNTY,021,15 Years,1315,663,652,510,264,246,80,31,49,6,2,4,46,23,23,673,343,330
BASTROP COUNTY,021,16 Years,1325,690,635,550,293,257,70,30,40,9,1,8,41,23,18,655,343,312
BASTROP COUNTY,021,17 Years,1311,680,631,559,293,266,67,33,34,10,5,5,35,16,19,640,333,307
BASTROP COUNTY,021,18 Years,1291,704,587,559,301,258,71,34,37,12,8,4,32,16,16,617,345,272
BASTROP COUNTY,021,19 Years,1204,651,553,528,279,249,66,31,35,6,4,2,32,14,18,572,323,249
BASTROP COUNTY,021,20 Years,1165,618,547,520,264,256,76,39,37,8,3,5,36,16,20,525,296,229
BASTROP COUNTY,021,21 Years,1129,600,529,517,271,246,89,44,45,6,1,5,38,21,17,479,263,216
BASTROP COUNTY,021,22 Years,1126,606,520,527,269,258,78,41,37,3,1,2,28,18,10,490,277,213
BASTROP COUNTY,021,23 Years,1140,596,544,549,285,264,85,45,40,6,3,3,35,22,13,465,241,224
BASTROP COUNTY,021,24 Years,1102,563,539,517,264,253,96,45,51,7,3,4,23,12,11,459,239,220
BASTROP COUNTY,021,25 Years,1173,601,572,552,289,263,89,49,40,4,3,1,33,21,12,495,239,256
BASTROP COUNTY,021,26 Years,1221,634,587,547,288,259,114,68,46,5,4,1,28,10,18,527,264,263
BASTROP COUNTY,021,27 Years,1119,601,518,463,255,208,118,62,56,4,3,1,26,17,9,508,264,244
BASTROP COUNTY,021,28 Years,1056,558,498,436,224,212,109,66,43,5,1,4,26,11,15,480,256,224
BASTROP COUNTY,021,29 Years,981,550,431,435,225,210,94,58,36,3,1,2,20,13,7,429,253,176
BASTROP COUNTY,021,30 Years,1022,559,463,446,224,222,110,59,51,2,2,0,15,10,5,449,264,185
BASTROP COUNTY,021,31 Years,1007,568,439,426,230,196,102,52,50,5,5,0,28,16,12,446,265,181
BASTROP COUNTY,021,32 Years,1042,586,456,455,250,205,92,59,33,4,2,2,16,10,6,475,265,210
BASTROP COUNTY,021,33 Years,949,513,436,414,204,210,83,55,28,6,4,2,15,10,5,431,240,191
BASTROP COUNTY,021,34 Years,959,511,448,403,207,196,85,51,34,6,4,2,17,12,5,448,237,211
BASTROP COUNTY,021,35 Years,969,516,453,424,224,200,67,41,26,5,2,3,18,12,6,455,237,218
BASTROP COUNTY,021,36 Years,1028,527,501,473,232,241,65,39,26,8,3,5,13,9,4,469,244,225
BASTROP COUNTY,021,37 Years,1056,558,498,481,242,239,87,55,32,6,2,4,16,10,6,466,249,217
BASTROP COUNTY,021,38 Years,1044,560,484,483,254,229,76,54,22,4,1,3,20,12,8,461,239,222
BASTROP COUNTY,021,39 Years,1069,551,518,516,240,276,72,50,22,5,1,4,20,11,9,456,249,207
BASTROP COUNTY,021,40 Years,995,536,459,474,231,243,68,45,23,6,1,5,19,12,7,428,247,181
BASTROP COUNTY,021,41 Years,1012,515,497,486,238,248,59,37,22,13,5,8,9,5,4,445,230,215
BASTROP COUNTY,021,42 Years,1010,511,499,491,232,259,72,43,29,7,3,4,19,8,11,421,225,196
BASTROP COUNTY,021,43 Years,1040,534,506,494,247,247,71,46,25,8,5,3,20,12,8,447,224,223
BASTROP COUNTY,021,44 Years,1062,530,532,537,265,272,69,40,29,9,4,5,19,8,11,428,213,215
BASTROP COUNTY,021,45 Years,1047,558,489,545,293,252,76,45,31,11,6,5,11,6,5,404,208,196
BASTROP COUNTY,021,46 Years,1117,584,533,576,289,287,74,45,29,10,5,5,13,8,5,444,237,207
BASTROP COUNTY,021,47 Years,1150,584,566,619,291,328,96,53,43,6,4,2,15,8,7,414,228,186
BASTROP COUNTY,021,48 Years,1185,599,586,631,297,334,91,51,40,8,4,4,20,8,12,435,239,196
BASTROP COUNTY,021,49 Years,1157,578,579,656,317,339,73,36,37,10,4,6,19,6,13,399,215,184
BASTROP COUNTY,021,50 Years,1065,529,536,597,299,298,75,36,39,9,5,4,14,5,9,370,184,186
BASTROP COUNTY,021,51 Years,1066,526,540,607,297,310,85,43,42,7,2,5,19,10,9,348,174,174
BASTROP COUNTY,021,52 Years,1124,570,554,645,312,333,89,45,44,9,4,5,16,8,8,365,201,164
BASTROP COUNTY,021,53 Years,1274,646,628,764,375,389,109,60,49,10,6,4,18,10,8,373,195,178
BASTROP COUNTY,021,54 Years,1257,631,626,777,394,383,106,47,59,12,7,5,18,9,9,344,174,170
BASTROP COUNTY,021,55 Years,1265,655,610,799,395,404,95,53,42,8,6,2,19,11,8,344,190,154
BASTROP COUNTY,021,56 Years,1245,642,603,784,386,398,84,48,36,9,4,5,22,9,13,346,195,151
BASTROP COUNTY,021,57 Years,1258,650,608,815,412,403,96,50,46,17,7,10,20,9,11,310,172,138
BASTROP COUNTY,021,58 Years,1246,627,619,820,396,424,86,44,42,11,4,7,16,6,10,313,177,136
BASTROP COUNTY,021,59 Years,1248,616,632,850,408,442,88,46,42,9,4,5,22,9,13,279,149,130
BASTROP COUNTY,021,60 Years,1242,580,662,864,387,477,85,42,43,8,4,4,18,9,9,267,138,129
BASTROP COUNTY,021,61 Years,1217,610,607,863,422,441,78,40,38,9,4,5,17,7,10,250,137,113
BASTROP COUNTY,021,62 Years,1192,574,618,847,392,455,81,36,45,6,2,4,18,6,12,240,138,102
BASTROP COUNTY,021,63 Years,1137,555,582,833,388,445,70,37,33,7,3,4,18,9,9,209,118,91
BASTROP COUNTY,021,64 Years,1094,540,554,803,381,422,68,35,33,7,2,5,16,5,11,200,117,83
BASTROP COUNTY,021,65 Years,1063,513,550,803,368,435,71,42,29,5,2,3,20,9,11,164,92,72
BASTROP COUNTY,021,66 Years,1050,527,523,803,403,400,60,30,30,11,6,5,19,10,9,157,78,79
BASTROP COUNTY,021,67 Years,999,495,504,763,374,389,62,30,32,5,3,2,19,10,9,150,78,72
BASTROP COUNTY,021,68 Years,950,493,457,724,364,360,68,43,25,3,1,2,24,14,10,131,71,60
BASTROP COUNTY,021,69 Years,908,438,470,705,329,376,53,31,22,4,1,3,18,9,9,128,68,60
BASTROP COUNTY,021,70 Years,957,450,507,749,353,396,62,29,33,5,1,4,14,7,7,127,60,67
BASTROP COUNTY,021,71 Years,934,454,480,731,361,370,53,26,27,5,2,3,18,9,9,127,56,71
BASTROP COUNTY,021,72 Years,739,368,371,565,285,280,40,19,21,4,1,3,11,5,6,119,58,61
BASTROP COUNTY,021,73 Years,648,319,329,490,239,251,39,23,16,2,0,2,11,5,6,106,52,54
BASTROP COUNTY,021,74 Years,605,290,315,483,225,258,30,16,14,2,0,2,12,6,6,78,43,35
BASTROP COUNTY,021,75 Years,581,265,316,481,224,257,22,9,13,3,0,3,9,3,6,66,29,37
BASTROP COUNTY,021,76 Years,517,245,272,406,190,216,30,13,17,1,0,1,6,1,5,74,41,33
BASTROP COUNTY,021,77 Years,454,212,242,357,168,189,25,12,13,1,0,1,8,3,5,63,29,34
BASTROP COUNTY,021,78 Years,434,198,236,341,156,185,27,16,11,1,1,0,7,4,3,58,21,37
BASTROP COUNTY,021,79 Years,399,184,215,304,140,164,24,15,9,2,0,2,6,3,3,63,26,37
BASTROP COUNTY,021,80 Years,379,175,204,301,141,160,16,9,7,3,0,3,6,3,3,53,22,31
BASTROP COUNTY,021,81 Years,321,152,169,261,122,139,16,7,9,3,2,1,3,2,1,38,19,19
BASTROP COUNTY,021,82 Years,286,121,165,232,102,130,14,4,10,4,2,2,6,2,4,30,11,19
BASTROP COUNTY,021,83 Years,292,119,173,229,96,133,19,6,13,2,0,2,4,2,2,38,15,23
BASTROP COUNTY,021,84 Years,225,95,130,173,76,97,14,6,8,2,1,1,2,1,1,34,11,23
BASTROP COUNTY,021,85 Years,204,86,118,164,75,89,12,3,9,1,0,1,2,0,2,25,8,17
BASTROP COUNTY,021,86 Years,180,74,106,140,61,79,13,4,9,2,0,2,2,1,1,23,8,15
BASTROP COUNTY,021,87 Years,171,73,98,123,56,67,9,4,5,1,0,1,4,2,2,34,11,23
BASTROP COUNTY,021,88 Years,146,60,86,109,44,65,9,4,5,0,0,0,2,1,1,26,11,15
BASTROP COUNTY,021,89 Years,131,50,81,94,39,55,10,3,7,1,1,0,3,1,2,23,6,17
BASTROP COUNTY,021,90 Years,110,39,71,82,30,52,8,3,5,1,1,0,3,1,2,16,4,12
BASTROP COUNTY,021,91 Years,84,24,60,64,18,46,6,2,4,0,0,0,2,0,2,12,4,8
BASTROP COUNTY,021,92 Years,72,23,49,55,18,37,6,2,4,0,0,0,2,0,2,9,3,6
BASTROP COUNTY,021,93 Years,67,21,46,49,16,33,6,2,4,0,0,0,1,0,1,11,3,8
BASTROP COUNTY,021,94 Years,46,17,29,32,12,20,5,2,3,0,0,0,0,0,0,9,3,6
BASTROP COUNTY,021,95 Years +,113,34,79,75,19,56,13,5,8,1,0,1,0,0,0,24,10,14
BAYLOR COUNTY,023,All Ages,3753,1856,1897,3100,1542,1558,79,39,40,6,0,6,81,36,45,487,239,248
BAYLOR COUNTY,023,< 1 Year,42,21,21,35,16,19,0,0,0,0,0,0,0,0,0,7,5,2
BAYLOR COUNTY,023,1 Years,47,23,24,40,19,21,0,0,0,0,0,0,0,0,0,7,4,3
BAYLOR COUNTY,023,2 Years,46,21,25,35,17,18,0,0,0,1,0,1,8,3,5,2,1,1
BAYLOR COUNTY,023,3 Years,53,26,27,41,21,20,0,0,0,0,0,0,8,3,5,4,2,2
BAYLOR COUNTY,023,4 Years,43,21,22,34,19,15,0,0,0,0,0,0,7,1,6,2,1,1
BAYLOR COUNTY,023,5 Years,50,27,23,39,22,17,1,0,1,0,0,0,5,3,2,5,2,3
BAYLOR COUNTY,023,6 Years,43,25,18,34,18,16,1,1,0,0,0,0,5,4,1,3,2,1
BAYLOR COUNTY,023,7 Years,49,24,25,41,20,21,2,1,1,0,0,0,0,0,0,6,3,3
BAYLOR COUNTY,023,8 Years,51,27,24,42,23,19,0,0,0,0,0,0,2,1,1,7,3,4
BAYLOR COUNTY,023,9 Years,42,22,20,31,17,14,2,0,2,0,0,0,2,2,0,7,3,4
BAYLOR COUNTY,023,10 Years,34,23,11,24,15,9,1,1,0,0,0,0,1,1,0,8,6,2
BAYLOR COUNTY,023,11 Years,50,29,21,35,19,16,1,1,0,0,0,0,1,1,0,13,8,5
BAYLOR COUNTY,023,12 Years,56,38,18,42,31,11,1,1,0,0,0,0,2,0,2,11,6,5
BAYLOR COUNTY,023,13 Years,50,27,23,39,21,18,2,2,0,0,0,0,1,1,0,8,3,5
BAYLOR COUNTY,023,14 Years,43,17,26,36,15,21,0,0,0,0,0,0,1,0,1,6,2,4
BAYLOR COUNTY,023,15 Years,40,20,20,31,15,16,1,1,0,0,0,0,1,0,1,7,4,3
BAYLOR COUNTY,023,16 Years,44,22,22,33,16,17,1,1,0,0,0,0,1,1,0,9,4,5
BAYLOR COUNTY,023,17 Years,50,27,23,38,22,16,2,0,2,0,0,0,1,1,0,9,4,5
BAYLOR COUNTY,023,18 Years,46,23,23,35,19,16,1,0,1,0,0,0,1,1,0,9,3,6
BAYLOR COUNTY,023,19 Years,42,20,22,30,14,16,0,0,0,0,0,0,1,1,0,11,5,6
BAYLOR COUNTY,023,20 Years,40,19,21,29,15,14,1,0,1,0,0,0,1,0,1,9,4,5
BAYLOR COUNTY,023,21 Years,36,17,19,21,9,12,1,0,1,0,0,0,1,0,1,13,8,5
BAYLOR COUNTY,023,22 Years,31,17,14,24,13,11,0,0,0,0,0,0,0,0,0,7,4,3
BAYLOR COUNTY,023,23 Years,35,18,17,26,14,12,0,0,0,0,0,0,1,1,0,8,3,5
BAYLOR COUNTY,023,24 Years,33,17,16,28,15,13,0,0,0,0,0,0,0,0,0,5,2,3
BAYLOR COUNTY,023,25 Years,41,23,18,32,18,14,0,0,0,0,0,0,0,0,0,9,5,4
BAYLOR COUNTY,023,26 Years,43,16,27,32,13,19,1,0,1,0,0,0,0,0,0,10,3,7
BAYLOR COUNTY,023,27 Years,44,19,25,33,13,20,1,1,0,0,0,0,0,0,0,10,5,5
BAYLOR COUNTY,023,28 Years,42,19,23,33,14,19,1,0,1,0,0,0,0,0,0,8,5,3
BAYLOR COUNTY,023,29 Years,43,23,20,37,19,18,0,0,0,0,0,0,0,0,0,6,4,2
BAYLOR COUNTY,023,30 Years,36,13,23,30,11,19,0,0,0,0,0,0,0,0,0,6,2,4
BAYLOR COUNTY,023,31 Years,30,13,17,24,11,13,0,0,0,0,0,0,0,0,0,6,2,4
BAYLOR COUNTY,023,32 Years,34,17,17,29,15,14,1,1,0,0,0,0,0,0,0,4,1,3
BAYLOR COUNTY,023,33 Years,48,25,23,43,23,20,0,0,0,0,0,0,0,0,0,5,2,3
BAYLOR COUNTY,023,34 Years,44,22,22,36,18,18,0,0,0,0,0,0,0,0,0,8,4,4
BAYLOR COUNTY,023,35 Years,30,16,14,25,13,12,0,0,0,0,0,0,0,0,0,5,3,2
BAYLOR COUNTY,023,36 Years,36,15,21,32,12,20,0,0,0,0,0,0,0,0,0,4,3,1
BAYLOR COUNTY,023,37 Years,40,20,20,34,19,15,0,0,0,0,0,0,1,0,1,5,1,4
BAYLOR COUNTY,023,38 Years,44,26,18,29,17,12,1,1,0,0,0,0,1,1,0,13,7,6
BAYLOR COUNTY,023,39 Years,39,22,17,27,16,11,0,0,0,1,0,1,0,0,0,11,6,5
BAYLOR COUNTY,023,40 Years,36,19,17,33,18,15,1,0,1,0,0,0,0,0,0,2,1,1
BAYLOR COUNTY,023,41 Years,38,17,21,34,14,20,0,0,0,0,0,0,0,0,0,4,3,1
BAYLOR COUNTY,023,42 Years,35,17,18,29,14,15,0,0,0,0,0,0,0,0,0,6,3,3
BAYLOR COUNTY,023,43 Years,31,15,16,27,13,14,0,0,0,0,0,0,0,0,0,4,2,2
BAYLOR COUNTY,023,44 Years,24,11,13,21,9,12,0,0,0,0,0,0,0,0,0,3,2,1
BAYLOR COUNTY,023,45 Years,35,18,17,29,15,14,2,2,0,0,0,0,0,0,0,4,1,3
BAYLOR COUNTY,023,46 Years,33,18,15,29,15,14,2,2,0,0,0,0,0,0,0,2,1,1
BAYLOR COUNTY,023,47 Years,43,19,24,39,17,22,1,1,0,0,0,0,0,0,0,3,1,2
BAYLOR COUNTY,023,48 Years,39,18,21,33,16,17,0,0,0,0,0,0,0,0,0,6,2,4
BAYLOR COUNTY,023,49 Years,54,30,24,48,26,22,0,0,0,0,0,0,0,0,0,6,4,2
BAYLOR COUNTY,023,50 Years,43,22,21,38,20,18,1,0,1,0,0,0,0,0,0,4,2,2
BAYLOR COUNTY,023,51 Years,39,14,25,33,11,22,1,0,1,0,0,0,0,0,0,5,3,2
BAYLOR COUNTY,023,52 Years,44,17,27,37,14,23,1,0,1,0,0,0,0,0,0,6,3,3
BAYLOR COUNTY,023,53 Years,52,24,28,44,21,23,3,1,2,0,0,0,0,0,0,5,2,3
BAYLOR COUNTY,023,54 Years,55,28,27,47,25,22,2,1,1,0,0,0,0,0,0,6,2,4
BAYLOR COUNTY,023,55 Years,50,29,21,42,22,20,3,3,0,0,0,0,0,0,0,5,4,1
BAYLOR COUNTY,023,56 Years,48,28,20,43,25,18,1,1,0,0,0,0,0,0,0,4,2,2
BAYLOR COUNTY,023,57 Years,49,26,23,42,22,20,0,0,0,0,0,0,0,0,0,7,4,3
BAYLOR COUNTY,023,58 Years,56,33,23,51,31,20,1,0,1,0,0,0,1,1,0,3,1,2
BAYLOR COUNTY,023,59 Years,52,25,27,43,23,20,2,0,2,0,0,0,0,0,0,7,2,5
BAYLOR COUNTY,023,60 Years,64,31,33,54,27,27,3,1,2,0,0,0,1,0,1,6,3,3
BAYLOR COUNTY,023,61 Years,58,25,33,49,22,27,2,1,1,0,0,0,0,0,0,7,2,5
BAYLOR COUNTY,023,62 Years,64,32,32,54,28,26,1,1,0,0,0,0,0,0,0,9,3,6
BAYLOR COUNTY,023,63 Years,55,34,21,44,27,17,1,1,0,0,0,0,1,1,0,9,5,4
BAYLOR COUNTY,023,64 Years,57,30,27,49,27,22,1,1,0,0,0,0,2,0,2,5,2,3
BAYLOR COUNTY,023,65 Years,49,28,21,44,25,19,0,0,0,0,0,0,3,2,1,2,1,1
BAYLOR COUNTY,023,66 Years,53,28,25,46,24,22,1,0,1,0,0,0,3,3,0,3,1,2
BAYLOR COUNTY,023,67 Years,50,24,26,43,20,23,1,1,0,0,0,0,2,0,2,4,3,1
BAYLOR COUNTY,023,68 Years,46,23,23,40,20,20,0,0,0,0,0,0,2,0,2,4,3,1
BAYLOR COUNTY,023,69 Years,45,20,25,38,17,21,1,1,0,0,0,0,2,0,2,4,2,2
BAYLOR COUNTY,023,70 Years,38,16,22,35,15,20,1,1,0,1,0,1,1,0,1,0,0,0
BAYLOR COUNTY,023,71 Years,37,15,22,32,13,19,1,0,1,0,0,0,1,0,1,3,2,1
BAYLOR COUNTY,023,72 Years,39,19,20,34,15,19,0,0,0,0,0,0,1,1,0,4,3,1
BAYLOR COUNTY,023,73 Years,42,17,25,35,14,21,3,0,3,0,0,0,0,0,0,4,3,1
BAYLOR COUNTY,023,74 Years,32,14,18,25,11,14,2,0,2,0,0,0,2,1,1,3,2,1
BAYLOR COUNTY,023,75 Years,49,23,26,44,20,24,0,0,0,0,0,0,1,1,0,4,2,2
BAYLOR COUNTY,023,76 Years,46,22,24,41,21,20,1,0,1,0,0,0,1,0,1,3,1,2
BAYLOR COUNTY,023,77 Years,36,19,17,35,18,17,1,1,0,0,0,0,0,0,0,0,0,0
BAYLOR COUNTY,023,78 Years,32,12,20,30,11,19,2,1,1,0,0,0,0,0,0,0,0,0
BAYLOR COUNTY,023,79 Years,30,12,18,26,11,15,1,0,1,0,0,0,0,0,0,3,1,2
BAYLOR COUNTY,023,80 Years,28,18,10,24,15,9,1,1,0,0,0,0,0,0,0,3,2,1
BAYLOR COUNTY,023,81 Years,32,21,11,28,20,8,1,0,1,1,0,1,0,0,0,2,1,1
BAYLOR COUNTY,023,82 Years,24,13,11,22,12,10,1,0,1,0,0,0,0,0,0,1,1,0
BAYLOR COUNTY,023,83 Years,30,11,19,27,9,18,1,1,0,1,0,1,0,0,0,1,1,0
BAYLOR COUNTY,023,84 Years,33,12,21,29,12,17,1,0,1,1,0,1,0,0,0,2,0,2
BAYLOR COUNTY,023,85 Years,22,10,12,17,8,9,1,1,0,0,0,0,0,0,0,4,1,3
BAYLOR COUNTY,023,86 Years,23,5,18,19,4,15,2,1,1,0,0,0,0,0,0,2,0,2
BAYLOR COUNTY,023,87 Years,15,5,10,12,4,8,1,0,1,0,0,0,0,0,0,2,1,1
BAYLOR COUNTY,023,88 Years,12,4,8,9,4,5,1,0,1,0,0,0,2,0,2,0,0,0
BAYLOR COUNTY,023,89 Years,8,4,4,7,3,4,1,1,0,0,0,0,0,0,0,0,0,0
BAYLOR COUNTY,023,90 Years,8,3,5,7,3,4,0,0,0,0,0,0,0,0,0,1,0,1
BAYLOR COUNTY,023,91 Years,10,2,8,10,2,8,0,0,0,0,0,0,0,0,0,0,0,0
BAYLOR COUNTY,023,92 Years,10,5,5,8,4,4,0,0,0,0,0,0,0,0,0,2,1,1
BAYLOR COUNTY,023,93 Years,5,3,2,4,2,2,0,0,0,0,0,0,0,0,0,1,1,0
BAYLOR COUNTY,023,94 Years,5,2,3,4,2,2,0,0,0,0,0,0,1,0,1,0,0,0
BAYLOR COUNTY,023,95 Years +,20,6,14,14,4,10,1,1,0,0,0,0,1,0,1,4,1,3
BEE COUNTY,025,All Ages,33240,20117,13123,10251,6375,3876,2660,2430,230,176,84,92,352,174,178,19801,11054,8747
BEE COUNTY,025,< 1 Year,375,175,200,76,31,45,18,11,7,1,0,1,9,2,7,271,131,140
BEE COUNTY,025,1 Years,383,188,195,77,37,40,15,9,6,2,1,1,7,2,5,282,139,143
BEE COUNTY,025,2 Years,425,214,211,85,44,41,13,8,5,2,1,1,7,3,4,318,158,160
BEE COUNTY,025,3 Years,456,235,221,85,46,39,13,8,5,1,1,0,6,4,2,351,176,175
BEE COUNTY,025,4 Years,470,247,223,86,49,37,12,7,5,1,1,0,7,3,4,364,187,177
BEE COUNTY,025,5 Years,450,238,212,85,44,41,12,8,4,1,0,1,6,2,4,346,184,162
BEE COUNTY,025,6 Years,435,230,205,87,45,42,9,5,4,1,0,1,6,2,4,332,178,154
BEE COUNTY,025,7 Years,419,212,207,79,37,42,11,4,7,2,2,0,9,5,4,318,164,154
BEE COUNTY,025,8 Years,421,197,224,84,31,53,20,17,3,1,1,0,9,2,7,307,146,161
BEE COUNTY,025,9 Years,369,184,185,75,35,40,18,16,2,2,2,0,7,4,3,267,127,140
BEE COUNTY,025,10 Years,370,189,181,73,39,34,17,15,2,2,1,1,9,3,6,269,131,138
BEE COUNTY,025,11 Years,405,203,202,91,48,43,7,5,2,1,1,0,6,3,3,300,146,154
BEE COUNTY,025,12 Years,397,214,183,86,46,40,3,2,1,2,1,1,8,3,5,298,162,136
BEE COUNTY,025,13 Years,375,191,184,85,49,36,5,3,2,2,2,0,5,3,2,278,134,144
BEE COUNTY,025,14 Years,367,187,180,75,39,36,3,1,2,2,2,0,5,4,1,282,141,141
BEE COUNTY,025,15 Years,378,183,195,78,41,37,7,4,3,1,1,0,9,5,4,283,132,151
BEE COUNTY,025,16 Years,352,190,162,66,36,30,7,5,2,2,1,1,3,2,1,274,146,128
BEE COUNTY,025,17 Years,389,203,186,73,43,30,12,11,1,1,0,1,3,3,0,300,146,154
BEE COUNTY,025,18 Years,464,277,187,90,55,35,22,19,3,4,3,1,8,6,2,340,194,146
BEE COUNTY,025,19 Years,469,305,164,97,62,35,53,51,2,1,1,0,5,3,2,313,188,125
BEE COUNTY,025,20 Years,516,358,158,112,83,29,49,47,2,2,2,0,6,5,1,347,221,126
BEE COUNTY,025,21 Years,524,373,151,107,79,28,68,66,2,2,2,0,7,5,2,340,221,119
BEE COUNTY,025,22 Years,517,358,159,107,70,37,57,56,1,1,1,0,7,6,1,345,225,120
BEE COUNTY,025,23 Years,566,389,177,143,99,44,65,62,3,2,1,1,5,4,1,351,223,128
BEE COUNTY,025,24 Years,565,397,168,163,127,36,54,50,4,1,0,1,4,1,3,343,219,124
BEE COUNTY,025,25 Years,589,398,191,162,113,49,61,57,4,2,1,1,9,5,4,355,222,133
BEE COUNTY,025,26 Years,627,409,218,177,113,64,74,69,5,2,1,1,8,3,5,366,223,143
BEE COUNTY,025,27 Years,713,500,213,225,148,77,98,93,5,7,6,1,2,1,1,381,252,129
BEE COUNTY,025,28 Years,655,446,209,201,138,63,89,82,7,3,2,1,1,0,1,361,224,137
BEE COUNTY,025,29 Years,644,460,184,205,149,56,79,74,5,2,1,1,5,3,2,353,233,120
BEE COUNTY,025,30 Years,564,408,156,166,126,40,61,60,1,1,1,0,4,1,3,332,220,112
BEE COUNTY,025,31 Years,605,441,164,172,131,41,77,77,0,1,0,1,6,2,4,349,231,118
BEE COUNTY,025,32 Years,553,388,165,170,122,48,70,67,3,2,1,1,4,2,2,307,196,111
BEE COUNTY,025,33 Years,549,379,170,167,121,46,74,71,3,0,0,0,4,1,3,304,186,118
BEE COUNTY,025,34 Years,576,403,173,158,119,39,72,70,2,2,1,1,5,3,2,339,210,129
BEE COUNTY,025,35 Years,549,381,168,161,122,39,60,58,2,2,1,1,3,2,1,323,198,125
BEE COUNTY,025,36 Years,528,372,156,158,119,39,62,57,5,1,1,0,3,0,3,304,195,109
BEE COUNTY,025,37 Years,528,372,156,160,121,39,54,53,1,3,2,1,4,2,2,307,194,113
BEE COUNTY,025,38 Years,518,365,153,174,130,44,60,57,3,0,0,0,7,5,2,277,173,104
BEE COUNTY,025,39 Years,515,393,122,177,148,29,70,67,3,3,1,2,1,1,0,264,176,88
BEE COUNTY,025,40 Years,451,322,129,154,122,32,53,50,3,3,1,2,6,3,3,235,146,89
BEE COUNTY,025,41 Years,440,301,139,147,113,34,52,52,0,2,0,2,5,2,3,234,134,100
BEE COUNTY,025,42 Years,421,289,132,136,103,33,54,53,1,1,0,1,4,3,1,226,130,96
BEE COUNTY,025,43 Years,408,277,131,148,110,38,49,49,0,4,2,2,4,3,1,203,113,90
BEE COUNTY,025,44 Years,424,290,134,150,111,39,46,45,1,3,1,2,2,1,1,223,132,91
BEE COUNTY,025,45 Years,406,273,133,130,91,39,54,54,0,4,1,3,3,2,1,215,125,90
BEE COUNTY,025,46 Years,426,288,138,142,101,41,50,50,0,3,1,2,4,2,2,227,134,93
BEE COUNTY,025,47 Years,442,301,141,168,121,47,45,43,2,3,3,0,5,2,3,221,132,89
BEE COUNTY,025,48 Years,432,289,143,143,105,38,43,41,2,4,1,3,7,5,2,235,137,98
BEE COUNTY,025,49 Years,432,304,128,160,116,44,46,43,3,2,0,2,2,1,1,222,144,78
BEE COUNTY,025,50 Years,363,234,129,126,83,43,46,44,2,2,1,1,2,1,1,187,105,82
BEE COUNTY,025,51 Years,377,223,154,132,83,49,33,32,1,5,3,2,4,3,1,203,102,101
BEE COUNTY,025,52 Years,391,253,138,142,92,50,47,44,3,3,1,2,2,1,1,197,115,82
BEE COUNTY,025,53 Years,400,259,141,119,85,34,49,45,4,6,3,3,5,3,2,221,123,98
BEE COUNTY,025,54 Years,403,254,149,131,84,47,40,39,1,4,3,1,2,0,2,226,128,98
BEE COUNTY,025,55 Years,364,212,152,130,78,52,33,30,3,1,1,0,3,2,1,197,101,96
BEE COUNTY,025,56 Years,342,188,154,118,67,51,31,27,4,2,1,1,2,0,2,189,93,96
BEE COUNTY,025,57 Years,359,210,149,133,74,59,32,29,3,6,2,4,3,1,2,185,104,81
BEE COUNTY,025,58 Years,334,187,147,131,74,57,24,20,4,2,0,2,2,0,2,175,93,82
BEE COUNTY,025,59 Years,334,183,151,132,78,54,18,14,4,2,0,2,1,0,1,181,91,90
BEE COUNTY,025,60 Years,342,182,160,144,81,63,23,20,3,1,0,1,2,0,2,172,81,91
BEE COUNTY,025,61 Years,317,178,139,143,78,65,17,13,4,2,0,2,3,0,3,152,87,65
BEE COUNTY,025,62 Years,328,168,160,145,71,74,12,9,3,2,0,2,3,1,2,166,87,79
BEE COUNTY,025,63 Years,329,174,155,138,71,67,15,11,4,1,0,1,4,4,0,171,88,83
BEE COUNTY,025,64 Years,298,160,138,128,68,60,14,12,2,1,0,1,2,2,0,153,78,75
BEE COUNTY,025,65 Years,297,159,138,127,66,61,14,11,3,2,0,2,4,1,3,150,81,69
BEE COUNTY,025,66 Years,275,135,140,109,49,60,12,9,3,2,1,1,2,0,2,150,76,74
BEE COUNTY,025,67 Years,263,122,141,112,52,60,7,7,0,2,1,1,1,1,0,141,61,80
BEE COUNTY,025,68 Years,242,115,127,112,52,60,4,3,1,2,1,1,1,1,0,123,58,65
BEE COUNTY,025,69 Years,235,106,129,98,48,50,3,1,2,3,0,3,1,1,0,130,56,74
BEE COUNTY,025,70 Years,267,128,139,121,64,57,5,1,4,1,0,1,3,1,2,137,62,75
BEE COUNTY,025,71 Years,235,107,128,108,51,57,4,1,3,2,2,0,4,1,3,117,52,65
BEE COUNTY,025,72 Years,193,95,98,84,44,40,3,0,3,2,1,1,2,1,1,102,49,53
BEE COUNTY,025,73 Years,192,88,104,90,41,49,5,1,4,1,0,1,3,1,2,93,45,48
BEE COUNTY,025,74 Years,185,85,100,88,43,45,5,3,2,1,0,1,3,1,2,88,38,50
BEE COUNTY,025,75 Years,186,78,108,96,43,53,3,1,2,1,1,0,1,0,1,85,33,52
BEE COUNTY,025,76 Years,146,62,84,76,35,41,5,2,3,2,1,1,0,0,0,63,24,39
BEE COUNTY,025,77 Years,141,64,77,67,33,34,6,1,5,1,0,1,3,3,0,64,27,37
BEE COUNTY,025,78 Years,144,62,82,69,31,38,4,3,1,1,0,1,1,1,0,69,27,42
BEE COUNTY,025,79 Years,123,58,65,66,32,34,3,3,0,1,0,1,0,0,0,53,23,30
BEE COUNTY,025,80 Years,113,52,61,52,25,27,3,2,1,1,1,0,2,1,1,55,23,32
BEE COUNTY,025,81 Years,98,44,54,48,23,25,5,2,3,1,1,0,1,1,0,43,17,26
BEE COUNTY,025,82 Years,99,39,60,43,19,24,1,0,1,1,0,1,1,1,0,53,19,34
BEE COUNTY,025,83 Years,95,40,55,44,19,25,3,3,0,0,0,0,1,0,1,47,18,29
BEE COUNTY,025,84 Years,83,39,44,37,15,22,2,2,0,0,0,0,1,0,1,43,22,21
BEE COUNTY,025,85 Years,77,31,46,33,13,20,1,1,0,2,1,1,0,0,0,41,16,25
BEE COUNTY,025,86 Years,69,26,43,32,12,20,1,1,0,2,1,1,0,0,0,34,12,22
BEE COUNTY,025,87 Years,59,21,38,30,12,18,0,0,0,0,0,0,1,0,1,28,9,19
BEE COUNTY,025,88 Years,57,22,35,31,13,18,0,0,0,0,0,0,2,0,2,24,9,15
BEE COUNTY,025,89 Years,50,21,29,24,10,14,0,0,0,1,0,1,0,0,0,25,11,14
BEE COUNTY,025,90 Years,37,13,24,18,8,10,1,0,1,1,0,1,1,0,1,16,5,11
BEE COUNTY,025,91 Years,38,12,26,19,7,12,0,0,0,1,0,1,0,0,0,18,5,13
BEE COUNTY,025,92 Years,24,11,13,12,5,7,0,0,0,0,0,0,0,0,0,12,6,6
BEE COUNTY,025,93 Years,23,10,13,11,4,7,0,0,0,0,0,0,1,0,1,11,6,5
BEE COUNTY,025,94 Years,20,6,14,9,4,5,1,0,1,0,0,0,1,0,1,9,2,7
BEE COUNTY,025,95 Years +,41,15,26,17,7,10,2,1,1,2,0,2,0,0,0,20,7,13
BELL COUNTY,027,All Ages,353634,177731,175903,159607,80489,79118,74902,38037,36865,10676,4408,6268,17617,8646,8971,90832,46151,44681
BELL COUNTY,027,< 1 Year,5990,3038,2952,1983,1015,968,1246,623,623,99,53,46,481,254,227,2181,1093,1088
BELL COUNTY,027,1 Years,5958,3021,2937,1983,1015,968,1224,608,616,97,51,46,468,242,226,2186,1105,1081
BELL COUNTY,027,2 Years,6148,3122,3026,2163,1111,1052,1239,614,625,113,63,50,516,275,241,2117,1059,1058
BELL COUNTY,027,3 Years,6195,3149,3046,2288,1170,1118,1236,607,629,117,63,54,538,284,254,2016,1025,991
BELL COUNTY,027,4 Years,6247,3203,3044,2417,1239,1178,1220,608,612,128,67,61,576,299,277,1906,990,916
BELL COUNTY,027,5 Years,6119,3121,2998,2408,1218,1190,1170,590,580,130,65,65,548,272,276,1863,976,887
BELL COUNTY,027,6 Years,6102,3132,2970,2417,1219,1198,1158,594,564,131,65,66,544,272,272,1852,982,870
BELL COUNTY,027,7 Years,6149,3155,2994,2447,1241,1206,1176,593,583,129,66,63,535,269,266,1862,986,876
BELL COUNTY,027,8 Years,5380,2834,2546,2100,1147,953,1045,546,499,108,51,57,466,244,222,1661,846,815
BELL COUNTY,027,9 Years,5749,2975,2774,2184,1159,1025,1144,581,563,104,54,50,547,268,279,1770,913,857
BELL COUNTY,027,10 Years,5785,2979,2806,2246,1152,1094,1186,607,579,100,50,50,514,261,253,1739,909,830
BELL COUNTY,027,11 Years,5687,2924,2763,2101,1104,997,1224,631,593,98,41,57,468,239,229,1796,909,887
BELL COUNTY,027,12 Years,5526,2847,2679,2030,1035,995,1242,640,602,93,47,46,423,214,209,1738,911,827
BELL COUNTY,027,13 Years,5339,2735,2604,1977,1028,949,1197,595,602,100,62,38,431,218,213,1634,832,802
BELL COUNTY,027,14 Years,5202,2703,2499,1972,1036,936,1098,551,547,93,46,47,397,205,192,1642,865,777
BELL COUNTY,027,15 Years,4999,2570,2429,1882,957,925,1121,567,554,104,53,51,339,181,158,1553,812,741
BELL COUNTY,027,16 Years,5148,2663,2485,1929,990,939,1190,610,580,102,57,45,324,165,159,1603,841,762
BELL COUNTY,027,17 Years,5362,2809,2553,2003,1065,938,1236,647,589,130,78,52,314,165,149,1679,854,825
BELL COUNTY,027,18 Years,5336,2799,2537,1963,1029,934,1207,640,567,117,73,44,313,170,143,1736,887,849
BELL COUNTY,027,19 Years,5075,2792,2283,1872,1046,826,1144,628,516,115,75,40,278,138,140,1666,905,761
BELL COUNTY,027,20 Years,5506,2995,2511,2146,1174,972,1218,728,490,150,71,79,272,128,144,1720,894,826
BELL COUNTY,027,21 Years,5678,3159,2519,2479,1417,1062,1183,697,486,127,73,54,281,144,137,1608,828,780
BELL COUNTY,027,22 Years,6075,3369,2706,2621,1474,1147,1337,756,581,184,107,77,275,143,132,1658,889,769
BELL COUNTY,027,23 Years,6452,3547,2905,2797,1594,1203,1474,761,713,186,90,96,266,142,124,1729,960,769
BELL COUNTY,027,24 Years,6749,3628,3121,2889,1560,1329,1661,896,765,210,104,106,285,141,144,1704,927,777
BELL COUNTY,027,25 Years,6609,3579,3030,2862,1594,1268,1684,906,778,246,120,126,273,145,128,1544,814,730
BELL COUNTY,027,26 Years,6145,3260,2885,2650,1429,1221,1520,824,696,253,118,135,283,146,137,1439,743,696
BELL COUNTY,027,27 Years,6650,3458,3192,3009,1590,1419,1505,779,726,261,119,142,293,148,145,1582,822,760
BELL COUNTY,027,28 Years,6338,3153,3185,2902,1422,1480,1430,696,734,190,104,86,282,126,156,1534,805,729
BELL COUNTY,027,29 Years,6067,3066,3001,2774,1373,1401,1331,682,649,208,113,95,272,114,158,1482,784,698
BELL COUNTY,027,30 Years,5975,3080,2895,2717,1429,1288,1301,670,631,209,91,118,261,110,151,1487,780,707
BELL COUNTY,027,31 Years,5487,2811,2676,2340,1238,1102,1218,627,591,202,90,112,252,104,148,1475,752,723
BELL COUNTY,027,32 Years,5316,2729,2587,2162,1168,994,1238,625,613,184,66,118,276,129,147,1456,741,715
BELL COUNTY,027,33 Years,5158,2642,2516,1994,1052,942,1184,602,582,152,79,73,268,127,141,1560,782,778
BELL COUNTY,027,34 Years,4954,2495,2459,1895,967,928,1166,600,566,143,83,60,252,123,129,1498,722,776
BELL COUNTY,027,35 Years,4984,2493,2491,1923,963,960,1165,597,568,143,78,65,256,124,132,1497,731,766
BELL COUNTY,027,36 Years,4984,2487,2497,1901,970,931,1193,615,578,170,74,96,248,113,135,1472,715,757
BELL COUNTY,027,37 Years,4936,2455,2481,1922,972,950,1177,600,577,168,69,99,241,111,130,1428,703,725
BELL COUNTY,027,38 Years,4944,2505,2439,1921,964,957,1223,647,576,165,67,98,229,99,130,1406,728,678
BELL COUNTY,027,39 Years,4614,2316,2298,1922,961,961,1114,579,535,125,53,72,201,90,111,1252,633,619
BELL COUNTY,027,40 Years,4419,2164,2255,1876,932,944,1023,518,505,132,49,83,216,103,113,1172,562,610
BELL COUNTY,027,41 Years,4257,2134,2123,1854,933,921,961,490,471,136,49,87,181,90,91,1125,572,553
BELL COUNTY,027,42 Years,4062,2015,2047,1813,912,901,883,433,450,147,61,86,157,79,78,1062,530,532
BELL COUNTY,027,43 Years,4080,2004,2076,1824,906,918,907,450,457,137,51,86,157,69,88,1055,528,527
BELL COUNTY,027,44 Years,3854,1889,1965,1769,884,885,866,439,427,125,46,79,154,67,87,940,453,487
BELL COUNTY,027,45 Years,3882,1891,1991,1827,891,936,864,442,422,145,50,95,148,63,85,898,445,453
BELL COUNTY,027,46 Years,3964,1986,1978,1924,978,946,885,457,428,118,44,74,134,57,77,903,450,453
BELL COUNTY,027,47 Years,3921,1896,2025,1932,968,964,891,428,463,120,46,74,116,45,71,862,409,453
BELL COUNTY,027,48 Years,3833,1830,2003,1901,914,987,873,430,443,121,43,78,117,53,64,821,390,431
BELL COUNTY,027,49 Years,3574,1710,1864,1750,826,924,826,406,420,122,49,73,98,46,52,778,383,395
BELL COUNTY,027,50 Years,3497,1671,1826,1673,812,861,783,381,402,120,41,79,101,40,61,820,397,423
BELL COUNTY,027,51 Years,3408,1692,1716,1700,863,837,771,375,396,106,36,70,92,37,55,739,381,358
BELL COUNTY,027,52 Years,3463,1715,1748,1736,867,869,798,403,395,122,44,78,84,42,42,723,359,364
BELL COUNTY,027,53 Years,3691,1810,1881,1860,942,918,837,400,437,149,55,94,88,40,48,757,373,384
BELL COUNTY,027,54 Years,3709,1752,1957,1922,941,981,810,377,433,143,46,97,96,37,59,738,351,387
BELL COUNTY,027,55 Years,3618,1721,1897,1891,904,987,803,386,417,125,46,79,76,32,44,723,353,370
BELL COUNTY,027,56 Years,3546,1673,1873,1836,879,957,835,379,456,143,54,89,83,34,49,649,327,322
BELL COUNTY,027,57 Years,3433,1572,1861,1809,834,975,810,364,446,120,47,73,80,34,46,614,293,321
BELL COUNTY,027,58 Years,3580,1733,1847,1916,947,969,792,380,412,147,51,96,74,37,37,651,318,333
BELL COUNTY,027,59 Years,3281,1560,1721,1758,840,918,725,355,370,130,45,85,58,30,28,610,290,320
BELL COUNTY,027,60 Years,3262,1572,1690,1789,882,907,653,333,320,137,32,105,77,33,44,606,292,314
BELL COUNTY,027,61 Years,3256,1553,1703,1794,856,938,661,344,317,153,33,120,71,36,35,577,284,293
BELL COUNTY,027,62 Years,3073,1412,1661,1727,801,926,624,297,327,130,27,103,57,29,28,535,258,277
BELL COUNTY,027,63 Years,3002,1423,1579,1712,820,892,550,270,280,144,32,112,68,35,33,528,266,262
BELL COUNTY,027,64 Years,2814,1321,1493,1668,758,910,503,269,234,132,36,96,58,30,28,453,228,225
BELL COUNTY,027,65 Years,2617,1254,1363,1570,761,809,460,235,225,138,34,104,51,19,32,398,205,193
BELL COUNTY,027,66 Years,2431,1127,1304,1466,717,749,415,186,229,114,25,89,47,18,29,389,181,208
BELL COUNTY,027,67 Years,2409,1128,1281,1456,712,744,400,188,212,120,23,97,42,19,23,391,186,205
BELL COUNTY,027,68 Years,2412,1116,1296,1511,727,784,387,175,212,118,21,97,56,20,36,340,173,167
BELL COUNTY,027,69 Years,2348,1121,1227,1508,741,767,349,165,184,102,23,79,60,25,35,329,167,162
BELL COUNTY,027,70 Years,2282,1063,1219,1505,701,804,322,166,156,98,21,77,56,29,27,301,146,155
BELL COUNTY,027,71 Years,2258,1070,1188,1552,751,801,283,144,139,88,18,70,43,21,22,292,136,156
BELL COUNTY,027,72 Years,1800,840,960,1179,571,608,248,111,137,81,18,63,35,17,18,257,123,134
BELL COUNTY,027,73 Years,1640,758,882,1078,509,569,215,102,113,66,18,48,38,16,22,243,113,130
BELL COUNTY,027,74 Years,1555,723,832,1048,496,552,201,98,103,60,13,47,28,16,12,218,100,118
BELL COUNTY,027,75 Years,1461,678,783,1002,480,522,206,96,110,55,16,39,31,14,17,167,72,95
BELL COUNTY,027,76 Years,1385,633,752,942,438,504,186,93,93,52,15,37,25,13,12,180,74,106
BELL COUNTY,027,77 Years,1297,587,710,891,406,485,178,80,98,47,14,33,25,13,12,156,74,82
BELL COUNTY,027,78 Years,1165,514,651,808,367,441,149,62,87,42,11,31,21,12,9,145,62,83
BELL COUNTY,027,79 Years,1019,464,555,724,331,393,122,58,64,38,9,29,11,5,6,124,61,63
BELL COUNTY,027,80 Years,980,424,556,722,325,397,102,43,59,35,8,27,9,4,5,112,44,68
BELL COUNTY,027,81 Years,916,382,534,674,293,381,90,33,57,30,8,22,15,7,8,107,41,66
BELL COUNTY,027,82 Years,822,344,478,594,258,336,81,33,48,26,6,20,14,7,7,107,40,67
BELL COUNTY,027,83 Years,744,310,434,537,231,306,81,34,47,23,5,18,15,6,9,88,34,54
BELL COUNTY,027,84 Years,681,289,392,500,217,283,74,28,46,20,5,15,11,5,6,76,34,42
BELL COUNTY,027,85 Years,630,257,373,458,196,262,77,27,50,22,4,18,11,5,6,62,25,37
BELL COUNTY,027,86 Years,546,219,327,401,169,232,64,22,42,20,3,17,11,4,7,50,21,29
BELL COUNTY,027,87 Years,466,191,275,352,148,204,54,19,35,15,4,11,8,3,5,37,17,20
BELL COUNTY,027,88 Years,435,166,269,326,127,199,44,17,27,20,4,16,6,2,4,39,16,23
BELL COUNTY,027,89 Years,377,137,240,287,101,186,37,15,22,13,4,9,5,2,3,35,15,20
BELL COUNTY,027,90 Years,293,108,185,228,82,146,23,8,15,11,5,6,2,1,1,29,12,17
BELL COUNTY,027,91 Years,245,85,160,190,66,124,22,6,16,8,3,5,3,1,2,22,9,13
BELL COUNTY,027,92 Years,209,68,141,162,54,108,20,5,15,6,2,4,2,0,2,19,7,12
BELL COUNTY,027,93 Years,170,54,116,135,42,93,13,4,9,6,2,4,2,0,2,14,6,8
BELL COUNTY,027,94 Years,131,39,92,101,29,72,11,3,8,4,1,3,3,1,2,12,5,7
BELL COUNTY,027,95 Years +,314,85,229,248,66,182,29,8,21,10,3,7,4,1,3,23,7,16
BEXAR COUNTY,029,All Ages,1979294,978034,1001260,541124,271727,269397,144254,72374,71880,56130,25976,30154,43812,21875,21937,1193974,586082,607892
BEXAR COUNTY,029,< 1 Year,28115,14436,13679,5003,2579,2424,1792,928,864,567,297,270,1260,651,609,19493,9981,9512
BEXAR COUNTY,029,1 Years,28481,14571,13910,5161,2653,2508,1807,937,870,527,275,252,1228,638,590,19758,10068,9690
BEXAR COUNTY,029,2 Years,29375,14990,14385,5692,2926,2766,1866,958,908,572,287,285,1101,567,534,20144,10252,9892
BEXAR COUNTY,029,3 Years,29976,15300,14676,5977,3062,2915,1896,972,924,605,305,300,1120,580,540,20378,10381,9997
BEXAR COUNTY,029,4 Years,30005,15284,14721,6047,3112,2935,1900,966,934,703,347,356,1131,575,556,20224,10284,9940
BEXAR COUNTY,029,5 Years,29628,15118,14510,6003,3115,2888,1856,939,917,711,358,353,1079,553,526,19979,10153,9826
BEXAR COUNTY,029,6 Years,29147,14806,14341,5920,3073,2847,1831,922,909,681,335,346,993,503,490,19722,9973,9749
BEXAR COUNTY,029,7 Years,29122,14812,14310,5940,3079,2861,1804,909,895,662,328,334,931,478,453,19785,10018,9767
BEXAR COUNTY,029,8 Years,27889,14189,13700,5565,2836,2729,1740,852,888,600,300,300,831,446,385,19153,9755,9398
BEXAR COUNTY,029,9 Years,27334,13988,13346,5307,2728,2579,1784,888,896,604,296,308,816,434,382,18823,9642,9181
BEXAR COUNTY,029,10 Years,27997,14281,13716,5407,2790,2617,1866,932,934,638,299,339,770,395,375,19316,9865,9451
BEXAR COUNTY,029,11 Years,27948,14211,13737,5362,2719,2643,1862,922,940,654,289,365,771,424,347,19299,9857,9442
BEXAR COUNTY,029,12 Years,27550,13944,13606,5287,2653,2634,1850,912,938,634,298,336,789,418,371,18990,9663,9327
BEXAR COUNTY,029,13 Years,27103,13634,13469,5135,2611,2524,1801,878,923,573,267,306,801,417,384,18793,9461,9332
BEXAR COUNTY,029,14 Years,27002,13492,13510,5069,2520,2549,1848,916,932,574,268,306,753,392,361,18758,9396,9362
BEXAR COUNTY,029,15 Years,26872,13431,13441,5020,2569,2451,1881,935,946,587,281,306,723,382,341,18661,9264,9397
BEXAR COUNTY,029,16 Years,26594,13502,13092,4892,2533,2359,2030,1027,1003,543,250,293,719,376,343,18410,9316,9094
BEXAR COUNTY,029,17 Years,28113,14527,13586,5751,3213,2538,2237,1193,1044,631,333,298,741,368,373,18753,9420,9333
BEXAR COUNTY,029,18 Years,29359,15259,14100,6136,3433,2703,2421,1260,1161,755,388,367,730,373,357,19317,9805,9512
BEXAR COUNTY,029,19 Years,32091,17132,14959,7637,4492,3145,2811,1449,1362,966,574,392,835,434,401,19842,10183,9659
BEXAR COUNTY,029,20 Years,29361,15289,14072,6477,3683,2794,2614,1294,1320,877,473,404,799,425,374,18594,9414,9180
BEXAR COUNTY,029,21 Years,30047,15592,14455,6756,3756,3000,2633,1299,1334,919,509,410,818,426,392,18921,9602,9319
BEXAR COUNTY,029,22 Years,30504,15864,14640,7194,3967,3227,2505,1339,1166,975,532,443,804,392,412,19026,9634,9392
BEXAR COUNTY,029,23 Years,31203,16193,15010,7557,4059,3498,2403,1307,1096,1079,601,478,790,362,428,19374,9864,9510
BEXAR COUNTY,029,24 Years,32122,16845,15277,7976,4325,3651,2484,1332,1152,1170,666,504,752,373,379,19740,10149,9591
BEXAR COUNTY,029,25 Years,31655,16431,15224,7769,4127,3642,2301,1214,1087,1154,645,509,732,368,364,19699,10077,9622
BEXAR COUNTY,029,26 Years,32609,16908,15701,8238,4323,3915,2366,1244,1122,1235,664,571,755,368,387,20015,10309,9706
BEXAR COUNTY,029,27 Years,32434,16878,15556,9033,4807,4226,2188,1242,946,1054,443,611,813,390,423,19346,9996,9350
BEXAR COUNTY,029,28 Years,31082,15925,15157,8233,4300,3933,1996,1118,878,998,431,567,690,350,340,19165,9726,9439
BEXAR COUNTY,029,29 Years,31085,16067,15018,8912,4789,4123,2021,1128,893,1070,477,593,604,315,289,18478,9358,9120
BEXAR COUNTY,029,30 Years,30095,15798,14297,8543,4622,3921,1935,1102,833,990,445,545,598,316,282,18029,9313,8716
BEXAR COUNTY,029,31 Years,29503,15123,14380,7925,4143,3782,1912,1008,904,989,462,527,569,301,268,18108,9209,8899
BEXAR COUNTY,029,32 Years,29578,14941,14637,7791,3999,3792,1972,1006,966,1076,447,629,596,324,272,18143,9165,8978
BEXAR COUNTY,029,33 Years,29338,14645,14693,7585,3817,3768,2026,1039,987,971,380,591,611,322,289,18145,9087,9058
BEXAR COUNTY,029,34 Years,28589,14237,14352,7217,3581,3636,1993,1010,983,964,432,532,610,319,291,17805,8895,8910
BEXAR COUNTY,029,35 Years,28150,14017,14133,7112,3512,3600,1945,978,967,922,409,513,633,315,318,17538,8803,8735
BEXAR COUNTY,029,36 Years,28478,14136,14342,7593,3795,3798,1998,990,1008,960,463,497,592,276,316,17335,8612,8723
BEXAR COUNTY,029,37 Years,28313,14058,14255,7433,3784,3649,2021,1023,998,976,483,493,588,268,320,17295,8500,8795
BEXAR COUNTY,029,38 Years,27993,13964,14029,7226,3678,3548,2050,1058,992,941,464,477,541,262,279,17235,8502,8733
BEXAR COUNTY,029,39 Years,26339,13219,13120,6849,3593,3256,1983,1010,973,894,426,468,525,263,262,16088,7927,8161
BEXAR COUNTY,029,40 Years,25508,12800,12708,6628,3461,3167,1895,975,920,880,418,462,541,257,284,15564,7689,7875
BEXAR COUNTY,029,41 Years,24698,12141,12557,6289,3169,3120,1787,910,877,843,397,446,481,223,258,15298,7442,7856
BEXAR COUNTY,029,42 Years,24556,12087,12469,6245,3147,3098,1753,908,845,835,401,434,481,233,248,15242,7398,7844
BEXAR COUNTY,029,43 Years,24144,11874,12270,6198,3158,3040,1718,850,868,826,398,428,503,252,251,14899,7216,7683
BEXAR COUNTY,029,44 Years,23739,11570,12169,6036,3073,2963,1733,874,859,852,390,462,483,239,244,14635,6994,7641
BEXAR COUNTY,029,45 Years,24243,11862,12381,6391,3293,3098,1717,858,859,823,365,458,460,220,240,14852,7126,7726
BEXAR COUNTY,029,46 Years,24756,12033,12723,6663,3426,3237,1828,906,922,819,364,455,438,205,233,15008,7132,7876
BEXAR COUNTY,029,47 Years,25246,12293,12953,7174,3629,3545,1953,994,959,810,384,426,462,225,237,14847,7061,7786
BEXAR COUNTY,029,48 Years,24596,12066,12530,7114,3637,3477,1936,991,945,777,356,421,418,202,216,14351,6880,7471
BEXAR COUNTY,029,49 Years,23271,11378,11893,6727,3467,3260,1803,922,881,745,329,416,384,190,194,13612,6470,7142
BEXAR COUNTY,029,50 Years,22182,10767,11415,6417,3301,3116,1838,936,902,683,300,383,353,157,196,12891,6073,6818
BEXAR COUNTY,029,51 Years,21808,10700,11108,6474,3305,3169,1865,964,901,639,285,354,346,172,174,12484,5974,6510
BEXAR COUNTY,029,52 Years,22134,10881,11253,6638,3369,3269,1946,1005,941,652,295,357,371,180,191,12527,6032,6495
BEXAR COUNTY,029,53 Years,23241,11298,11943,7072,3517,3555,2108,1070,1038,664,285,379,374,190,184,13023,6236,6787
BEXAR COUNTY,029,54 Years,23433,11439,11994,7483,3735,3748,2055,1022,1033,669,308,361,382,191,191,12844,6183,6661
BEXAR COUNTY,029,55 Years,23483,11455,12028,7609,3818,3791,2050,1039,1011,691,325,366,407,199,208,12726,6074,6652
BEXAR COUNTY,029,56 Years,22938,11040,11898,7664,3838,3826,1993,978,1015,619,266,353,385,173,212,12277,5785,6492
BEXAR COUNTY,029,57 Years,22856,10960,11896,7685,3777,3908,2046,1001,1045,624,256,368,346,156,190,12155,5770,6385
BEXAR COUNTY,029,58 Years,22310,10753,11557,7495,3672,3823,2023,1026,997,580,245,335,348,175,173,11864,5635,6229
BEXAR COUNTY,029,59 Years,21439,10375,11064,7295,3621,3674,1930,970,960,603,232,371,340,166,174,11271,5386,5885
BEXAR COUNTY,029,60 Years,21108,10141,10967,7414,3638,3776,1835,894,941,569,238,331,362,176,186,10928,5195,5733
BEXAR COUNTY,029,61 Years,20507,9677,10830,7196,3418,3778,1793,877,916,571,232,339,305,127,178,10642,5023,5619
BEXAR COUNTY,029,62 Years,19983,9414,10569,7126,3374,3752,1703,829,874,543,222,321,291,136,155,10320,4853,5467
BEXAR COUNTY,029,63 Years,19342,8921,10421,7020,3271,3749,1645,754,891,505,195,310,291,134,157,9881,4567,5314
BEXAR COUNTY,029,64 Years,18410,8385,10025,6724,3101,3623,1529,714,815,485,164,321,275,113,162,9397,4293,5104
BEXAR COUNTY,029,65 Years,18018,8345,9673,6831,3253,3578,1488,719,769,470,171,299,258,120,138,8971,4082,4889
BEXAR COUNTY,029,66 Years,16963,7904,9059,6487,3079,3408,1344,666,678,441,151,290,226,109,117,8465,3899,4566
BEXAR COUNTY,029,67 Years,16211,7414,8797,6213,2893,3320,1209,560,649,461,165,296,210,103,107,8118,3693,4425
BEXAR COUNTY,029,68 Years,15923,7210,8713,6301,2955,3346,1088,503,585,443,170,273,182,89,93,7909,3493,4416
BEXAR COUNTY,029,69 Years,15337,7035,8302,6161,2920,3241,1039,502,537,424,171,253,190,83,107,7523,3359,4164
BEXAR COUNTY,029,70 Years,14891,6790,8101,6255,2949,3306,958,445,513,389,140,249,180,78,102,7109,3178,3931
BEXAR COUNTY,029,71 Years,14384,6489,7895,6306,2972,3334,848,377,471,322,111,211,169,74,95,6739,2955,3784
BEXAR COUNTY,029,72 Years,11771,5231,6540,4957,2335,2622,708,293,415,291,108,183,111,43,68,5704,2452,3252
BEXAR COUNTY,029,73 Years,10868,4850,6018,4628,2163,2465,644,277,367,278,102,176,105,45,60,5213,2263,2950
BEXAR COUNTY,029,74 Years,10429,4639,5790,4622,2128,2494,595,252,343,247,90,157,110,49,61,4855,2120,2735
BEXAR COUNTY,029,75 Years,9883,4379,5504,4351,2032,2319,582,242,340,225,83,142,80,40,40,4645,1982,2663
BEXAR COUNTY,029,76 Years,8830,3875,4955,3874,1793,2081,539,220,319,211,74,137,75,32,43,4131,1756,2375
BEXAR COUNTY,029,77 Years,7951,3434,4517,3536,1618,1918,480,189,291,190,76,114,72,25,47,3673,1526,2147
BEXAR COUNTY,029,78 Years,7397,3133,4264,3244,1443,1801,466,172,294,177,71,106,67,26,41,3443,1421,2022
BEXAR COUNTY,029,79 Years,6815,2857,3958,3072,1328,1744,390,158,232,156,61,95,59,17,42,3138,1293,1845
BEXAR COUNTY,029,80 Years,6377,2639,3738,2885,1246,1639,375,150,225,144,57,87,52,17,35,2921,1169,1752
BEXAR COUNTY,029,81 Years,5802,2373,3429,2567,1103,1464,354,136,218,119,52,67,40,12,28,2722,1070,1652
BEXAR COUNTY,029,82 Years,5479,2191,3288,2460,1023,1437,302,117,185,124,48,76,43,16,27,2550,987,1563
BEXAR COUNTY,029,83 Years,5126,2047,3079,2334,964,1370,312,118,194,100,35,65,40,16,24,2340,914,1426
BEXAR COUNTY,029,84 Years,4554,1837,2717,2067,902,1165,289,110,179,101,25,76,29,8,21,2068,792,1276
BEXAR COUNTY,029,85 Years,4184,1648,2536,1962,828,1134,257,97,160,103,22,81,31,9,22,1831,692,1139
BEXAR COUNTY,029,86 Years,3910,1539,2371,1841,793,1048,230,80,150,77,21,56,22,5,17,1740,640,1100
BEXAR COUNTY,029,87 Years,3522,1362,2160,1719,723,996,197,69,128,74,19,55,15,4,11,1517,547,970
BEXAR COUNTY,029,88 Years,3175,1193,1982,1469,609,860,169,48,121,59,17,42,19,5,14,1459,514,945
BEXAR COUNTY,029,89 Years,2676,966,1710,1247,482,765,130,39,91,44,14,30,12,4,8,1243,427,816
BEXAR COUNTY,029,90 Years,2277,776,1501,1080,381,699,112,33,79,33,10,23,11,5,6,1041,347,694
BEXAR COUNTY,029,91 Years,1921,611,1310,910,293,617,94,21,73,32,10,22,8,2,6,877,285,592
BEXAR COUNTY,029,92 Years,1624,496,1128,801,241,560,81,20,61,23,5,18,9,3,6,710,227,483
BEXAR COUNTY,029,93 Years,1326,399,927,645,191,454,66,16,50,17,5,12,6,2,4,592,185,407
BEXAR COUNTY,029,94 Years,1010,303,707,515,151,364,50,13,37,12,4,8,5,1,4,428,134,294
BEXAR COUNTY,029,95 Years +,2550,722,1828,1277,365,912,147,29,118,35,11,24,7,3,4,1084,314,770
BLANCO COUNTY,031,All Ages,11772,5877,5895,9183,4502,4681,67,42,25,49,14,35,197,106,91,2276,1213,1063
BLANCO COUNTY,031,< 1 Year,99,55,44,71,40,31,0,0,0,0,0,0,0,0,0,28,15,13
BLANCO COUNTY,031,1 Years,116,63,53,76,39,37,0,0,0,0,0,0,7,6,1,33,18,15
BLANCO COUNTY,031,2 Years,121,63,58,86,42,44,0,0,0,0,0,0,4,3,1,31,18,13
BLANCO COUNTY,031,3 Years,137,70,67,86,44,42,1,0,1,0,0,0,8,5,3,42,21,21
BLANCO COUNTY,031,4 Years,115,60,55,71,38,33,0,0,0,1,1,0,8,5,3,35,16,19
BLANCO COUNTY,031,5 Years,114,57,57,70,37,33,0,0,0,1,1,0,9,5,4,34,14,20
BLANCO COUNTY,031,6 Years,114,51,63,75,34,41,0,0,0,0,0,0,5,2,3,34,15,19
BLANCO COUNTY,031,7 Years,129,56,73,86,34,52,0,0,0,0,0,0,2,1,1,41,21,20
BLANCO COUNTY,031,8 Years,130,79,51,83,45,38,0,0,0,1,0,1,1,0,1,45,34,11
BLANCO COUNTY,031,9 Years,106,55,51,70,33,37,0,0,0,0,0,0,1,0,1,35,22,13
BLANCO COUNTY,031,10 Years,122,48,74,78,33,45,0,0,0,0,0,0,3,0,3,41,15,26
BLANCO COUNTY,031,11 Years,128,57,71,82,35,47,0,0,0,0,0,0,1,0,1,45,22,23
BLANCO COUNTY,031,12 Years,125,59,66,79,33,46,0,0,0,1,0,1,2,0,2,43,26,17
BLANCO COUNTY,031,13 Years,113,55,58,73,35,38,0,0,0,1,0,1,1,0,1,38,20,18
BLANCO COUNTY,031,14 Years,135,77,58,82,44,38,0,0,0,0,0,0,2,1,1,51,32,19
BLANCO COUNTY,031,15 Years,132,74,58,87,50,37,0,0,0,0,0,0,1,0,1,44,24,20
BLANCO COUNTY,031,16 Years,128,72,56,91,54,37,0,0,0,0,0,0,2,0,2,35,18,17
BLANCO COUNTY,031,17 Years,120,64,56,78,40,38,1,0,1,0,0,0,3,0,3,38,24,14
BLANCO COUNTY,031,18 Years,130,73,57,79,42,37,0,0,0,3,0,3,1,0,1,47,31,16
BLANCO COUNTY,031,19 Years,110,66,44,67,40,27,1,1,0,2,1,1,2,0,2,38,24,14
BLANCO COUNTY,031,20 Years,114,69,45,73,45,28,2,2,0,2,0,2,3,1,2,34,21,13
BLANCO COUNTY,031,21 Years,112,61,51,80,43,37,1,1,0,1,0,1,2,2,0,28,15,13
BLANCO COUNTY,031,22 Years,110,50,60,76,34,42,2,1,1,0,0,0,2,1,1,30,14,16
BLANCO COUNTY,031,23 Years,114,56,58,80,39,41,1,0,1,3,1,2,1,1,0,29,15,14
BLANCO COUNTY,031,24 Years,119,59,60,89,46,43,1,0,1,1,0,1,0,0,0,28,13,15
BLANCO COUNTY,031,25 Years,144,87,57,101,62,39,8,6,2,0,0,0,3,3,0,32,16,16
BLANCO COUNTY,031,26 Years,139,79,60,99,60,39,3,2,1,1,1,0,3,2,1,33,14,19
BLANCO COUNTY,031,27 Years,119,67,52,85,49,36,1,1,0,0,0,0,2,1,1,31,16,15
BLANCO COUNTY,031,28 Years,103,57,46,71,37,34,1,0,1,0,0,0,2,0,2,29,20,9
BLANCO COUNTY,031,29 Years,100,51,49,58,31,27,1,0,1,0,0,0,5,4,1,36,16,20
BLANCO COUNTY,031,30 Years,119,55,64,80,35,45,0,0,0,2,2,0,2,2,0,35,16,19
BLANCO COUNTY,031,31 Years,115,64,51,86,45,41,0,0,0,0,0,0,1,1,0,28,18,10
BLANCO COUNTY,031,32 Years,120,58,62,81,40,41,1,1,0,4,2,2,1,1,0,33,14,19
BLANCO COUNTY,031,33 Years,116,62,54,72,35,37,0,0,0,4,1,3,4,3,1,36,23,13
BLANCO COUNTY,031,34 Years,107,62,45,77,44,33,0,0,0,1,0,1,3,2,1,26,16,10
BLANCO COUNTY,031,35 Years,100,60,40,69,44,25,1,0,1,0,0,0,1,0,1,29,16,13
BLANCO COUNTY,031,36 Years,118,55,63,82,43,39,0,0,0,0,0,0,3,1,2,33,11,22
BLANCO COUNTY,031,37 Years,114,58,56,85,47,38,0,0,0,0,0,0,1,0,1,28,11,17
BLANCO COUNTY,031,38 Years,110,56,54,80,38,42,0,0,0,0,0,0,1,1,0,29,17,12
BLANCO COUNTY,031,39 Years,104,54,50,76,35,41,0,0,0,0,0,0,1,1,0,27,18,9
BLANCO COUNTY,031,40 Years,102,45,57,76,27,49,0,0,0,0,0,0,2,2,0,24,16,8
BLANCO COUNTY,031,41 Years,102,44,58,80,33,47,0,0,0,0,0,0,3,1,2,19,10,9
BLANCO COUNTY,031,42 Years,110,67,43,83,50,33,0,0,0,1,1,0,0,0,0,26,16,10
BLANCO COUNTY,031,43 Years,132,72,60,100,56,44,0,0,0,4,1,3,1,1,0,27,14,13
BLANCO COUNTY,031,44 Years,126,57,69,94,40,54,0,0,0,1,0,1,2,0,2,29,17,12
BLANCO COUNTY,031,45 Years,116,44,72,92,33,59,0,0,0,0,0,0,1,0,1,23,11,12
BLANCO COUNTY,031,46 Years,131,57,74,103,46,57,0,0,0,0,0,0,1,0,1,27,11,16
BLANCO COUNTY,031,47 Years,165,90,75,130,67,63,2,2,0,0,0,0,1,1,0,32,20,12
BLANCO COUNTY,031,48 Years,144,78,66,119,61,58,0,0,0,1,0,1,1,1,0,23,16,7
BLANCO COUNTY,031,49 Years,117,53,64,98,43,55,0,0,0,1,0,1,1,1,0,17,9,8
BLANCO COUNTY,031,50 Years,125,58,67,99,47,52,0,0,0,1,0,1,3,1,2,22,10,12
BLANCO COUNTY,031,51 Years,149,75,74,114,57,57,2,2,0,0,0,0,1,1,0,32,15,17
BLANCO COUNTY,031,52 Years,150,82,68,112,61,51,1,1,0,1,0,1,2,2,0,34,18,16
BLANCO COUNTY,031,53 Years,149,72,77,111,54,57,1,1,0,0,0,0,2,1,1,35,16,19
BLANCO COUNTY,031,54 Years,168,87,81,137,71,66,1,1,0,0,0,0,4,1,3,26,14,12
BLANCO COUNTY,031,55 Years,179,93,86,150,79,71,0,0,0,1,1,0,1,1,0,27,12,15
BLANCO COUNTY,031,56 Years,189,106,83,154,89,65,4,3,1,1,0,1,1,1,0,29,13,16
BLANCO COUNTY,031,57 Years,201,102,99,164,80,84,3,2,1,1,0,1,4,1,3,29,19,10
BLANCO COUNTY,031,58 Years,193,84,109,162,69,93,2,1,1,0,0,0,4,2,2,25,12,13
BLANCO COUNTY,031,59 Years,189,87,102,164,72,92,0,0,0,0,0,0,2,1,1,23,14,9
BLANCO COUNTY,031,60 Years,201,95,106,175,86,89,0,0,0,1,0,1,1,0,1,24,9,15
BLANCO COUNTY,031,61 Years,205,96,109,183,86,97,1,0,1,0,0,0,1,0,1,20,10,10
BLANCO COUNTY,031,62 Years,196,93,103,166,77,89,2,1,1,0,0,0,2,1,1,26,14,12
BLANCO COUNTY,031,63 Years,231,115,116,197,94,103,3,3,0,1,0,1,9,5,4,21,13,8
BLANCO COUNTY,031,64 Years,222,119,103,193,104,89,3,2,1,0,0,0,6,3,3,20,10,10
BLANCO COUNTY,031,65 Years,200,102,98,180,90,90,1,1,0,0,0,0,1,0,1,18,11,7
BLANCO COUNTY,031,66 Years,196,94,102,176,83,93,3,2,1,0,0,0,2,1,1,15,8,7
BLANCO COUNTY,031,67 Years,213,97,116,190,84,106,3,2,1,1,1,0,0,0,0,19,10,9
BLANCO COUNTY,031,68 Years,214,109,105,194,95,99,2,1,1,1,0,1,0,0,0,17,13,4
BLANCO COUNTY,031,69 Years,192,83,109,176,75,101,2,1,1,0,0,0,2,1,1,12,6,6
BLANCO COUNTY,031,70 Years,210,98,112,188,86,102,0,0,0,1,0,1,10,8,2,11,4,7
BLANCO COUNTY,031,71 Years,191,88,103,171,77,94,0,0,0,0,0,0,6,4,2,14,7,7
BLANCO COUNTY,031,72 Years,170,80,90,157,74,83,0,0,0,0,0,0,1,1,0,12,5,7
BLANCO COUNTY,031,73 Years,148,68,80,136,62,74,0,0,0,0,0,0,3,2,1,9,4,5
BLANCO COUNTY,031,74 Years,146,73,73,132,65,67,1,0,1,0,0,0,1,1,0,12,7,5
BLANCO COUNTY,031,75 Years,132,61,71,124,57,67,1,1,0,0,0,0,0,0,0,7,3,4
BLANCO COUNTY,031,76 Years,127,62,65,117,57,60,0,0,0,1,0,1,1,1,0,8,4,4
BLANCO COUNTY,031,77 Years,124,59,65,110,51,59,0,0,0,1,0,1,2,2,0,11,6,5
BLANCO COUNTY,031,78 Years,92,45,47,85,40,45,0,0,0,0,0,0,1,1,0,6,4,2
BLANCO COUNTY,031,79 Years,82,41,41,76,41,35,1,0,1,0,0,0,0,0,0,5,0,5
BLANCO COUNTY,031,80 Years,76,43,33,66,37,29,0,0,0,0,0,0,1,0,1,9,6,3
BLANCO COUNTY,031,81 Years,72,35,37,63,32,31,0,0,0,0,0,0,0,0,0,9,3,6
BLANCO COUNTY,031,82 Years,61,29,32,55,26,29,0,0,0,0,0,0,1,0,1,5,3,2
BLANCO COUNTY,031,83 Years,62,24,38,57,23,34,0,0,0,0,0,0,1,0,1,4,1,3
BLANCO COUNTY,031,84 Years,54,24,30,44,19,25,0,0,0,0,0,0,0,0,0,10,5,5
BLANCO COUNTY,031,85 Years,45,24,21,38,19,19,0,0,0,0,0,0,0,0,0,7,5,2
BLANCO COUNTY,031,86 Years,34,16,18,32,15,17,0,0,0,0,0,0,0,0,0,2,1,1
BLANCO COUNTY,031,87 Years,36,15,21,28,13,15,0,0,0,0,0,0,3,1,2,5,1,4
BLANCO COUNTY,031,88 Years,29,13,16,24,12,12,0,0,0,0,0,0,1,0,1,4,1,3
BLANCO COUNTY,031,89 Years,29,12,17,26,11,15,1,0,1,0,0,0,0,0,0,2,1,1
BLANCO COUNTY,031,90 Years,27,10,17,26,9,17,0,0,0,0,0,0,0,0,0,1,1,0
BLANCO COUNTY,031,91 Years,20,5,15,18,4,14,0,0,0,0,0,0,0,0,0,2,1,1
BLANCO COUNTY,031,92 Years,18,7,11,16,5,11,0,0,0,0,0,0,0,0,0,2,2,0
BLANCO COUNTY,031,93 Years,17,8,9,15,7,8,0,0,0,0,0,0,0,0,0,2,1,1
BLANCO COUNTY,031,94 Years,10,2,8,9,2,7,0,0,0,0,0,0,0,0,0,1,0,1
BLANCO COUNTY,031,95 Years +,32,5,27,28,5,23,1,0,1,0,0,0,0,0,0,3,0,3
BORDEN COUNTY,033,All Ages,667,349,318,563,294,269,0,0,0,1,0,1,5,2,3,98,53,45
BORDEN COUNTY,033,< 1 Year,4,1,3,4,1,3,0,0,0,0,0,0,0,0,0,0,0,0
BORDEN COUNTY,033,1 Years,4,1,3,4,1,3,0,0,0,0,0,0,0,0,0,0,0,0
BORDEN COUNTY,033,2 Years,8,4,4,4,2,2,0,0,0,0,0,0,0,0,0,4,2,2
BORDEN COUNTY,033,3 Years,6,2,4,5,2,3,0,0,0,0,0,0,0,0,0,1,0,1
BORDEN COUNTY,033,4 Years,8,4,4,4,2,2,0,0,0,0,0,0,0,0,0,4,2,2
BORDEN COUNTY,033,5 Years,7,4,3,7,4,3,0,0,0,0,0,0,0,0,0,0,0,0
BORDEN COUNTY,033,6 Years,6,3,3,6,3,3,0,0,0,0,0,0,0,0,0,0,0,0
BORDEN COUNTY,033,7 Years,5,3,2,5,3,2,0,0,0,0,0,0,0,0,0,0,0,0
BORDEN COUNTY,033,8 Years,6,3,3,4,2,2,0,0,0,0,0,0,0,0,0,2,1,1
BORDEN COUNTY,033,9 Years,7,5,2,4,4,0,0,0,0,0,0,0,0,0,0,3,1,2
BORDEN COUNTY,033,10 Years,5,4,1,4,3,1,0,0,0,0,0,0,0,0,0,1,1,0
BORDEN COUNTY,033,11 Years,3,3,0,1,1,0,0,0,0,0,0,0,0,0,0,2,2,0
BORDEN COUNTY,033,12 Years,6,4,2,4,2,2,0,0,0,0,0,0,0,0,0,2,2,0
BORDEN COUNTY,033,13 Years,8,4,4,6,3,3,0,0,0,0,0,0,0,0,0,2,1,1
BORDEN COUNTY,033,14 Years,9,3,6,7,2,5,0,0,0,0,0,0,0,0,0,2,1,1
BORDEN COUNTY,033,15 Years,5,2,3,4,1,3,0,0,0,0,0,0,0,0,0,1,1,0
BORDEN COUNTY,033,16 Years,5,3,2,3,2,1,0,0,0,0,0,0,0,0,0,2,1,1
BORDEN COUNTY,033,17 Years,5,2,3,4,1,3,0,0,0,0,0,0,0,0,0,1,1,0
BORDEN COUNTY,033,18 Years,4,1,3,3,1,2,0,0,0,0,0,0,0,0,0,1,0,1
BORDEN COUNTY,033,19 Years,6,3,3,5,2,3,0,0,0,0,0,0,0,0,0,1,1,0
BORDEN COUNTY,033,20 Years,10,6,4,10,6,4,0,0,0,0,0,0,0,0,0,0,0,0
BORDEN COUNTY,033,21 Years,8,6,2,6,5,1,0,0,0,0,0,0,0,0,0,2,1,1
BORDEN COUNTY,033,22 Years,12,6,6,9,4,5,0,0,0,0,0,0,0,0,0,3,2,1
BORDEN COUNTY,033,23 Years,9,6,3,6,4,2,0,0,0,0,0,0,0,0,0,3,2,1
BORDEN COUNTY,033,24 Years,7,3,4,5,2,3,0,0,0,0,0,0,0,0,0,2,1,1
BORDEN COUNTY,033,25 Years,12,7,5,11,6,5,0,0,0,0,0,0,0,0,0,1,1,0
BORDEN COUNTY,033,26 Years,12,8,4,10,6,4,0,0,0,0,0,0,0,0,0,2,2,0
BORDEN COUNTY,033,27 Years,5,4,1,4,3,1,0,0,0,0,0,0,0,0,0,1,1,0
BORDEN COUNTY,033,28 Years,5,2,3,5,2,3,0,0,0,0,0,0,0,0,0,0,0,0
BORDEN COUNTY,033,29 Years,4,2,2,4,2,2,0,0,0,0,0,0,0,0,0,0,0,0
BORDEN COUNTY,033,30 Years,7,5,2,7,5,2,0,0,0,0,0,0,0,0,0,0,0,0
BORDEN COUNTY,033,31 Years,4,2,2,3,2,1,0,0,0,0,0,0,0,0,0,1,0,1
BORDEN COUNTY,033,32 Years,7,3,4,5,3,2,0,0,0,0,0,0,0,0,0,2,0,2
BORDEN COUNTY,033,33 Years,3,2,1,3,2,1,0,0,0,0,0,0,0,0,0,0,0,0
BORDEN COUNTY,033,34 Years,3,2,1,3,2,1,0,0,0,0,0,0,0,0,0,0,0,0
BORDEN COUNTY,033,35 Years,4,2,2,4,2,2,0,0,0,0,0,0,0,0,0,0,0,0
BORDEN COUNTY,033,36 Years,5,2,3,3,2,1,0,0,0,0,0,0,0,0,0,2,0,2
BORDEN COUNTY,033,37 Years,7,5,2,5,4,1,0,0,0,0,0,0,0,0,0,2,1,1
BORDEN COUNTY,033,38 Years,5,4,1,3,3,0,0,0,0,0,0,0,0,0,0,2,1,1
BORDEN COUNTY,033,39 Years,8,5,3,5,3,2,0,0,0,0,0,0,0,0,0,3,2,1
BORDEN COUNTY,033,40 Years,6,2,4,5,2,3,0,0,0,0,0,0,0,0,0,1,0,1
BORDEN COUNTY,033,41 Years,6,2,4,6,2,4,0,0,0,0,0,0,0,0,0,0,0,0
BORDEN COUNTY,033,42 Years,4,3,1,4,3,1,0,0,0,0,0,0,0,0,0,0,0,0
BORDEN COUNTY,033,43 Years,3,2,1,3,2,1,0,0,0,0,0,0,0,0,0,0,0,0
BORDEN COUNTY,033,44 Years,7,3,4,5,1,4,0,0,0,0,0,0,0,0,0,2,2,0
BORDEN COUNTY,033,45 Years,8,6,2,7,5,2,0,0,0,0,0,0,0,0,0,1,1,0
BORDEN COUNTY,033,46 Years,8,6,2,7,5,2,0,0,0,0,0,0,0,0,0,1,1,0
BORDEN COUNTY,033,47 Years,8,3,5,7,2,5,0,0,0,0,0,0,0,0,0,1,1,0
BORDEN COUNTY,033,48 Years,13,6,7,11,6,5,0,0,0,0,0,0,0,0,0,2,0,2
BORDEN COUNTY,033,49 Years,12,7,5,10,6,4,0,0,0,0,0,0,0,0,0,2,1,1
BORDEN COUNTY,033,50 Years,8,2,6,4,2,2,0,0,0,0,0,0,1,0,1,3,0,3
BORDEN COUNTY,033,51 Years,5,2,3,4,2,2,0,0,0,0,0,0,0,0,0,1,0,1
BORDEN COUNTY,033,52 Years,6,3,3,5,3,2,0,0,0,0,0,0,0,0,0,1,0,1
BORDEN COUNTY,033,53 Years,9,3,6,7,3,4,0,0,0,0,0,0,0,0,0,2,0,2
BORDEN COUNTY,033,54 Years,16,8,8,13,6,7,0,0,0,0,0,0,0,0,0,3,2,1
BORDEN COUNTY,033,55 Years,12,5,7,11,5,6,0,0,0,0,0,0,0,0,0,1,0,1
BORDEN COUNTY,033,56 Years,11,4,7,9,3,6,0,0,0,0,0,0,0,0,0,2,1,1
BORDEN COUNTY,033,57 Years,8,5,3,6,4,2,0,0,0,0,0,0,0,0,0,2,1,1
BORDEN COUNTY,033,58 Years,9,5,4,5,3,2,0,0,0,1,0,1,0,0,0,3,2,1
BORDEN COUNTY,033,59 Years,6,3,3,5,2,3,0,0,0,0,0,0,0,0,0,1,1,0
BORDEN COUNTY,033,60 Years,8,3,5,6,1,5,0,0,0,0,0,0,0,0,0,2,2,0
BORDEN COUNTY,033,61 Years,11,4,7,9,4,5,0,0,0,0,0,0,1,0,1,1,0,1
BORDEN COUNTY,033,62 Years,12,7,5,10,6,4,0,0,0,0,0,0,1,0,1,1,1,0
BORDEN COUNTY,033,63 Years,11,7,4,10,6,4,0,0,0,0,0,0,0,0,0,1,1,0
BORDEN COUNTY,033,64 Years,12,5,7,11,4,7,0,0,0,0,0,0,0,0,0,1,1,0
BORDEN COUNTY,033,65 Years,5,2,3,5,2,3,0,0,0,0,0,0,0,0,0,0,0,0
BORDEN COUNTY,033,66 Years,4,4,0,4,4,0,0,0,0,0,0,0,0,0,0,0,0,0
BORDEN COUNTY,033,67 Years,8,4,4,8,4,4,0,0,0,0,0,0,0,0,0,0,0,0
BORDEN COUNTY,033,68 Years,15,9,6,13,7,6,0,0,0,0,0,0,0,0,0,2,2,0
BORDEN COUNTY,033,69 Years,10,5,5,8,5,3,0,0,0,0,0,0,0,0,0,2,0,2
BORDEN COUNTY,033,70 Years,13,9,4,12,8,4,0,0,0,0,0,0,0,0,0,1,1,0
BORDEN COUNTY,033,71 Years,11,8,3,11,8,3,0,0,0,0,0,0,0,0,0,0,0,0
BORDEN COUNTY,033,72 Years,4,2,2,4,2,2,0,0,0,0,0,0,0,0,0,0,0,0
BORDEN COUNTY,033,73 Years,5,2,3,5,2,3,0,0,0,0,0,0,0,0,0,0,0,0
BORDEN COUNTY,033,74 Years,8,5,3,8,5,3,0,0,0,0,0,0,0,0,0,0,0,0
BORDEN COUNTY,033,75 Years,11,5,6,11,5,6,0,0,0,0,0,0,0,0,0,0,0,0
BORDEN COUNTY,033,76 Years,10,5,5,10,5,5,0,0,0,0,0,0,0,0,0,0,0,0
BORDEN COUNTY,033,77 Years,5,3,2,5,3,2,0,0,0,0,0,0,0,0,0,0,0,0
BORDEN COUNTY,033,78 Years,4,2,2,4,2,2,0,0,0,0,0,0,0,0,0,0,0,0
BORDEN COUNTY,033,79 Years,3,1,2,3,1,2,0,0,0,0,0,0,0,0,0,0,0,0
BORDEN COUNTY,033,80 Years,9,6,3,9,6,3,0,0,0,0,0,0,0,0,0,0,0,0
BORDEN COUNTY,033,81 Years,7,2,5,7,2,5,0,0,0,0,0,0,0,0,0,0,0,0
BORDEN COUNTY,033,82 Years,8,4,4,8,4,4,0,0,0,0,0,0,0,0,0,0,0,0
BORDEN COUNTY,033,83 Years,5,2,3,5,2,3,0,0,0,0,0,0,0,0,0,0,0,0
BORDEN COUNTY,033,84 Years,4,2,2,4,2,2,0,0,0,0,0,0,0,0,0,0,0,0
BORDEN COUNTY,033,85 Years,7,3,4,6,2,4,0,0,0,0,0,0,1,1,0,0,0,0
BORDEN COUNTY,033,86 Years,9,5,4,7,4,3,0,0,0,0,0,0,1,1,0,1,0,1
BORDEN COUNTY,033,87 Years,6,3,3,6,3,3,0,0,0,0,0,0,0,0,0,0,0,0
BORDEN COUNTY,033,88 Years,4,1,3,4,1,3,0,0,0,0,0,0,0,0,0,0,0,0
BORDEN COUNTY,033,89 Years,5,2,3,5,2,3,0,0,0,0,0,0,0,0,0,0,0,0
BORDEN COUNTY,033,90 Years,4,2,2,4,2,2,0,0,0,0,0,0,0,0,0,0,0,0
BORDEN COUNTY,033,91 Years,3,2,1,2,1,1,0,0,0,0,0,0,0,0,0,1,1,0
BORDEN COUNTY,033,92 Years,1,0,1,1,0,1,0,0,0,0,0,0,0,0,0,0,0,0
BORDEN COUNTY,033,93 Years,2,0,2,1,0,1,0,0,0,0,0,0,0,0,0,1,0,1
BORDEN COUNTY,033,94 Years,2,1,1,2,1,1,0,0,0,0,0,0,0,0,0,0,0,0
BORDEN COUNTY,033,95 Years +,2,1,1,2,1,1,0,0,0,0,0,0,0,0,0,0,0,0
BOSQUE COUNTY,035,All Ages,18916,9255,9661,14483,6971,7512,347,184,163,39,9,30,482,235,247,3565,1856,1709
BOSQUE COUNTY,035,< 1 Year,222,113,109,119,58,61,2,1,1,0,0,0,28,17,11,73,37,36
BOSQUE COUNTY,035,1 Years,221,107,114,120,57,63,4,2,2,1,1,0,25,13,12,71,34,37
BOSQUE COUNTY,035,2 Years,230,115,115,122,61,61,5,4,1,1,0,1,24,11,13,78,39,39
BOSQUE COUNTY,035,3 Years,221,110,111,119,59,60,6,3,3,0,0,0,27,12,15,69,36,33
BOSQUE COUNTY,035,4 Years,219,111,108,119,57,62,7,3,4,0,0,0,29,17,12,64,34,30
BOSQUE COUNTY,035,5 Years,217,106,111,121,54,67,7,4,3,0,0,0,25,13,12,64,35,29
BOSQUE COUNTY,035,6 Years,221,104,117,125,57,68,7,3,4,0,0,0,18,7,11,71,37,34
BOSQUE COUNTY,035,7 Years,221,106,115,134,62,72,6,4,2,0,0,0,11,4,7,70,36,34
BOSQUE COUNTY,035,8 Years,206,88,118,126,47,79,6,2,4,0,0,0,10,6,4,64,33,31
BOSQUE COUNTY,035,9 Years,212,100,112,135,62,73,5,3,2,0,0,0,7,4,3,65,31,34
BOSQUE COUNTY,035,10 Years,224,121,103,146,76,70,4,2,2,0,0,0,3,2,1,71,41,30
BOSQUE COUNTY,035,11 Years,225,127,98,150,87,63,3,1,2,1,0,1,2,1,1,69,38,31
BOSQUE COUNTY,035,12 Years,216,118,98,137,75,62,4,1,3,0,0,0,6,2,4,69,40,29
BOSQUE COUNTY,035,13 Years,224,108,116,137,64,73,5,5,0,1,0,1,6,2,4,75,37,38
BOSQUE COUNTY,035,14 Years,223,124,99,149,83,66,3,3,0,1,0,1,6,5,1,64,33,31
BOSQUE COUNTY,035,15 Years,217,112,105,155,82,73,1,1,0,0,0,0,6,3,3,55,26,29
BOSQUE COUNTY,035,16 Years,213,106,107,134,65,69,7,4,3,0,0,0,4,1,3,68,36,32
BOSQUE COUNTY,035,17 Years,215,116,99,123,63,60,9,5,4,1,0,1,3,3,0,79,45,34
BOSQUE COUNTY,035,18 Years,213,118,95,127,71,56,6,4,2,0,0,0,3,1,2,77,42,35
BOSQUE COUNTY,035,19 Years,189,91,98,113,59,54,5,1,4,0,0,0,3,0,3,68,31,37
BOSQUE COUNTY,035,20 Years,168,82,86,103,50,53,4,3,1,1,0,1,4,1,3,56,28,28
BOSQUE COUNTY,035,21 Years,164,75,89,93,44,49,4,2,2,1,0,1,9,2,7,57,27,30
BOSQUE COUNTY,035,22 Years,168,71,97,101,40,61,6,3,3,0,0,0,9,4,5,52,24,28
BOSQUE COUNTY,035,23 Years,182,90,92,123,57,66,6,1,5,0,0,0,10,5,5,43,27,16
BOSQUE COUNTY,035,24 Years,199,103,96,138,65,73,4,2,2,0,0,0,8,3,5,49,33,16
BOSQUE COUNTY,035,25 Years,228,100,128,150,66,84,6,3,3,2,1,1,6,2,4,64,28,36
BOSQUE COUNTY,035,26 Years,206,85,121,146,60,86,4,2,2,0,0,0,3,1,2,53,22,31
BOSQUE COUNTY,035,27 Years,200,84,116,143,58,85,3,2,1,0,0,0,2,1,1,52,23,29
BOSQUE COUNTY,035,28 Years,221,104,117,160,74,86,6,4,2,0,0,0,1,0,1,54,26,28
BOSQUE COUNTY,035,29 Years,189,98,91,133,64,69,4,1,3,0,0,0,5,4,1,47,29,18
BOSQUE COUNTY,035,30 Years,189,88,101,136,59,77,5,3,2,0,0,0,3,1,2,45,25,20
BOSQUE COUNTY,035,31 Years,183,95,88,132,65,67,7,5,2,2,2,0,4,0,4,38,23,15
BOSQUE COUNTY,035,32 Years,173,83,90,131,59,72,3,2,1,1,1,0,3,1,2,35,20,15
BOSQUE COUNTY,035,33 Years,183,92,91,131,65,66,5,2,3,1,0,1,2,2,0,44,23,21
BOSQUE COUNTY,035,34 Years,173,80,93,115,54,61,3,2,1,0,0,0,4,1,3,51,23,28
BOSQUE COUNTY,035,35 Years,199,110,89,132,70,62,3,3,0,0,0,0,5,2,3,59,35,24
BOSQUE COUNTY,035,36 Years,203,107,96,140,73,67,5,3,2,0,0,0,3,2,1,55,29,26
BOSQUE COUNTY,035,37 Years,219,102,117,158,69,89,6,4,2,0,0,0,3,2,1,52,27,25
BOSQUE COUNTY,035,38 Years,200,104,96,142,70,72,4,2,2,0,0,0,3,2,1,51,30,21
BOSQUE COUNTY,035,39 Years,192,100,92,138,66,72,3,2,1,0,0,0,2,1,1,49,31,18
BOSQUE COUNTY,035,40 Years,174,78,96,127,57,70,3,2,1,0,0,0,2,1,1,42,18,24
BOSQUE COUNTY,035,41 Years,172,82,90,130,61,69,2,1,1,0,0,0,2,1,1,38,19,19
BOSQUE COUNTY,035,42 Years,188,98,90,144,75,69,2,2,0,0,0,0,1,0,1,41,21,20
BOSQUE COUNTY,035,43 Years,171,84,87,125,60,65,1,0,1,0,0,0,2,1,1,43,23,20
BOSQUE COUNTY,035,44 Years,174,84,90,132,64,68,4,1,3,0,0,0,2,0,2,36,19,17
BOSQUE COUNTY,035,45 Years,194,94,100,151,75,76,3,1,2,0,0,0,3,0,3,37,18,19
BOSQUE COUNTY,035,46 Years,211,106,105,166,84,82,4,4,0,0,0,0,3,1,2,38,17,21
BOSQUE COUNTY,035,47 Years,224,111,113,178,88,90,4,3,1,2,0,2,4,1,3,36,19,17
BOSQUE COUNTY,035,48 Years,227,102,125,175,81,94,6,2,4,2,0,2,1,0,1,43,19,24
BOSQUE COUNTY,035,49 Years,217,108,109,167,82,85,2,1,1,1,0,1,1,1,0,46,24,22
BOSQUE COUNTY,035,50 Years,227,112,115,169,85,84,5,0,5,1,0,1,3,2,1,49,25,24
BOSQUE COUNTY,035,51 Years,224,103,121,177,79,98,3,0,3,1,0,1,5,3,2,38,21,17
BOSQUE COUNTY,035,52 Years,209,105,104,166,84,82,3,1,2,1,1,0,3,1,2,36,18,18
BOSQUE COUNTY,035,53 Years,240,119,121,197,97,100,3,0,3,1,0,1,4,2,2,35,20,15
BOSQUE COUNTY,035,54 Years,250,126,124,203,101,102,4,2,2,1,0,1,1,0,1,41,23,18
BOSQUE COUNTY,035,55 Years,285,140,145,245,114,131,4,4,0,0,0,0,3,1,2,33,21,12
BOSQUE COUNTY,035,56 Years,248,124,124,206,104,102,2,1,1,1,0,1,2,2,0,37,17,20
BOSQUE COUNTY,035,57 Years,269,130,139,229,110,119,2,1,1,1,0,1,4,2,2,33,17,16
BOSQUE COUNTY,035,58 Years,298,147,151,262,127,135,3,3,0,0,0,0,4,1,3,29,16,13
BOSQUE COUNTY,035,59 Years,303,160,143,262,140,122,8,3,5,1,0,1,4,1,3,28,16,12
BOSQUE COUNTY,035,60 Years,286,147,139,250,127,123,3,1,2,1,1,0,7,3,4,25,15,10
BOSQUE COUNTY,035,61 Years,312,149,163,279,132,147,3,1,2,0,0,0,5,2,3,25,14,11
BOSQUE COUNTY,035,62 Years,307,152,155,270,130,140,7,6,1,0,0,0,4,1,3,26,15,11
BOSQUE COUNTY,035,63 Years,292,159,133,259,139,120,6,6,0,0,0,0,5,3,2,22,11,11
BOSQUE COUNTY,035,64 Years,267,135,132,239,120,119,4,1,3,0,0,0,5,2,3,19,12,7
BOSQUE COUNTY,035,65 Years,277,144,133,245,125,120,7,3,4,0,0,0,4,2,2,21,14,7
BOSQUE COUNTY,035,66 Years,281,135,146,252,117,135,6,3,3,0,0,0,5,4,1,18,11,7
BOSQUE COUNTY,035,67 Years,269,137,132,247,125,122,2,1,1,0,0,0,4,2,2,16,9,7
BOSQUE COUNTY,035,68 Years,278,152,126,253,137,116,2,1,1,0,0,0,7,5,2,16,9,7
BOSQUE COUNTY,035,69 Years,277,138,139,238,123,115,7,4,3,2,1,1,2,2,0,28,8,20
BOSQUE COUNTY,035,70 Years,276,133,143,249,121,128,4,3,1,1,0,1,3,2,1,19,7,12
BOSQUE COUNTY,035,71 Years,280,125,155,258,116,142,1,1,0,1,0,1,2,2,0,18,6,12
BOSQUE COUNTY,035,72 Years,236,117,119,212,105,107,2,0,2,0,0,0,3,3,0,19,9,10
BOSQUE COUNTY,035,73 Years,239,112,127,216,104,112,4,0,4,0,0,0,2,1,1,17,7,10
BOSQUE COUNTY,035,74 Years,237,107,130,218,99,119,1,0,1,0,0,0,3,2,1,15,6,9
BOSQUE COUNTY,035,75 Years,203,86,117,187,77,110,1,0,1,0,0,0,4,3,1,11,6,5
BOSQUE COUNTY,035,76 Years,212,102,110,194,92,102,1,1,0,0,0,0,4,2,2,13,7,6
BOSQUE COUNTY,035,77 Years,193,87,106,178,78,100,1,1,0,0,0,0,2,1,1,12,7,5
BOSQUE COUNTY,035,78 Years,182,92,90,168,84,84,2,1,1,0,0,0,0,0,0,12,7,5
BOSQUE COUNTY,035,79 Years,174,85,89,165,78,87,3,2,1,0,0,0,2,2,0,4,3,1
BOSQUE COUNTY,035,80 Years,153,70,83,136,62,74,4,2,2,1,0,1,3,2,1,9,4,5
BOSQUE COUNTY,035,81 Years,143,58,85,133,54,79,1,0,1,2,1,1,0,0,0,7,3,4
BOSQUE COUNTY,035,82 Years,120,50,70,109,44,65,4,3,1,0,0,0,2,1,1,5,2,3
BOSQUE COUNTY,035,83 Years,97,43,54,87,37,50,2,1,1,0,0,0,3,2,1,5,3,2
BOSQUE COUNTY,035,84 Years,84,39,45,76,35,41,3,2,1,1,0,1,0,0,0,4,2,2
BOSQUE COUNTY,035,85 Years,91,42,49,82,38,44,2,1,1,0,0,0,1,0,1,6,3,3
BOSQUE COUNTY,035,86 Years,83,40,43,78,37,41,0,0,0,0,0,0,2,1,1,3,2,1
BOSQUE COUNTY,035,87 Years,65,32,33,59,30,29,0,0,0,1,0,1,1,1,0,4,1,3
BOSQUE COUNTY,035,88 Years,54,22,32,48,21,27,0,0,0,0,0,0,2,0,2,4,1,3
BOSQUE COUNTY,035,89 Years,50,22,28,46,21,25,1,0,1,0,0,0,1,0,1,2,1,1
BOSQUE COUNTY,035,90 Years,45,17,28,40,15,25,0,0,0,0,0,0,2,1,1,3,1,2
BOSQUE COUNTY,035,91 Years,37,15,22,34,13,21,0,0,0,1,0,1,0,0,0,2,2,0
BOSQUE COUNTY,035,92 Years,28,12,16,25,11,14,1,0,1,1,0,1,0,0,0,1,1,0
BOSQUE COUNTY,035,93 Years,27,10,17,24,9,15,1,0,1,0,0,0,1,1,0,1,0,1
BOSQUE COUNTY,035,94 Years,20,7,13,18,7,11,0,0,0,0,0,0,1,0,1,1,0,1
BOSQUE COUNTY,035,95 Years +,48,15,33,44,13,31,0,0,0,0,0,0,1,0,1,3,2,1
BOWIE COUNTY,037,All Ages,97397,49091,48306,62132,30585,31547,23803,11880,11923,995,426,569,3292,1700,1592,7175,4500,2675
BOWIE COUNTY,037,< 1 Year,1020,516,504,493,249,244,305,156,149,4,2,2,126,65,61,92,44,48
BOWIE COUNTY,037,1 Years,1050,528,522,530,270,260,303,153,150,5,2,3,121,59,62,91,44,47
BOWIE COUNTY,037,2 Years,1090,540,550,559,280,279,308,152,156,5,2,3,121,57,64,97,49,48
BOWIE COUNTY,037,3 Years,1116,559,557,588,300,288,305,148,157,6,3,3,114,56,58,103,52,51
BOWIE COUNTY,037,4 Years,1103,564,539,575,298,277,312,155,157,4,2,2,109,56,53,103,53,50
BOWIE COUNTY,037,5 Years,1101,563,538,586,303,283,309,153,156,6,3,3,96,52,44,104,52,52
BOWIE COUNTY,037,6 Years,1101,571,530,585,303,282,320,161,159,5,3,2,83,49,34,108,55,53
BOWIE COUNTY,037,7 Years,1098,562,536,598,305,293,312,155,157,5,3,2,74,42,32,109,57,52
BOWIE COUNTY,037,8 Years,1014,520,494,552,290,262,283,147,136,3,0,3,79,34,45,97,49,48
BOWIE COUNTY,037,9 Years,1205,610,595,685,335,350,317,163,154,9,5,4,73,44,29,121,63,58
BOWIE COUNTY,037,10 Years,1266,663,603,712,369,343,348,189,159,8,5,3,74,45,29,124,55,69
BOWIE COUNTY,037,11 Years,1331,683,648,736,371,365,356,182,174,7,2,5,89,57,32,143,71,72
BOWIE COUNTY,037,12 Years,1278,668,610,731,389,342,319,162,157,9,3,6,84,41,43,135,73,62
BOWIE COUNTY,037,13 Years,1294,671,623,719,379,340,359,179,180,10,5,5,84,45,39,122,63,59
BOWIE COUNTY,037,14 Years,1291,683,608,733,375,358,354,182,172,12,7,5,75,48,27,117,71,46
BOWIE COUNTY,037,15 Years,1248,635,613,725,371,354,330,161,169,11,7,4,68,43,25,114,53,61
BOWIE COUNTY,037,16 Years,1239,650,589,707,373,334,336,156,180,26,19,7,65,43,22,105,59,46
BOWIE COUNTY,037,17 Years,1237,630,607,694,352,342,343,175,168,29,13,16,63,36,27,108,54,54
BOWIE COUNTY,037,18 Years,1191,620,571,656,334,322,334,182,152,25,4,21,70,37,33,106,63,43
BOWIE COUNTY,037,19 Years,1081,577,504,582,295,287,313,182,131,16,5,11,66,35,31,104,60,44
BOWIE COUNTY,037,20 Years,1083,605,478,539,290,249,329,191,138,22,16,6,67,34,33,126,74,52
BOWIE COUNTY,037,21 Years,1140,626,514,593,309,284,322,188,134,25,18,7,58,34,24,142,77,65
BOWIE COUNTY,037,22 Years,1197,634,563,626,310,316,352,203,149,13,10,3,75,36,39,131,75,56
BOWIE COUNTY,037,23 Years,1332,726,606,732,395,337,375,206,169,10,4,6,77,39,38,138,82,56
BOWIE COUNTY,037,24 Years,1367,702,665,744,367,377,431,218,213,11,5,6,57,37,20,124,75,49
BOWIE COUNTY,037,25 Years,1427,784,643,779,409,370,444,254,190,9,4,5,59,36,23,136,81,55
BOWIE COUNTY,037,26 Years,1406,775,631,779,415,364,430,242,188,6,2,4,51,26,25,140,90,50
BOWIE COUNTY,037,27 Years,1554,808,746,861,433,428,481,240,241,6,3,3,45,18,27,161,114,47
BOWIE COUNTY,037,28 Years,1476,734,742,857,418,439,438,199,239,7,6,1,27,11,16,147,100,47
BOWIE COUNTY,037,29 Years,1595,840,755,946,498,448,476,214,262,13,8,5,19,10,9,141,110,31
BOWIE COUNTY,037,30 Years,1581,791,790,963,471,492,443,194,249,4,4,0,15,11,4,156,111,45
BOWIE COUNTY,037,31 Years,1419,806,613,861,467,394,370,207,163,9,3,6,21,10,11,158,119,39
BOWIE COUNTY,037,32 Years,1425,805,620,883,486,397,353,183,170,9,6,3,24,15,9,156,115,41
BOWIE COUNTY,037,33 Years,1324,684,640,792,381,411,364,191,173,5,3,2,25,9,16,138,100,38
BOWIE COUNTY,037,34 Years,1313,698,615,801,400,401,356,188,168,7,4,3,17,6,11,132,100,32
BOWIE COUNTY,037,35 Years,1326,727,599,815,416,399,336,186,150,9,4,5,20,11,9,146,110,36
BOWIE COUNTY,037,36 Years,1248,700,548,774,404,370,304,165,139,13,9,4,22,12,10,135,110,25
BOWIE COUNTY,037,37 Years,1228,667,561,742,363,379,317,179,138,8,5,3,18,9,9,143,111,32
BOWIE COUNTY,037,38 Years,1279,725,554,776,400,376,313,185,128,10,5,5,21,11,10,159,124,35
BOWIE COUNTY,037,39 Years,1303,707,596,782,396,386,343,190,153,22,7,15,22,8,14,134,106,28
BOWIE COUNTY,037,40 Years,1270,656,614,752,357,395,340,179,161,25,6,19,18,4,14,135,110,25
BOWIE COUNTY,037,41 Years,1258,666,592,785,389,396,302,169,133,21,3,18,30,14,16,120,91,29
BOWIE COUNTY,037,42 Years,1173,652,521,713,378,335,299,162,137,22,15,7,17,6,11,122,91,31
BOWIE COUNTY,037,43 Years,1198,651,547,742,398,344,305,159,146,23,9,14,18,8,10,110,77,33
BOWIE COUNTY,037,44 Years,1199,626,573,749,376,373,287,151,136,34,14,20,15,8,7,114,77,37
BOWIE COUNTY,037,45 Years,1216,638,578,767,390,377,287,143,144,36,18,18,26,15,11,100,72,28
BOWIE COUNTY,037,46 Years,1225,650,575,824,432,392,278,139,139,19,10,9,16,7,9,88,62,26
BOWIE COUNTY,037,47 Years,1272,654,618,871,444,427,284,135,149,14,7,7,16,9,7,87,59,28
BOWIE COUNTY,037,48 Years,1266,652,614,851,424,427,285,147,138,34,19,15,14,8,6,82,54,28
BOWIE COUNTY,037,49 Years,1179,633,546,781,413,368,256,132,124,33,11,22,25,17,8,84,60,24
BOWIE COUNTY,037,50 Years,1145,578,567,764,378,386,267,131,136,28,6,22,15,11,4,71,52,19
BOWIE COUNTY,037,51 Years,1096,548,548,742,373,369,259,121,138,16,7,9,10,4,6,69,43,26
BOWIE COUNTY,037,52 Years,1126,562,564,753,380,373,263,124,139,17,3,14,19,8,11,74,47,27
BOWIE COUNTY,037,53 Years,1222,585,637,817,393,424,294,131,163,24,6,18,18,10,8,69,45,24
BOWIE COUNTY,037,54 Years,1223,607,616,835,411,424,292,143,149,17,6,11,19,8,11,60,39,21
BOWIE COUNTY,037,55 Years,1259,610,649,897,436,461,275,128,147,9,4,5,20,6,14,58,36,22
BOWIE COUNTY,037,56 Years,1299,644,655,913,445,468,305,163,142,8,1,7,25,6,19,48,29,19
BOWIE COUNTY,037,57 Years,1267,620,647,873,421,452,306,156,150,18,4,14,22,10,12,48,29,19
BOWIE COUNTY,037,58 Years,1309,645,664,915,444,471,297,149,148,13,5,8,34,15,19,50,32,18
BOWIE COUNTY,037,59 Years,1214,603,611,855,428,427,280,134,146,10,4,6,26,10,16,43,27,16
BOWIE COUNTY,037,60 Years,1187,593,594,853,430,423,270,128,142,8,2,6,20,10,10,36,23,13
BOWIE COUNTY,037,61 Years,1220,591,629,895,444,451,251,108,143,20,5,15,23,11,12,31,23,8
BOWIE COUNTY,037,62 Years,1196,572,624,847,404,443,288,138,150,11,2,9,21,8,13,29,20,9
BOWIE COUNTY,037,63 Years,1145,529,616,831,392,439,249,111,138,6,1,5,20,9,11,39,16,23
BOWIE COUNTY,037,64 Years,1123,533,590,823,394,429,235,109,126,11,4,7,18,8,10,36,18,18
BOWIE COUNTY,037,65 Years,1084,487,597,804,365,439,232,102,130,7,4,3,18,8,10,23,8,15
BOWIE COUNTY,037,66 Years,1055,483,572,807,371,436,202,91,111,9,5,4,20,8,12,17,8,9
BOWIE COUNTY,037,67 Years,1050,499,551,798,388,410,207,89,118,6,3,3,22,9,13,17,10,7
BOWIE COUNTY,037,68 Years,1000,473,527,763,370,393,189,83,106,6,1,5,15,8,7,27,11,16
BOWIE COUNTY,037,69 Years,1001,477,524,776,380,396,170,72,98,8,2,6,21,12,9,26,11,15
BOWIE COUNTY,037,70 Years,1057,489,568,821,382,439,186,83,103,8,3,5,23,12,11,19,9,10
BOWIE COUNTY,037,71 Years,1040,481,559,823,378,445,170,80,90,4,2,2,24,11,13,19,10,9
BOWIE COUNTY,037,72 Years,826,376,450,657,303,354,128,50,78,4,2,2,15,7,8,22,14,8
BOWIE COUNTY,037,73 Years,768,327,441,602,261,341,132,52,80,4,2,2,15,6,9,15,6,9
BOWIE COUNTY,037,74 Years,807,339,468,648,275,373,126,51,75,4,1,3,16,7,9,13,5,8
BOWIE COUNTY,037,75 Years,754,323,431,625,269,356,102,44,58,2,0,2,14,6,8,11,4,7
BOWIE COUNTY,037,76 Years,679,300,379,556,249,307,98,38,60,4,1,3,13,8,5,8,4,4
BOWIE COUNTY,037,77 Years,599,277,322,497,235,262,76,30,46,5,3,2,11,4,7,10,5,5
BOWIE COUNTY,037,78 Years,565,233,332,469,202,267,77,23,54,3,1,2,7,3,4,9,4,5
BOWIE COUNTY,037,79 Years,520,234,286,431,197,234,65,27,38,3,0,3,9,4,5,12,6,6
BOWIE COUNTY,037,80 Years,448,193,255,370,165,205,62,22,40,2,0,2,4,2,2,10,4,6
BOWIE COUNTY,037,81 Years,431,180,251,358,156,202,55,17,38,2,0,2,9,4,5,7,3,4
BOWIE COUNTY,037,82 Years,375,156,219,313,132,181,45,15,30,1,0,1,9,5,4,7,4,3
BOWIE COUNTY,037,83 Years,357,137,220,294,114,180,46,16,30,4,1,3,8,3,5,5,3,2
BOWIE COUNTY,037,84 Years,317,128,189,265,107,158,40,15,25,1,0,1,6,3,3,5,3,2
BOWIE COUNTY,037,85 Years,292,105,187,240,91,149,39,10,29,1,0,1,5,2,3,7,2,5
BOWIE COUNTY,037,86 Years,273,96,177,223,82,141,38,11,27,0,0,0,5,2,3,7,1,6
BOWIE COUNTY,037,87 Years,229,81,148,188,69,119,33,9,24,0,0,0,5,3,2,3,0,3
BOWIE COUNTY,037,88 Years,196,67,129,160,56,104,26,8,18,1,0,1,5,3,2,4,0,4
BOWIE COUNTY,037,89 Years,196,66,130,159,57,102,28,6,22,2,1,1,4,1,3,3,1,2
BOWIE COUNTY,037,90 Years,167,54,113,138,47,91,24,5,19,1,0,1,2,1,1,2,1,1
BOWIE COUNTY,037,91 Years,143,47,96,114,39,75,24,6,18,1,0,1,2,1,1,2,1,1
BOWIE COUNTY,037,92 Years,126,36,90,101,29,72,19,6,13,0,0,0,2,0,2,4,1,3
BOWIE COUNTY,037,93 Years,109,30,79,85,24,61,18,5,13,0,0,0,2,0,2,4,1,3
BOWIE COUNTY,037,94 Years,76,18,58,62,15,47,10,2,8,1,0,1,1,0,1,2,1,1
BOWIE COUNTY,037,95 Years +,193,44,149,146,34,112,39,6,33,1,1,0,1,0,1,6,3,3
BRAZORIA COUNTY,039,All Ages,375517,189997,185520,177334,88718,88616,50544,26001,24543,25107,12326,12781,8280,4119,4161,114252,58833,55419
BRAZORIA COUNTY,039,< 1 Year,4737,2434,2303,1758,898,860,586,301,285,310,162,148,207,105,102,1876,968,908
BRAZORIA COUNTY,039,1 Years,4836,2471,2365,1828,943,885,580,293,287,320,164,156,215,109,106,1893,962,931
BRAZORIA COUNTY,039,2 Years,4981,2562,2419,1918,993,925,602,303,299,341,180,161,224,119,105,1896,967,929
BRAZORIA COUNTY,039,3 Years,5099,2612,2487,2049,1058,991,592,297,295,343,178,165,228,121,107,1887,958,929
BRAZORIA COUNTY,039,4 Years,5102,2614,2488,2071,1057,1014,582,305,277,333,177,156,211,113,98,1905,962,943
BRAZORIA COUNTY,039,5 Years,5061,2576,2485,2058,1031,1027,559,290,269,337,176,161,214,115,99,1893,964,929
BRAZORIA COUNTY,039,6 Years,4996,2567,2429,1996,1013,983,536,287,249,346,188,158,212,116,96,1906,963,943
BRAZORIA COUNTY,039,7 Years,5151,2666,2485,2041,1034,1007,563,301,262,364,198,166,220,116,104,1963,1017,946
BRAZORIA COUNTY,039,8 Years,5135,2605,2530,2029,1027,1002,544,282,262,360,189,171,209,104,105,1993,1003,990
BRAZORIA COUNTY,039,9 Years,5725,2859,2866,2232,1093,1139,654,322,332,410,213,197,220,110,110,2209,1121,1088
BRAZORIA COUNTY,039,10 Years,5669,2884,2785,2172,1104,1068,642,319,323,408,227,181,201,94,107,2246,1140,1106
BRAZORIA COUNTY,039,11 Years,5828,2968,2860,2233,1147,1086,694,325,369,395,209,186,212,105,107,2294,1182,1112
BRAZORIA COUNTY,039,12 Years,5598,2900,2698,2228,1188,1040,658,336,322,370,206,164,186,106,80,2156,1064,1092
BRAZORIA COUNTY,039,13 Years,5551,2848,2703,2157,1107,1050,650,320,330,407,232,175,190,93,97,2147,1096,1051
BRAZORIA COUNTY,039,14 Years,5614,2846,2768,2201,1093,1108,713,343,370,388,211,177,172,83,89,2140,1116,1024
BRAZORIA COUNTY,039,15 Years,5651,2924,2727,2238,1157,1081,705,357,348,373,194,179,185,92,93,2150,1124,1026
BRAZORIA COUNTY,039,16 Years,5667,2887,2780,2290,1186,1104,741,364,377,366,175,191,161,77,84,2109,1085,1024
BRAZORIA COUNTY,039,17 Years,5703,2904,2799,2386,1218,1168,742,396,346,382,179,203,148,69,79,2045,1042,1003
BRAZORIA COUNTY,039,18 Years,5568,2916,2652,2363,1257,1106,729,409,320,319,153,166,150,75,75,2007,1022,985
BRAZORIA COUNTY,039,19 Years,4783,2511,2272,2015,1073,942,663,374,289,252,127,125,121,60,61,1732,877,855
BRAZORIA COUNTY,039,20 Years,4694,2485,2209,1941,1047,894,646,340,306,261,133,128,108,57,51,1738,908,830
BRAZORIA COUNTY,039,21 Years,4698,2487,2211,1903,1012,891,713,374,339,274,143,131,117,58,59,1691,900,791
BRAZORIA COUNTY,039,22 Years,4729,2419,2310,1846,954,892,709,369,340,300,151,149,119,63,56,1755,882,873
BRAZORIA COUNTY,039,23 Years,4980,2564,2416,1971,1018,953,764,424,340,325,160,165,133,71,62,1787,891,896
BRAZORIA COUNTY,039,24 Years,5026,2621,2405,1964,1021,943,793,456,337,333,166,167,121,58,63,1815,920,895
BRAZORIA COUNTY,039,25 Years,5266,2802,2464,2034,1055,979,859,475,384,351,165,186,142,66,76,1880,1041,839
BRAZORIA COUNTY,039,26 Years,5225,2763,2462,1990,1053,937,808,427,381,344,174,170,140,61,79,1943,1048,895
BRAZORIA COUNTY,039,27 Years,5049,2652,2397,1978,1044,934,711,385,326,330,181,149,116,46,70,1914,996,918
BRAZORIA COUNTY,039,28 Years,4970,2558,2412,1900,975,925,671,341,330,347,186,161,98,41,57,1954,1015,939
BRAZORIA COUNTY,039,29 Years,4809,2518,2291,1925,997,928,629,339,290,394,187,207,89,39,50,1772,956,816
BRAZORIA COUNTY,039,30 Years,4804,2531,2273,1981,1030,951,614,354,260,349,171,178,101,45,56,1759,931,828
BRAZORIA COUNTY,039,31 Years,4718,2472,2246,1951,1006,945,624,365,259,310,160,150,98,43,55,1735,898,837
BRAZORIA COUNTY,039,32 Years,4782,2546,2236,2031,1056,975,612,359,253,338,172,166,86,44,42,1715,915,800
BRAZORIA COUNTY,039,33 Years,4992,2589,2403,2163,1102,1061,651,344,307,346,188,158,81,34,47,1751,921,830
BRAZORIA COUNTY,039,34 Years,4993,2552,2441,2142,1068,1074,640,328,312,335,186,149,85,47,38,1791,923,868
BRAZORIA COUNTY,039,35 Years,5251,2692,2559,2250,1117,1133,618,359,259,401,198,203,100,60,40,1882,958,924
BRAZORIA COUNTY,039,36 Years,5353,2720,2633,2355,1169,1186,662,376,286,391,170,221,86,45,41,1859,960,899
BRAZORIA COUNTY,039,37 Years,5466,2776,2690,2366,1177,1189,813,430,383,402,166,236,90,49,41,1795,954,841
BRAZORIA COUNTY,039,38 Years,5445,2746,2699,2399,1177,1222,840,446,394,411,189,222,77,38,39,1718,896,822
BRAZORIA COUNTY,039,39 Years,5121,2563,2558,2223,1112,1111,787,413,374,397,167,230,77,37,40,1637,834,803
BRAZORIA COUNTY,039,40 Years,5225,2738,2487,2261,1171,1090,772,409,363,414,207,207,80,46,34,1698,905,793
BRAZORIA COUNTY,039,41 Years,5133,2692,2441,2194,1119,1075,793,433,360,444,248,196,74,37,37,1628,855,773
BRAZORIA COUNTY,039,42 Years,5118,2616,2502,2194,1088,1106,777,410,367,465,247,218,65,33,32,1617,838,779
BRAZORIA COUNTY,039,43 Years,5176,2655,2521,2221,1138,1083,881,434,447,409,194,215,100,51,49,1565,838,727
BRAZORIA COUNTY,039,44 Years,5182,2617,2565,2230,1119,1111,862,423,439,484,218,266,88,40,48,1518,817,701
BRAZORIA COUNTY,039,45 Years,5356,2734,2622,2279,1130,1149,897,473,424,531,241,290,94,54,40,1555,836,719
BRAZORIA COUNTY,039,46 Years,5399,2775,2624,2416,1231,1185,906,483,423,488,234,254,85,41,44,1504,786,718
BRAZORIA COUNTY,039,47 Years,5559,2831,2728,2612,1309,1303,924,502,422,463,216,247,86,43,43,1474,761,713
BRAZORIA COUNTY,039,48 Years,5317,2703,2614,2533,1297,1236,899,450,449,425,202,223,82,39,43,1378,715,663
BRAZORIA COUNTY,039,49 Years,5001,2573,2428,2439,1244,1195,797,423,374,425,204,221,77,36,41,1263,666,597
BRAZORIA COUNTY,039,50 Years,4840,2510,2330,2324,1194,1130,790,440,350,403,194,209,72,34,38,1251,648,603
BRAZORIA COUNTY,039,51 Years,4813,2491,2322,2346,1195,1151,804,459,345,348,163,185,53,27,26,1262,647,615
BRAZORIA COUNTY,039,52 Years,4733,2482,2251,2333,1223,1110,818,432,386,332,169,163,58,26,32,1192,632,560
BRAZORIA COUNTY,039,53 Years,4880,2478,2402,2470,1229,1241,800,417,383,341,164,177,66,34,32,1203,634,569
BRAZORIA COUNTY,039,54 Years,4952,2467,2485,2597,1288,1309,786,394,392,317,134,183,68,36,32,1184,615,569
BRAZORIA COUNTY,039,55 Years,4969,2537,2432,2701,1338,1363,778,406,372,297,159,138,71,33,38,1122,601,521
BRAZORIA COUNTY,039,56 Years,4880,2448,2432,2744,1330,1414,725,366,359,264,140,124,65,29,36,1082,583,499
BRAZORIA COUNTY,039,57 Years,4822,2368,2454,2730,1320,1410,743,359,384,242,113,129,69,33,36,1038,543,495
BRAZORIA COUNTY,039,58 Years,4895,2447,2448,2897,1418,1479,680,347,333,256,111,145,77,39,38,985,532,453
BRAZORIA COUNTY,039,59 Years,4787,2383,2404,2833,1403,1430,672,343,329,243,110,133,65,29,36,974,498,476
BRAZORIA COUNTY,039,60 Years,4677,2302,2375,2833,1384,1449,660,336,324,217,100,117,50,21,29,917,461,456
BRAZORIA COUNTY,039,61 Years,4487,2204,2283,2706,1308,1398,616,312,304,218,102,116,57,31,26,890,451,439
BRAZORIA COUNTY,039,62 Years,4257,2106,2151,2562,1252,1310,572,272,300,212,98,114,54,28,26,857,456,401
BRAZORIA COUNTY,039,63 Years,4251,2138,2113,2610,1290,1320,542,274,268,205,97,108,55,25,30,839,452,387
BRAZORIA COUNTY,039,64 Years,4027,2036,1991,2475,1254,1221,508,235,273,215,102,113,48,23,25,781,422,359
BRAZORIA COUNTY,039,65 Years,3827,1934,1893,2353,1200,1153,490,239,251,223,91,132,43,22,21,718,382,336
BRAZORIA COUNTY,039,66 Years,3518,1725,1793,2205,1101,1104,459,195,264,172,71,101,47,24,23,635,334,301
BRAZORIA COUNTY,039,67 Years,3178,1526,1652,1947,963,984,436,175,261,181,78,103,55,24,31,559,286,273
BRAZORIA COUNTY,039,68 Years,3083,1471,1612,1978,963,1015,375,160,215,174,74,100,43,20,23,513,254,259
BRAZORIA COUNTY,039,69 Years,2984,1408,1576,1928,940,988,339,149,190,176,69,107,47,21,26,494,229,265
BRAZORIA COUNTY,039,70 Years,2890,1416,1474,1921,961,960,299,141,158,168,63,105,45,25,20,457,226,231
BRAZORIA COUNTY,039,71 Years,2735,1324,1411,1890,922,968,262,121,141,148,66,82,37,20,17,398,195,203
BRAZORIA COUNTY,039,72 Years,2144,1014,1130,1453,704,749,203,85,118,129,64,65,25,10,15,334,151,183
BRAZORIA COUNTY,039,73 Years,2073,963,1110,1372,663,709,212,79,133,125,47,78,30,17,13,334,157,177
BRAZORIA COUNTY,039,74 Years,2095,965,1130,1438,667,771,211,89,122,103,41,62,26,16,10,317,152,165
BRAZORIA COUNTY,039,75 Years,1906,867,1039,1356,626,730,178,76,102,89,41,48,26,14,12,257,110,147
BRAZORIA COUNTY,039,76 Years,1718,786,932,1222,577,645,150,63,87,92,46,46,19,8,11,235,92,143
BRAZORIA COUNTY,039,77 Years,1559,693,866,1094,499,595,137,57,80,79,37,42,15,4,11,234,96,138
BRAZORIA COUNTY,039,78 Years,1451,646,805,1033,476,557,126,54,72,75,31,44,14,5,9,203,80,123
BRAZORIA COUNTY,039,79 Years,1320,597,723,967,447,520,100,44,56,62,28,34,15,5,10,176,73,103
BRAZORIA COUNTY,039,80 Years,1214,556,658,897,425,472,87,33,54,53,27,26,15,8,7,162,63,99
BRAZORIA COUNTY,039,81 Years,1045,463,582,779,350,429,70,31,39,41,16,25,10,7,3,145,59,86
BRAZORIA COUNTY,039,82 Years,1003,407,596,748,322,426,66,23,43,43,11,32,8,3,5,138,48,90
BRAZORIA COUNTY,039,83 Years,972,403,569,720,309,411,54,19,35,45,21,24,8,2,6,145,52,93
BRAZORIA COUNTY,039,84 Years,843,352,491,624,274,350,57,17,40,38,19,19,7,2,5,117,40,77
BRAZORIA COUNTY,039,85 Years,739,293,446,556,233,323,55,14,41,30,13,17,6,2,4,92,31,61
BRAZORIA COUNTY,039,86 Years,613,229,384,455,176,279,50,14,36,26,9,17,5,2,3,77,28,49
BRAZORIA COUNTY,039,87 Years,557,200,357,411,153,258,40,9,31,30,10,20,5,2,3,71,26,45
BRAZORIA COUNTY,039,88 Years,505,179,326,379,136,243,36,14,22,17,6,11,3,1,2,70,22,48
BRAZORIA COUNTY,039,89 Years,438,157,281,336,120,216,34,13,21,12,5,7,2,1,1,54,18,36
BRAZORIA COUNTY,039,90 Years,358,122,236,272,98,174,29,8,21,11,4,7,4,1,3,42,11,31
BRAZORIA COUNTY,039,91 Years,304,99,205,230,78,152,21,4,17,10,4,6,3,1,2,40,12,28
BRAZORIA COUNTY,039,92 Years,236,76,160,180,61,119,15,3,12,10,4,6,1,0,1,30,8,22
BRAZORIA COUNTY,039,93 Years,187,60,127,141,46,95,10,2,8,8,3,5,2,0,2,26,9,17
BRAZORIA COUNTY,039,94 Years,138,41,97,101,29,72,10,3,7,6,3,3,1,0,1,20,6,14
BRAZORIA COUNTY,039,95 Years +,322,84,238,232,60,172,32,7,25,10,6,4,4,0,4,44,11,33
BRAZOS COUNTY,041,All Ages,226294,114455,111839,124678,62898,61780,25030,12056,12974,13074,7162,5912,4955,2435,2520,58557,29904,28653
BRAZOS COUNTY,041,< 1 Year,2636,1337,1299,1049,527,522,390,192,198,149,76,73,110,57,53,938,485,453
BRAZOS COUNTY,041,1 Years,2664,1353,1311,1073,546,527,389,199,190,139,70,69,115,56,59,948,482,466
BRAZOS COUNTY,041,2 Years,2804,1418,1386,1150,580,570,407,202,205,150,78,72,128,64,64,969,494,475
BRAZOS COUNTY,041,3 Years,2883,1461,1422,1189,601,588,412,209,203,152,80,72,141,71,70,989,500,489
BRAZOS COUNTY,041,4 Years,2872,1441,1431,1189,602,587,419,204,215,153,81,72,142,69,73,969,485,484
BRAZOS COUNTY,041,5 Years,2786,1406,1380,1168,597,571,400,201,199,140,74,66,139,67,72,939,467,472
BRAZOS COUNTY,041,6 Years,2726,1375,1351,1171,598,573,395,197,198,131,73,58,131,62,69,898,445,453
BRAZOS COUNTY,041,7 Years,2791,1421,1370,1206,606,600,396,207,189,133,75,58,136,66,70,920,467,453
BRAZOS COUNTY,041,8 Years,2623,1297,1326,1113,535,578,383,193,190,119,62,57,125,55,70,883,452,431
BRAZOS COUNTY,041,9 Years,2802,1398,1404,1138,567,571,402,205,197,103,54,49,130,63,67,1029,509,520
BRAZOS COUNTY,041,10 Years,2886,1462,1424,1154,576,578,430,229,201,120,69,51,130,59,71,1052,529,523
BRAZOS COUNTY,041,11 Years,2877,1496,1381,1134,592,542,434,223,211,118,64,54,142,62,80,1049,555,494
BRAZOS COUNTY,041,12 Years,2721,1374,1347,1053,544,509,416,204,212,113,56,57,114,56,58,1025,514,511
BRAZOS COUNTY,041,13 Years,2740,1409,1331,1092,571,521,394,189,205,135,76,59,92,53,39,1027,520,507
BRAZOS COUNTY,041,14 Years,2681,1388,1293,1072,566,506,425,215,210,130,72,58,106,49,57,948,486,462
BRAZOS COUNTY,041,15 Years,2690,1395,1295,1105,593,512,421,202,219,106,56,50,87,42,45,971,502,469
BRAZOS COUNTY,041,16 Years,2701,1351,1350,1094,570,524,412,190,222,120,54,66,70,36,34,1005,501,504
BRAZOS COUNTY,041,17 Years,2842,1464,1378,1137,594,543,408,204,204,173,83,90,73,30,43,1051,553,498
BRAZOS COUNTY,041,18 Years,5688,2819,2869,3372,1607,1765,478,257,221,329,186,143,100,37,63,1409,732,677
BRAZOS COUNTY,041,19 Years,10846,5515,5331,7395,3746,3649,560,292,268,495,283,212,157,83,74,2239,1111,1128
BRAZOS COUNTY,041,20 Years,10789,5578,5211,7384,3768,3616,591,304,287,590,367,223,160,77,83,2064,1062,1002
BRAZOS COUNTY,041,21 Years,10267,5458,4809,7014,3713,3301,536,275,261,560,318,242,146,79,67,2011,1073,938
BRAZOS COUNTY,041,22 Years,8484,4810,3674,5637,3245,2392,507,258,249,514,309,205,128,56,72,1698,942,756
BRAZOS COUNTY,041,23 Years,5751,3336,2415,3372,1991,1381,471,253,218,449,281,168,89,45,44,1370,766,604
BRAZOS COUNTY,041,24 Years,4183,2321,1862,2224,1235,989,441,219,222,393,241,152,64,27,37,1061,599,462
BRAZOS COUNTY,041,25 Years,3747,1998,1749,1881,1005,876,437,211,226,395,240,155,65,37,28,969,505,464
BRAZOS COUNTY,041,26 Years,4105,2129,1976,2048,1078,970,459,210,249,396,218,178,91,51,40,1111,572,539
BRAZOS COUNTY,041,27 Years,4379,2203,2176,2258,1128,1130,470,249,221,309,155,154,124,67,57,1218,604,614
BRAZOS COUNTY,041,28 Years,3970,1981,1989,2042,1072,970,436,208,228,252,125,127,135,68,67,1105,508,597
BRAZOS COUNTY,041,29 Years,3669,1816,1853,1944,984,960,388,194,194,245,116,129,134,69,65,958,453,505
BRAZOS COUNTY,041,30 Years,3238,1583,1655,1587,718,869,367,176,191,275,159,116,115,67,48,894,463,431
BRAZOS COUNTY,041,31 Years,2922,1444,1478,1380,676,704,359,171,188,255,138,117,86,47,39,842,412,430
BRAZOS COUNTY,041,32 Years,3110,1557,1553,1480,738,742,392,177,215,256,155,101,72,32,40,910,455,455
BRAZOS COUNTY,041,33 Years,3146,1609,1537,1545,795,750,384,171,213,227,123,104,72,36,36,918,484,434
BRAZOS COUNTY,041,34 Years,3030,1544,1486,1510,791,719,347,156,191,214,104,110,61,34,27,898,459,439
BRAZOS COUNTY,041,35 Years,3006,1564,1442,1432,752,680,377,172,205,214,111,103,59,33,26,924,496,428
BRAZOS COUNTY,041,36 Years,2963,1519,1444,1419,725,694,389,176,213,211,116,95,60,34,26,884,468,416
BRAZOS COUNTY,041,37 Years,2899,1468,1431,1397,703,694,366,176,190,210,115,95,55,30,25,871,444,427
BRAZOS COUNTY,041,38 Years,2789,1458,1331,1357,703,654,339,172,167,211,113,98,53,29,24,829,441,388
BRAZOS COUNTY,041,39 Years,2641,1349,1292,1326,683,643,297,148,149,200,105,95,41,23,18,777,390,387
BRAZOS COUNTY,041,40 Years,2535,1338,1197,1274,664,610,263,143,120,184,105,79,45,25,20,769,401,368
BRAZOS COUNTY,041,41 Years,2466,1268,1198,1233,644,589,277,144,133,192,100,92,34,13,21,730,367,363
BRAZOS COUNTY,041,42 Years,2313,1186,1127,1119,588,531,284,134,150,189,98,91,30,16,14,691,350,341
BRAZOS COUNTY,041,43 Years,2177,1103,1074,1008,519,489,243,104,139,191,105,86,26,11,15,709,364,345
BRAZOS COUNTY,041,44 Years,2146,1108,1038,1030,532,498,255,124,131,206,123,83,27,11,16,628,318,310
BRAZOS COUNTY,041,45 Years,2148,1082,1066,1038,518,520,258,123,135,194,110,84,28,11,17,630,320,310
BRAZOS COUNTY,041,46 Years,2167,1092,1075,1090,549,541,266,122,144,161,95,66,24,10,14,626,316,310
BRAZOS COUNTY,041,47 Years,2227,1077,1150,1184,580,604,288,123,165,135,68,67,23,9,14,597,297,300
BRAZOS COUNTY,041,48 Years,2143,1039,1104,1162,563,599,257,108,149,133,59,74,21,10,11,570,299,271
BRAZOS COUNTY,041,49 Years,1989,967,1022,1069,514,555,249,122,127,123,56,67,23,8,15,525,267,258
BRAZOS COUNTY,041,50 Years,1921,965,956,1019,511,508,271,140,131,82,38,44,23,10,13,526,266,260
BRAZOS COUNTY,041,51 Years,1889,934,955,1004,495,509,275,123,152,88,49,39,19,8,11,503,259,244
BRAZOS COUNTY,041,52 Years,1929,956,973,1035,505,530,285,131,154,103,55,48,18,10,8,488,255,233
BRAZOS COUNTY,041,53 Years,1965,966,999,1068,522,546,285,138,147,98,50,48,18,9,9,496,247,249
BRAZOS COUNTY,041,54 Years,2045,1013,1032,1112,541,571,279,131,148,113,63,50,22,11,11,519,267,252
BRAZOS COUNTY,041,55 Years,1941,948,993,1104,521,583,274,124,150,95,62,33,24,13,11,444,228,216
BRAZOS COUNTY,041,56 Years,1844,888,956,1087,507,580,257,115,142,97,65,32,23,10,13,380,191,189
BRAZOS COUNTY,041,57 Years,1936,926,1010,1179,549,630,237,111,126,93,50,43,18,9,9,409,207,202
BRAZOS COUNTY,041,58 Years,1964,951,1013,1209,569,640,266,127,139,85,42,43,22,11,11,382,202,180
BRAZOS COUNTY,041,59 Years,1831,894,937,1160,570,590,225,96,129,82,38,44,15,6,9,349,184,165
BRAZOS COUNTY,041,60 Years,1852,915,937,1171,579,592,228,105,123,74,38,36,17,6,11,362,187,175
BRAZOS COUNTY,041,61 Years,1869,903,966,1196,576,620,231,105,126,73,37,36,17,6,11,352,179,173
BRAZOS COUNTY,041,62 Years,1756,829,927,1183,556,627,193,89,104,62,35,27,16,7,9,302,142,160
BRAZOS COUNTY,041,63 Years,1669,791,878,1114,527,587,197,90,107,60,33,27,17,8,9,281,133,148
BRAZOS COUNTY,041,64 Years,1635,781,854,1118,522,596,182,83,99,54,27,27,19,11,8,262,138,124
BRAZOS COUNTY,041,65 Years,1545,756,789,1088,533,555,164,72,92,50,21,29,13,7,6,230,123,107
BRAZOS COUNTY,041,66 Years,1468,706,762,1028,478,550,174,79,95,49,24,25,17,11,6,200,114,86
BRAZOS COUNTY,041,67 Years,1349,649,700,944,454,490,155,71,84,55,22,33,12,5,7,183,97,86
BRAZOS COUNTY,041,68 Years,1315,638,677,942,472,470,140,64,76,45,18,27,12,6,6,176,78,98
BRAZOS COUNTY,041,69 Years,1183,558,625,869,411,458,113,50,63,33,17,16,12,7,5,156,73,83
BRAZOS COUNTY,041,70 Years,1251,575,676,934,427,507,112,55,57,33,13,20,12,5,7,160,75,85
BRAZOS COUNTY,041,71 Years,1265,594,671,952,445,507,118,56,62,30,16,14,13,6,7,152,71,81
BRAZOS COUNTY,041,72 Years,1028,475,553,763,362,401,88,35,53,30,13,17,14,6,8,133,59,74
BRAZOS COUNTY,041,73 Years,973,435,538,710,328,382,86,34,52,27,12,15,11,5,6,139,56,83
BRAZOS COUNTY,041,74 Years,912,409,503,686,303,383,82,33,49,23,15,8,10,6,4,111,52,59
BRAZOS COUNTY,041,75 Years,839,387,452,644,301,343,73,28,45,17,10,7,8,4,4,97,44,53
BRAZOS COUNTY,041,76 Years,758,347,411,592,275,317,60,24,36,12,6,6,8,4,4,86,38,48
BRAZOS COUNTY,041,77 Years,699,306,393,545,234,311,61,25,36,12,6,6,7,3,4,74,38,36
BRAZOS COUNTY,041,78 Years,641,266,375,503,208,295,62,23,39,12,6,6,9,4,5,55,25,30
BRAZOS COUNTY,041,79 Years,593,261,332,472,209,263,61,27,34,12,6,6,4,2,2,44,17,27
BRAZOS COUNTY,041,80 Years,596,257,339,467,207,260,56,22,34,11,5,6,7,2,5,55,21,34
BRAZOS COUNTY,041,81 Years,532,222,310,404,176,228,47,15,32,7,2,5,6,2,4,68,27,41
BRAZOS COUNTY,041,82 Years,478,202,276,362,157,205,47,16,31,8,2,6,4,1,3,57,26,31
BRAZOS COUNTY,041,83 Years,434,186,248,333,149,184,43,13,30,9,2,7,4,2,2,45,20,25
BRAZOS COUNTY,041,84 Years,425,176,249,336,146,190,36,8,28,8,1,7,4,2,2,41,19,22
BRAZOS COUNTY,041,85 Years,368,146,222,286,119,167,39,14,25,4,1,3,4,1,3,35,11,24
BRAZOS COUNTY,041,86 Years,335,128,207,270,110,160,29,10,19,4,1,3,2,1,1,30,6,24
BRAZOS COUNTY,041,87 Years,285,106,179,241,93,148,18,6,12,6,1,5,1,1,0,19,5,14
BRAZOS COUNTY,041,88 Years,253,99,154,200,78,122,23,9,14,3,1,2,3,1,2,24,10,14
BRAZOS COUNTY,041,89 Years,207,78,129,165,62,103,18,5,13,3,1,2,3,1,2,18,9,9
BRAZOS COUNTY,041,90 Years,185,61,124,153,52,101,11,3,8,4,1,3,3,1,2,14,4,10
BRAZOS COUNTY,041,91 Years,149,52,97,118,42,76,12,4,8,2,1,1,2,1,1,15,4,11
BRAZOS COUNTY,041,92 Years,127,39,88,102,33,69,11,2,9,3,1,2,1,0,1,10,3,7
BRAZOS COUNTY,041,93 Years,104,32,72,88,28,60,7,1,6,3,1,2,1,0,1,5,2,3
BRAZOS COUNTY,041,94 Years,81,26,55,65,21,44,9,2,7,2,1,1,0,0,0,5,2,3
BRAZOS COUNTY,041,95 Years +,212,58,154,159,43,116,26,5,21,6,3,3,1,1,0,20,6,14
BREWSTER COUNTY,043,All Ages,9249,4603,4646,4778,2367,2411,85,62,23,77,32,45,265,127,138,4044,2015,2029
BREWSTER COUNTY,043,< 1 Year,122,68,54,46,27,19,2,1,1,2,0,2,9,5,4,63,35,28
BREWSTER COUNTY,043,1 Years,124,62,62,44,22,22,2,1,1,4,1,3,14,8,6,60,30,30
BREWSTER COUNTY,043,2 Years,124,58,66,45,20,25,3,1,2,5,2,3,14,7,7,57,28,29
BREWSTER COUNTY,043,3 Years,128,61,67,52,23,29,1,0,1,6,3,3,13,7,6,56,28,28
BREWSTER COUNTY,043,4 Years,132,61,71,59,25,34,0,0,0,2,1,1,11,4,7,60,31,29
BREWSTER COUNTY,043,5 Years,136,61,75,66,32,34,0,0,0,0,0,0,9,1,8,61,28,33
BREWSTER COUNTY,043,6 Years,133,62,71,63,33,30,0,0,0,0,0,0,9,1,8,61,28,33
BREWSTER COUNTY,043,7 Years,137,68,69,64,35,29,2,0,2,0,0,0,10,4,6,61,29,32
BREWSTER COUNTY,043,8 Years,137,64,73,64,35,29,0,0,0,0,0,0,8,3,5,65,26,39
BREWSTER COUNTY,043,9 Years,93,46,47,43,23,20,2,2,0,1,1,0,4,2,2,43,18,25
BREWSTER COUNTY,043,10 Years,84,41,43,38,17,21,0,0,0,2,1,1,2,1,1,42,22,20
BREWSTER COUNTY,043,11 Years,83,42,41,33,15,18,1,0,1,1,1,0,2,0,2,46,26,20
BREWSTER COUNTY,043,12 Years,104,51,53,46,21,25,0,0,0,2,1,1,4,2,2,52,27,25
BREWSTER COUNTY,043,13 Years,90,39,51,35,13,22,1,1,0,1,0,1,4,3,1,49,22,27
BREWSTER COUNTY,043,14 Years,94,53,41,44,25,19,0,0,0,0,0,0,3,2,1,47,26,21
BREWSTER COUNTY,043,15 Years,100,60,40,49,32,17,0,0,0,1,1,0,2,1,1,48,26,22
BREWSTER COUNTY,043,16 Years,108,62,46,47,29,18,3,3,0,2,1,1,6,3,3,50,26,24
BREWSTER COUNTY,043,17 Years,100,47,53,40,14,26,1,1,0,1,1,0,5,3,2,53,28,25
BREWSTER COUNTY,043,18 Years,113,61,52,48,23,25,0,0,0,0,0,0,4,2,2,61,36,25
BREWSTER COUNTY,043,19 Years,98,46,52,34,15,19,4,1,3,1,1,0,3,3,0,56,26,30
BREWSTER COUNTY,043,20 Years,102,50,52,37,21,16,3,3,0,1,0,1,8,4,4,53,22,31
BREWSTER COUNTY,043,21 Years,103,49,54,30,17,13,5,4,1,1,0,1,5,0,5,62,28,34
BREWSTER COUNTY,043,22 Years,113,55,58,40,16,24,7,6,1,1,1,0,5,4,1,60,28,32
BREWSTER COUNTY,043,23 Years,91,46,45,25,11,14,4,4,0,2,0,2,4,3,1,56,28,28
BREWSTER COUNTY,043,24 Years,91,40,51,26,7,19,5,3,2,1,0,1,1,1,0,58,29,29
BREWSTER COUNTY,043,25 Years,97,52,45,45,21,24,3,3,0,0,0,0,0,0,0,49,28,21
BREWSTER COUNTY,043,26 Years,88,46,42,40,23,17,2,2,0,0,0,0,2,0,2,44,21,23
BREWSTER COUNTY,043,27 Years,110,56,54,41,24,17,0,0,0,1,0,1,4,4,0,64,28,36
BREWSTER COUNTY,043,28 Years,118,60,58,43,21,22,2,2,0,1,0,1,4,1,3,68,36,32
BREWSTER COUNTY,043,29 Years,154,84,70,61,31,30,2,2,0,3,3,0,4,1,3,84,47,37
BREWSTER COUNTY,043,30 Years,138,73,65,62,31,31,0,0,0,2,1,1,3,0,3,71,41,30
BREWSTER COUNTY,043,31 Years,129,74,55,68,35,33,0,0,0,1,0,1,1,0,1,59,39,20
BREWSTER COUNTY,043,32 Years,126,61,65,72,35,37,0,0,0,0,0,0,2,1,1,52,25,27
BREWSTER COUNTY,043,33 Years,140,67,73,68,37,31,0,0,0,2,1,1,2,1,1,68,28,40
BREWSTER COUNTY,043,34 Years,132,75,57,71,43,28,0,0,0,0,0,0,1,1,0,60,31,29
BREWSTER COUNTY,043,35 Years,131,75,56,65,35,30,0,0,0,1,1,0,3,2,1,62,37,25
BREWSTER COUNTY,043,36 Years,127,65,62,70,32,38,2,2,0,1,1,0,1,1,0,53,29,24
BREWSTER COUNTY,043,37 Years,125,70,55,64,37,27,1,0,1,0,0,0,0,0,0,60,33,27
BREWSTER COUNTY,043,38 Years,121,67,54,63,34,29,0,0,0,0,0,0,0,0,0,58,33,25
BREWSTER COUNTY,043,39 Years,100,50,50,51,23,28,1,1,0,1,0,1,3,3,0,44,23,21
BREWSTER COUNTY,043,40 Years,102,48,54,54,25,29,0,0,0,1,0,1,3,3,0,44,20,24
BREWSTER COUNTY,043,41 Years,97,40,57,51,22,29,1,0,1,0,0,0,2,2,0,43,16,27
BREWSTER COUNTY,043,42 Years,100,50,50,49,27,22,1,1,0,1,1,0,1,1,0,48,20,28
BREWSTER COUNTY,043,43 Years,115,60,55,59,30,29,2,2,0,1,1,0,0,0,0,53,27,26
BREWSTER COUNTY,043,44 Years,91,51,40,47,28,19,1,0,1,2,0,2,1,1,0,40,22,18
BREWSTER COUNTY,043,45 Years,86,47,39,42,24,18,0,0,0,1,0,1,1,1,0,42,22,20
BREWSTER COUNTY,043,46 Years,103,49,54,54,25,29,0,0,0,1,0,1,0,0,0,48,24,24
BREWSTER COUNTY,043,47 Years,98,49,49,53,27,26,0,0,0,3,2,1,0,0,0,42,20,22
BREWSTER COUNTY,043,48 Years,106,52,54,56,27,29,0,0,0,1,0,1,2,2,0,47,23,24
BREWSTER COUNTY,043,49 Years,102,51,51,47,25,22,1,1,0,1,0,1,3,0,3,50,25,25
BREWSTER COUNTY,043,50 Years,109,52,57,55,27,28,0,0,0,2,2,0,1,0,1,51,23,28
BREWSTER COUNTY,043,51 Years,105,48,57,46,21,25,3,2,1,1,0,1,3,2,1,52,23,29
BREWSTER COUNTY,043,52 Years,92,45,47,42,19,23,1,1,0,1,0,1,5,3,2,43,22,21
BREWSTER COUNTY,043,53 Years,108,48,60,52,23,29,0,0,0,0,0,0,2,1,1,54,24,30
BREWSTER COUNTY,043,54 Years,118,52,66,58,25,33,1,0,1,0,0,0,4,2,2,55,25,30
BREWSTER COUNTY,043,55 Years,111,51,60,61,24,37,0,0,0,0,0,0,1,0,1,49,27,22
BREWSTER COUNTY,043,56 Years,117,48,69,75,32,43,1,1,0,0,0,0,0,0,0,41,15,26
BREWSTER COUNTY,043,57 Years,117,55,62,61,30,31,1,1,0,0,0,0,1,0,1,54,24,30
BREWSTER COUNTY,043,58 Years,117,57,60,66,29,37,1,1,0,1,0,1,0,0,0,49,27,22
BREWSTER COUNTY,043,59 Years,111,52,59,60,26,34,0,0,0,2,2,0,1,1,0,48,23,25
BREWSTER COUNTY,043,60 Years,110,52,58,63,26,37,0,0,0,1,1,0,0,0,0,46,25,21
BREWSTER COUNTY,043,61 Years,127,63,64,78,39,39,0,0,0,0,0,0,1,0,1,48,24,24
BREWSTER COUNTY,043,62 Years,127,58,69,85,39,46,3,1,2,0,0,0,0,0,0,39,18,21
BREWSTER COUNTY,043,63 Years,134,65,69,90,38,52,2,2,0,1,0,1,1,0,1,40,25,15
BREWSTER COUNTY,043,64 Years,132,66,66,82,37,45,1,1,0,0,0,0,1,1,0,48,27,21
BREWSTER COUNTY,043,65 Years,140,72,68,92,47,45,0,0,0,1,0,1,1,0,1,46,25,21
BREWSTER COUNTY,043,66 Years,128,70,58,84,49,35,0,0,0,0,0,0,1,0,1,43,21,22
BREWSTER COUNTY,043,67 Years,111,60,51,65,33,32,1,1,0,1,0,1,4,2,2,40,24,16
BREWSTER COUNTY,043,68 Years,134,60,74,88,36,52,1,1,0,0,0,0,5,3,2,40,20,20
BREWSTER COUNTY,043,69 Years,129,56,73,93,41,52,1,0,1,0,0,0,4,1,3,31,14,17
BREWSTER COUNTY,043,70 Years,116,64,52,82,48,34,0,0,0,0,0,0,4,2,2,30,14,16
BREWSTER COUNTY,043,71 Years,120,65,55,90,48,42,0,0,0,1,0,1,3,2,1,26,15,11
BREWSTER COUNTY,043,72 Years,100,54,46,69,39,30,0,0,0,0,0,0,3,1,2,28,14,14
BREWSTER COUNTY,043,73 Years,91,49,42,58,35,23,0,0,0,0,0,0,3,2,1,30,12,18
BREWSTER COUNTY,043,74 Years,85,41,44,55,30,25,0,0,0,1,0,1,3,1,2,26,10,16
BREWSTER COUNTY,043,75 Years,81,40,41,52,30,22,0,0,0,0,0,0,1,0,1,28,10,18
BREWSTER COUNTY,043,76 Years,74,34,40,55,26,29,0,0,0,0,0,0,1,0,1,18,8,10
BREWSTER COUNTY,043,77 Years,71,34,37,51,25,26,0,0,0,0,0,0,1,1,0,19,8,11
BREWSTER COUNTY,043,78 Years,67,36,31,45,25,20,0,0,0,0,0,0,0,0,0,22,11,11
BREWSTER COUNTY,043,79 Years,66,36,30,44,24,20,0,0,0,0,0,0,2,1,1,20,11,9
BREWSTER COUNTY,043,80 Years,54,30,24,38,22,16,0,0,0,0,0,0,2,1,1,14,7,7
BREWSTER COUNTY,043,81 Years,42,27,15,27,17,10,2,2,0,0,0,0,0,0,0,13,8,5
BREWSTER COUNTY,043,82 Years,35,21,14,22,14,8,1,1,0,0,0,0,0,0,0,12,6,6
BREWSTER COUNTY,043,83 Years,43,19,24,27,13,14,0,0,0,0,0,0,0,0,0,16,6,10
BREWSTER COUNTY,043,84 Years,31,15,16,19,10,9,0,0,0,0,0,0,0,0,0,12,5,7
BREWSTER COUNTY,043,85 Years,28,12,16,18,7,11,0,0,0,0,0,0,0,0,0,10,5,5
BREWSTER COUNTY,043,86 Years,25,10,15,16,6,10,0,0,0,0,0,0,0,0,0,9,4,5
BREWSTER COUNTY,043,87 Years,29,9,20,16,4,12,0,0,0,0,0,0,1,1,0,12,4,8
BREWSTER COUNTY,043,88 Years,25,8,17,14,4,10,0,0,0,1,0,1,0,0,0,10,4,6
BREWSTER COUNTY,043,89 Years,20,10,10,14,7,7,0,0,0,1,0,1,0,0,0,5,3,2
BREWSTER COUNTY,043,90 Years,20,8,12,13,5,8,0,0,0,0,0,0,1,0,1,6,3,3
BREWSTER COUNTY,043,91 Years,16,7,9,10,4,6,0,0,0,0,0,0,0,0,0,6,3,3
BREWSTER COUNTY,043,92 Years,13,6,7,8,4,4,0,0,0,0,0,0,0,0,0,5,2,3
BREWSTER COUNTY,043,93 Years,12,5,7,8,3,5,0,0,0,0,0,0,0,0,0,4,2,2
BREWSTER COUNTY,043,94 Years,10,3,7,6,1,5,0,0,0,0,0,0,1,0,1,3,2,1
BREWSTER COUNTY,043,95 Years +,22,5,17,11,2,9,0,0,0,0,0,0,1,0,1,10,3,7
BRISCOE COUNTY,045,All Ages,1516,761,755,1010,501,509,42,17,25,0,0,0,21,11,10,443,232,211
BRISCOE COUNTY,045,< 1 Year,15,9,6,7,4,3,0,0,0,0,0,0,0,0,0,8,5,3
BRISCOE COUNTY,045,1 Years,18,10,8,11,5,6,0,0,0,0,0,0,0,0,0,7,5,2
BRISCOE COUNTY,045,2 Years,12,5,7,8,3,5,0,0,0,0,0,0,0,0,0,4,2,2
BRISCOE COUNTY,045,3 Years,13,7,6,6,3,3,0,0,0,0,0,0,0,0,0,7,4,3
BRISCOE COUNTY,045,4 Years,13,7,6,6,3,3,0,0,0,0,0,0,0,0,0,7,4,3
BRISCOE COUNTY,045,5 Years,13,6,7,5,1,4,0,0,0,0,0,0,0,0,0,8,5,3
BRISCOE COUNTY,045,6 Years,16,7,9,7,4,3,0,0,0,0,0,0,0,0,0,9,3,6
BRISCOE COUNTY,045,7 Years,16,8,8,5,3,2,0,0,0,0,0,0,0,0,0,11,5,6
BRISCOE COUNTY,045,8 Years,26,13,13,7,6,1,2,0,2,0,0,0,2,0,2,15,7,8
BRISCOE COUNTY,045,9 Years,16,7,9,8,3,5,1,0,1,0,0,0,0,0,0,7,4,3
BRISCOE COUNTY,045,10 Years,18,10,8,8,4,4,0,0,0,0,0,0,2,1,1,8,5,3
BRISCOE COUNTY,045,11 Years,22,10,12,8,3,5,0,0,0,0,0,0,1,0,1,13,7,6
BRISCOE COUNTY,045,12 Years,22,11,11,9,5,4,1,1,0,0,0,0,0,0,0,12,5,7
BRISCOE COUNTY,045,13 Years,19,10,9,11,6,5,0,0,0,0,0,0,0,0,0,8,4,4
BRISCOE COUNTY,045,14 Years,15,5,10,9,4,5,0,0,0,0,0,0,0,0,0,6,1,5
BRISCOE COUNTY,045,15 Years,17,10,7,10,6,4,0,0,0,0,0,0,0,0,0,7,4,3
BRISCOE COUNTY,045,16 Years,19,13,6,12,9,3,2,0,2,0,0,0,0,0,0,5,4,1
BRISCOE COUNTY,045,17 Years,15,8,7,8,4,4,1,0,1,0,0,0,1,1,0,5,3,2
BRISCOE COUNTY,045,18 Years,16,8,8,8,2,6,1,1,0,0,0,0,1,1,0,6,4,2
BRISCOE COUNTY,045,19 Years,18,11,7,11,6,5,1,1,0,0,0,0,0,0,0,6,4,2
BRISCOE COUNTY,045,20 Years,9,6,3,7,4,3,0,0,0,0,0,0,0,0,0,2,2,0
BRISCOE COUNTY,045,21 Years,12,7,5,6,3,3,0,0,0,0,0,0,1,0,1,5,4,1
BRISCOE COUNTY,045,22 Years,15,10,5,8,5,3,0,0,0,0,0,0,0,0,0,7,5,2
BRISCOE COUNTY,045,23 Years,13,7,6,7,4,3,0,0,0,0,0,0,1,0,1,5,3,2
BRISCOE COUNTY,045,24 Years,19,12,7,10,6,4,1,1,0,0,0,0,3,2,1,5,3,2
BRISCOE COUNTY,045,25 Years,15,10,5,7,4,3,1,1,0,0,0,0,1,1,0,6,4,2
BRISCOE COUNTY,045,26 Years,16,10,6,8,4,4,0,0,0,0,0,0,1,1,0,7,5,2
BRISCOE COUNTY,045,27 Years,13,8,5,6,3,3,0,0,0,0,0,0,1,1,0,6,4,2
BRISCOE COUNTY,045,28 Years,13,8,5,6,3,3,0,0,0,0,0,0,0,0,0,7,5,2
BRISCOE COUNTY,045,29 Years,12,5,7,4,2,2,0,0,0,0,0,0,0,0,0,8,3,5
BRISCOE COUNTY,045,30 Years,16,9,7,7,4,3,1,1,0,0,0,0,1,0,1,7,4,3
BRISCOE COUNTY,045,31 Years,9,4,5,4,2,2,0,0,0,0,0,0,0,0,0,5,2,3
BRISCOE COUNTY,045,32 Years,15,8,7,8,4,4,2,2,0,0,0,0,0,0,0,5,2,3
BRISCOE COUNTY,045,33 Years,10,5,5,6,3,3,1,1,0,0,0,0,0,0,0,3,1,2
BRISCOE COUNTY,045,34 Years,11,8,3,9,7,2,0,0,0,0,0,0,0,0,0,2,1,1
BRISCOE COUNTY,045,35 Years,12,7,5,7,4,3,1,0,1,0,0,0,0,0,0,4,3,1
BRISCOE COUNTY,045,36 Years,14,8,6,7,3,4,0,0,0,0,0,0,0,0,0,7,5,2
BRISCOE COUNTY,045,37 Years,17,10,7,11,6,5,0,0,0,0,0,0,0,0,0,6,4,2
BRISCOE COUNTY,045,38 Years,17,7,10,11,4,7,0,0,0,0,0,0,0,0,0,6,3,3
BRISCOE COUNTY,045,39 Years,13,3,10,6,1,5,0,0,0,0,0,0,0,0,0,7,2,5
BRISCOE COUNTY,045,40 Years,15,7,8,9,5,4,0,0,0,0,0,0,0,0,0,6,2,4
BRISCOE COUNTY,045,41 Years,21,14,7,10,7,3,2,1,1,0,0,0,0,0,0,9,6,3
BRISCOE COUNTY,045,42 Years,22,11,11,14,7,7,0,0,0,0,0,0,0,0,0,8,4,4
BRISCOE COUNTY,045,43 Years,23,12,11,17,9,8,1,0,1,0,0,0,0,0,0,5,3,2
BRISCOE COUNTY,045,44 Years,15,7,8,8,4,4,1,0,1,0,0,0,0,0,0,6,3,3
BRISCOE COUNTY,045,45 Years,18,9,9,11,5,6,1,0,1,0,0,0,0,0,0,6,4,2
BRISCOE COUNTY,045,46 Years,17,9,8,13,7,6,0,0,0,0,0,0,0,0,0,4,2,2
BRISCOE COUNTY,045,47 Years,16,8,8,14,7,7,0,0,0,0,0,0,0,0,0,2,1,1
BRISCOE COUNTY,045,48 Years,17,8,9,12,6,6,1,1,0,0,0,0,0,0,0,4,1,3
BRISCOE COUNTY,045,49 Years,21,10,11,15,9,6,0,0,0,0,0,0,0,0,0,6,1,5
BRISCOE COUNTY,045,50 Years,12,6,6,7,4,3,0,0,0,0,0,0,0,0,0,5,2,3
BRISCOE COUNTY,045,51 Years,14,9,5,13,8,5,0,0,0,0,0,0,0,0,0,1,1,0
BRISCOE COUNTY,045,52 Years,15,8,7,12,6,6,0,0,0,0,0,0,0,0,0,3,2,1
BRISCOE COUNTY,045,53 Years,24,10,14,20,9,11,1,0,1,0,0,0,0,0,0,3,1,2
BRISCOE COUNTY,045,54 Years,22,7,15,15,6,9,0,0,0,0,0,0,0,0,0,7,1,6
BRISCOE COUNTY,045,55 Years,20,8,12,14,5,9,0,0,0,0,0,0,1,1,0,5,2,3
BRISCOE COUNTY,045,56 Years,27,16,11,19,10,9,0,0,0,0,0,0,0,0,0,8,6,2
BRISCOE COUNTY,045,57 Years,23,15,8,17,10,7,0,0,0,0,0,0,0,0,0,6,5,1
BRISCOE COUNTY,045,58 Years,23,11,12,17,8,9,0,0,0,0,0,0,0,0,0,6,3,3
BRISCOE COUNTY,045,59 Years,20,11,9,14,9,5,0,0,0,0,0,0,0,0,0,6,2,4
BRISCOE COUNTY,045,60 Years,17,7,10,13,5,8,1,1,0,0,0,0,0,0,0,3,1,2
BRISCOE COUNTY,045,61 Years,21,9,12,16,7,9,1,0,1,0,0,0,0,0,0,4,2,2
BRISCOE COUNTY,045,62 Years,21,8,13,17,6,11,1,1,0,0,0,0,0,0,0,3,1,2
BRISCOE COUNTY,045,63 Years,20,7,13,16,5,11,1,1,0,0,0,0,1,0,1,2,1,1
BRISCOE COUNTY,045,64 Years,20,8,12,17,8,9,1,0,1,0,0,0,0,0,0,2,0,2
BRISCOE COUNTY,045,65 Years,20,11,9,18,9,9,0,0,0,0,0,0,1,1,0,1,1,0
BRISCOE COUNTY,045,66 Years,19,10,9,18,9,9,0,0,0,0,0,0,0,0,0,1,1,0
BRISCOE COUNTY,045,67 Years,17,9,8,14,7,7,1,0,1,0,0,0,1,1,0,1,1,0
BRISCOE COUNTY,045,68 Years,18,6,12,15,5,10,1,0,1,0,0,0,0,0,0,2,1,1
BRISCOE COUNTY,045,69 Years,21,9,12,18,8,10,0,0,0,0,0,0,0,0,0,3,1,2
BRISCOE COUNTY,045,70 Years,23,10,13,19,9,10,1,0,1,0,0,0,0,0,0,3,1,2
BRISCOE COUNTY,045,71 Years,27,14,13,23,13,10,1,0,1,0,0,0,0,0,0,3,1,2
BRISCOE COUNTY,045,72 Years,29,17,12,24,14,10,0,0,0,0,0,0,0,0,0,5,3,2
BRISCOE COUNTY,045,73 Years,18,11,7,14,10,4,1,0,1,0,0,0,0,0,0,3,1,2
BRISCOE COUNTY,045,74 Years,22,12,10,16,8,8,2,2,0,0,0,0,0,0,0,4,2,2
BRISCOE COUNTY,045,75 Years,22,10,12,18,8,10,0,0,0,0,0,0,1,0,1,3,2,1
BRISCOE COUNTY,045,76 Years,19,10,9,17,9,8,0,0,0,0,0,0,0,0,0,2,1,1
BRISCOE COUNTY,045,77 Years,14,8,6,12,7,5,0,0,0,0,0,0,0,0,0,2,1,1
BRISCOE COUNTY,045,78 Years,16,7,9,14,7,7,1,0,1,0,0,0,0,0,0,1,0,1
BRISCOE COUNTY,045,79 Years,13,5,8,11,4,7,0,0,0,0,0,0,0,0,0,2,1,1
BRISCOE COUNTY,045,80 Years,14,6,8,12,5,7,0,0,0,0,0,0,0,0,0,2,1,1
BRISCOE COUNTY,045,81 Years,11,5,6,11,5,6,0,0,0,0,0,0,0,0,0,0,0,0
BRISCOE COUNTY,045,82 Years,12,3,9,9,3,6,1,0,1,0,0,0,0,0,0,2,0,2
BRISCOE COUNTY,045,83 Years,10,4,6,8,3,5,0,0,0,0,0,0,0,0,0,2,1,1
BRISCOE COUNTY,045,84 Years,10,4,6,8,3,5,0,0,0,0,0,0,0,0,0,2,1,1
BRISCOE COUNTY,045,85 Years,7,3,4,7,3,4,0,0,0,0,0,0,0,0,0,0,0,0
BRISCOE COUNTY,045,86 Years,10,6,4,8,4,4,0,0,0,0,0,0,0,0,0,2,2,0
BRISCOE COUNTY,045,87 Years,7,4,3,7,4,3,0,0,0,0,0,0,0,0,0,0,0,0
BRISCOE COUNTY,045,88 Years,7,3,4,5,2,3,0,0,0,0,0,0,0,0,0,2,1,1
BRISCOE COUNTY,045,89 Years,5,1,4,4,1,3,0,0,0,0,0,0,0,0,0,1,0,1
BRISCOE COUNTY,045,90 Years,4,2,2,4,2,2,0,0,0,0,0,0,0,0,0,0,0,0
BRISCOE COUNTY,045,91 Years,5,2,3,4,2,2,0,0,0,0,0,0,0,0,0,1,0,1
BRISCOE COUNTY,045,92 Years,5,2,3,4,2,2,0,0,0,0,0,0,0,0,0,1,0,1
BRISCOE COUNTY,045,93 Years,3,1,2,3,1,2,0,0,0,0,0,0,0,0,0,0,0,0
BRISCOE COUNTY,045,94 Years,4,1,3,2,0,2,2,1,1,0,0,0,0,0,0,0,0,0
BRISCOE COUNTY,045,95 Years +,10,3,7,4,2,2,3,0,3,0,0,0,0,0,0,3,1,2
BROOKS COUNTY,047,All Ages,7215,3707,3508,614,310,304,21,13,8,19,10,9,26,10,16,6535,3364,3171
BROOKS COUNTY,047,< 1 Year,107,58,49,6,4,2,0,0,0,0,0,0,0,0,0,101,54,47
BROOKS COUNTY,047,1 Years,110,62,48,8,5,3,0,0,0,0,0,0,0,0,0,102,57,45
BROOKS COUNTY,047,2 Years,108,60,48,7,3,4,0,0,0,0,0,0,0,0,0,101,57,44
BROOKS COUNTY,047,3 Years,111,59,52,8,3,5,0,0,0,0,0,0,0,0,0,103,56,47
BROOKS COUNTY,047,4 Years,113,57,56,9,4,5,0,0,0,0,0,0,0,0,0,104,53,51
BROOKS COUNTY,047,5 Years,110,52,58,10,4,6,0,0,0,0,0,0,0,0,0,100,48,52
BROOKS COUNTY,047,6 Years,120,60,60,11,6,5,0,0,0,0,0,0,0,0,0,109,54,55
BROOKS COUNTY,047,7 Years,115,61,54,9,5,4,0,0,0,0,0,0,0,0,0,106,56,50
BROOKS COUNTY,047,8 Years,113,58,55,8,4,4,0,0,0,0,0,0,0,0,0,105,54,51
BROOKS COUNTY,047,9 Years,98,53,45,6,2,4,0,0,0,0,0,0,1,0,1,91,51,40
BROOKS COUNTY,047,10 Years,100,54,46,11,8,3,0,0,0,1,0,1,1,0,1,87,46,41
BROOKS COUNTY,047,11 Years,112,60,52,6,4,2,0,0,0,0,0,0,1,0,1,105,56,49
BROOKS COUNTY,047,12 Years,109,61,48,9,6,3,0,0,0,0,0,0,1,0,1,99,55,44
BROOKS COUNTY,047,13 Years,96,47,49,7,4,3,0,0,0,0,0,0,0,0,0,89,43,46
BROOKS COUNTY,047,14 Years,91,47,44,5,3,2,1,0,1,1,1,0,1,1,0,83,42,41
BROOKS COUNTY,047,15 Years,74,34,40,4,1,3,0,0,0,1,1,0,0,0,0,69,32,37
BROOKS COUNTY,047,16 Years,99,49,50,8,2,6,1,1,0,0,0,0,0,0,0,90,46,44
BROOKS COUNTY,047,17 Years,89,44,45,5,4,1,0,0,0,0,0,0,1,0,1,83,40,43
BROOKS COUNTY,047,18 Years,91,53,38,7,3,4,1,1,0,0,0,0,1,1,0,82,48,34
BROOKS COUNTY,047,19 Years,83,52,31,6,4,2,1,0,1,0,0,0,0,0,0,76,48,28
BROOKS COUNTY,047,20 Years,88,50,38,7,5,2,1,0,1,0,0,0,0,0,0,80,45,35
BROOKS COUNTY,047,21 Years,85,50,35,6,4,2,0,0,0,0,0,0,0,0,0,79,46,33
BROOKS COUNTY,047,22 Years,89,50,39,4,2,2,0,0,0,0,0,0,0,0,0,85,48,37
BROOKS COUNTY,047,23 Years,85,51,34,4,1,3,0,0,0,0,0,0,1,0,1,80,50,30
BROOKS COUNTY,047,24 Years,88,52,36,3,2,1,0,0,0,0,0,0,0,0,0,85,50,35
BROOKS COUNTY,047,25 Years,114,63,51,6,2,4,0,0,0,0,0,0,0,0,0,108,61,47
BROOKS COUNTY,047,26 Years,117,67,50,4,2,2,0,0,0,0,0,0,0,0,0,113,65,48
BROOKS COUNTY,047,27 Years,112,63,49,3,1,2,0,0,0,1,1,0,2,1,1,106,60,46
BROOKS COUNTY,047,28 Years,114,60,54,4,2,2,0,0,0,2,2,0,1,0,1,107,56,51
BROOKS COUNTY,047,29 Years,102,61,41,5,3,2,1,1,0,0,0,0,1,0,1,95,57,38
BROOKS COUNTY,047,30 Years,110,62,48,7,1,6,0,0,0,0,0,0,0,0,0,103,61,42
BROOKS COUNTY,047,31 Years,99,54,45,6,3,3,0,0,0,3,1,2,0,0,0,90,50,40
BROOKS COUNTY,047,32 Years,90,42,48,6,2,4,1,1,0,1,0,1,1,0,1,81,39,42
BROOKS COUNTY,047,33 Years,84,51,33,5,3,2,0,0,0,0,0,0,0,0,0,79,48,31
BROOKS COUNTY,047,34 Years,89,53,36,5,3,2,1,0,1,0,0,0,0,0,0,83,50,33
BROOKS COUNTY,047,35 Years,89,41,48,6,1,5,1,1,0,0,0,0,1,0,1,81,39,42
BROOKS COUNTY,047,36 Years,85,42,43,6,3,3,2,1,1,0,0,0,0,0,0,77,38,39
BROOKS COUNTY,047,37 Years,98,52,46,6,3,3,1,1,0,0,0,0,0,0,0,91,48,43
BROOKS COUNTY,047,38 Years,80,35,45,5,2,3,1,1,0,0,0,0,0,0,0,74,32,42
BROOKS COUNTY,047,39 Years,65,37,28,5,3,2,0,0,0,0,0,0,0,0,0,60,34,26
BROOKS COUNTY,047,40 Years,69,38,31,2,0,2,0,0,0,0,0,0,0,0,0,67,38,29
BROOKS COUNTY,047,41 Years,61,30,31,5,1,4,0,0,0,0,0,0,0,0,0,56,29,27
BROOKS COUNTY,047,42 Years,67,29,38,5,2,3,0,0,0,0,0,0,1,1,0,61,26,35
BROOKS COUNTY,047,43 Years,67,38,29,3,1,2,1,0,1,2,2,0,1,1,0,60,34,26
BROOKS COUNTY,047,44 Years,52,34,18,4,4,0,1,0,1,0,0,0,1,1,0,46,29,17
BROOKS COUNTY,047,45 Years,78,40,38,11,7,4,0,0,0,1,1,0,0,0,0,66,32,34
BROOKS COUNTY,047,46 Years,72,29,43,8,5,3,1,1,0,0,0,0,2,1,1,61,22,39
BROOKS COUNTY,047,47 Years,66,31,35,7,3,4,0,0,0,0,0,0,1,1,0,58,27,31
BROOKS COUNTY,047,48 Years,57,29,28,7,4,3,0,0,0,0,0,0,0,0,0,50,25,25
BROOKS COUNTY,047,49 Years,59,27,32,3,2,1,1,1,0,0,0,0,0,0,0,55,24,31
BROOKS COUNTY,047,50 Years,63,35,28,2,2,0,1,1,0,0,0,0,2,1,1,58,31,27
BROOKS COUNTY,047,51 Years,73,42,31,4,2,2,0,0,0,1,1,0,0,0,0,68,39,29
BROOKS COUNTY,047,52 Years,75,38,37,5,3,2,0,0,0,0,0,0,0,0,0,70,35,35
BROOKS COUNTY,047,53 Years,80,40,40,6,4,2,0,0,0,0,0,0,0,0,0,74,36,38
BROOKS COUNTY,047,54 Years,74,36,38,5,4,1,1,1,0,0,0,0,0,0,0,68,31,37
BROOKS COUNTY,047,55 Years,84,41,43,7,3,4,1,1,0,0,0,0,0,0,0,76,37,39
BROOKS COUNTY,047,56 Years,95,45,50,9,3,6,0,0,0,0,0,0,1,1,0,85,41,44
BROOKS COUNTY,047,57 Years,81,42,39,8,3,5,0,0,0,0,0,0,0,0,0,73,39,34
BROOKS COUNTY,047,58 Years,85,36,49,4,2,2,0,0,0,0,0,0,0,0,0,81,34,47
BROOKS COUNTY,047,59 Years,75,41,34,6,3,3,0,0,0,0,0,0,0,0,0,69,38,31
BROOKS COUNTY,047,60 Years,72,33,39,5,4,1,0,0,0,1,0,1,0,0,0,66,29,37
BROOKS COUNTY,047,61 Years,83,39,44,7,3,4,0,0,0,0,0,0,1,0,1,75,36,39
BROOKS COUNTY,047,62 Years,82,42,40,10,4,6,0,0,0,0,0,0,0,0,0,72,38,34
BROOKS COUNTY,047,63 Years,87,39,48,10,5,5,0,0,0,2,0,2,0,0,0,75,34,41
BROOKS COUNTY,047,64 Years,81,44,37,12,6,6,0,0,0,1,0,1,0,0,0,68,38,30
BROOKS COUNTY,047,65 Years,78,40,38,11,5,6,0,0,0,0,0,0,0,0,0,67,35,32
BROOKS COUNTY,047,66 Years,69,36,33,8,4,4,0,0,0,0,0,0,0,0,0,61,32,29
BROOKS COUNTY,047,67 Years,76,42,34,7,5,2,0,0,0,0,0,0,0,0,0,69,37,32
BROOKS COUNTY,047,68 Years,76,34,42,10,4,6,0,0,0,0,0,0,0,0,0,66,30,36
BROOKS COUNTY,047,69 Years,73,34,39,9,3,6,0,0,0,0,0,0,0,0,0,64,31,33
BROOKS COUNTY,047,70 Years,74,40,34,10,6,4,0,0,0,0,0,0,0,0,0,64,34,30
BROOKS COUNTY,047,71 Years,79,36,43,9,5,4,0,0,0,0,0,0,0,0,0,70,31,39
BROOKS COUNTY,047,72 Years,74,39,35,7,5,2,0,0,0,0,0,0,0,0,0,67,34,33
BROOKS COUNTY,047,73 Years,85,45,40,10,6,4,0,0,0,0,0,0,0,0,0,75,39,36
BROOKS COUNTY,047,74 Years,64,32,32,4,2,2,0,0,0,0,0,0,0,0,0,60,30,30
BROOKS COUNTY,047,75 Years,62,32,30,9,5,4,0,0,0,0,0,0,0,0,0,53,27,26
BROOKS COUNTY,047,76 Years,58,29,29,9,6,3,0,0,0,0,0,0,1,0,1,48,23,25
BROOKS COUNTY,047,77 Years,49,24,25,7,6,1,0,0,0,0,0,0,1,0,1,41,18,23
BROOKS COUNTY,047,78 Years,53,24,29,7,4,3,0,0,0,0,0,0,0,0,0,46,20,26
BROOKS COUNTY,047,79 Years,56,22,34,5,2,3,0,0,0,1,0,1,0,0,0,50,20,30
BROOKS COUNTY,047,80 Years,46,23,23,7,5,2,0,0,0,0,0,0,0,0,0,39,18,21
BROOKS COUNTY,047,81 Years,41,20,21,5,2,3,0,0,0,0,0,0,0,0,0,36,18,18
BROOKS COUNTY,047,82 Years,42,22,20,11,6,5,0,0,0,0,0,0,0,0,0,31,16,15
BROOKS COUNTY,047,83 Years,38,16,22,6,4,2,0,0,0,0,0,0,0,0,0,32,12,20
BROOKS COUNTY,047,84 Years,32,13,19,6,4,2,0,0,0,0,0,0,0,0,0,26,9,17
BROOKS COUNTY,047,85 Years,22,8,14,4,1,3,0,0,0,0,0,0,0,0,0,18,7,11
BROOKS COUNTY,047,86 Years,20,5,15,3,1,2,0,0,0,0,0,0,0,0,0,17,4,13
BROOKS COUNTY,047,87 Years,29,9,20,5,1,4,0,0,0,0,0,0,0,0,0,24,8,16
BROOKS COUNTY,047,88 Years,33,11,22,8,3,5,1,0,1,0,0,0,0,0,0,24,8,16
BROOKS COUNTY,047,89 Years,26,8,18,5,1,4,0,0,0,0,0,0,0,0,0,21,7,14
BROOKS COUNTY,047,90 Years,23,7,16,5,1,4,0,0,0,0,0,0,0,0,0,18,6,12
BROOKS COUNTY,047,91 Years,18,9,9,6,3,3,0,0,0,0,0,0,0,0,0,12,6,6
BROOKS COUNTY,047,92 Years,10,4,6,3,2,1,0,0,0,0,0,0,0,0,0,7,2,5
BROOKS COUNTY,047,93 Years,11,2,9,2,0,2,0,0,0,0,0,0,0,0,0,9,2,7
BROOKS COUNTY,047,94 Years,8,2,6,1,0,1,0,0,0,0,0,0,0,0,0,7,2,5
BROOKS COUNTY,047,95 Years +,20,4,16,7,1,6,0,0,0,0,0,0,0,0,0,13,3,10
BROWN COUNTY,049,All Ages,39279,19399,19880,27786,13531,14255,1478,810,668,194,87,107,820,430,390,9001,4541,4460
BROWN COUNTY,049,< 1 Year,434,235,199,242,135,107,20,9,11,3,2,1,11,5,6,158,84,74
BROWN COUNTY,049,1 Years,439,229,210,250,130,120,20,12,8,3,2,1,10,4,6,156,81,75
BROWN COUNTY,049,2 Years,446,231,215,259,129,130,22,13,9,3,2,1,14,7,7,148,80,68
BROWN COUNTY,049,3 Years,459,235,224,274,133,141,20,12,8,3,2,1,16,9,7,146,79,67
BROWN COUNTY,049,4 Years,458,237,221,279,136,143,20,11,9,4,4,0,16,12,4,139,74,65
BROWN COUNTY,049,5 Years,462,229,233,295,145,150,20,9,11,3,2,1,12,8,4,132,65,67
BROWN COUNTY,049,6 Years,460,220,240,290,137,153,21,11,10,4,3,1,13,8,5,132,61,71
BROWN COUNTY,049,7 Years,456,226,230,277,137,140,20,9,11,4,3,1,16,8,8,139,69,70
BROWN COUNTY,049,8 Years,463,247,216,270,162,108,24,15,9,3,2,1,13,8,5,153,60,93
BROWN COUNTY,049,9 Years,462,253,209,271,149,122,21,14,7,2,2,0,17,8,9,151,80,71
BROWN COUNTY,049,10 Years,447,242,205,251,136,115,16,7,9,3,2,1,18,14,4,159,83,76
BROWN COUNTY,049,11 Years,500,257,243,296,147,149,17,6,11,3,1,2,17,12,5,167,91,76
BROWN COUNTY,049,12 Years,495,256,239,261,140,121,16,7,9,4,2,2,16,10,6,198,97,101
BROWN COUNTY,049,13 Years,487,239,248,271,134,137,13,4,9,3,2,1,15,9,6,185,90,95
BROWN COUNTY,049,14 Years,504,261,243,289,158,131,16,5,11,3,1,2,24,11,13,172,86,86
BROWN COUNTY,049,15 Years,573,313,260,339,191,148,19,5,14,2,1,1,19,8,11,194,108,86
BROWN COUNTY,049,16 Years,570,283,287,342,174,168,19,6,13,3,2,1,16,6,10,190,95,95
BROWN COUNTY,049,17 Years,555,276,279,354,187,167,21,7,14,1,1,0,19,9,10,160,72,88
BROWN COUNTY,049,18 Years,517,263,254,312,163,149,18,7,11,1,0,1,22,12,10,164,81,83
BROWN COUNTY,049,19 Years,454,230,224,258,135,123,14,8,6,2,2,0,18,10,8,162,75,87
BROWN COUNTY,049,20 Years,444,227,217,255,134,121,17,8,9,2,1,1,14,9,5,156,75,81
BROWN COUNTY,049,21 Years,428,209,219,259,137,122,16,7,9,1,0,1,10,4,6,142,61,81
BROWN COUNTY,049,22 Years,412,200,212,254,128,126,16,6,10,0,0,0,9,3,6,133,63,70
BROWN COUNTY,049,23 Years,406,191,215,247,119,128,22,10,12,1,0,1,6,3,3,130,59,71
BROWN COUNTY,049,24 Years,427,214,213,246,124,122,29,13,16,1,0,1,10,6,4,141,71,70
BROWN COUNTY,049,25 Years,439,225,214,239,121,118,42,21,21,2,1,1,9,6,3,147,76,71
BROWN COUNTY,049,26 Years,497,272,225,282,151,131,33,22,11,2,1,1,11,3,8,169,95,74
BROWN COUNTY,049,27 Years,538,295,243,339,183,156,33,21,12,3,2,1,16,8,8,147,81,66
BROWN COUNTY,049,28 Years,549,290,259,342,176,166,36,21,15,3,1,2,10,4,6,158,88,70
BROWN COUNTY,049,29 Years,540,270,270,341,168,173,26,11,15,5,2,3,8,5,3,160,84,76
BROWN COUNTY,049,30 Years,521,250,271,335,160,175,22,11,11,2,0,2,10,4,6,152,75,77
BROWN COUNTY,049,31 Years,504,239,265,312,138,174,28,16,12,1,1,0,14,6,8,149,78,71
BROWN COUNTY,049,32 Years,474,251,223,288,136,152,21,17,4,2,1,1,11,4,7,152,93,59
BROWN COUNTY,049,33 Years,435,220,215,274,134,140,21,15,6,3,0,3,9,5,4,128,66,62
BROWN COUNTY,049,34 Years,467,225,242,304,135,169,21,17,4,2,0,2,7,5,2,133,68,65
BROWN COUNTY,049,35 Years,456,222,234,317,150,167,17,14,3,1,0,1,5,3,2,116,55,61
BROWN COUNTY,049,36 Years,447,214,233,308,145,163,19,14,5,1,1,0,3,2,1,116,52,64
BROWN COUNTY,049,37 Years,449,232,217,309,157,152,22,13,9,1,1,0,4,1,3,113,60,53
BROWN COUNTY,049,38 Years,442,222,220,315,155,160,17,11,6,1,0,1,5,0,5,104,56,48
BROWN COUNTY,049,39 Years,459,238,221,319,174,145,21,12,9,4,1,3,3,2,1,112,49,63
BROWN COUNTY,049,40 Years,426,225,201,300,162,138,20,16,4,2,0,2,3,3,0,101,44,57
BROWN COUNTY,049,41 Years,414,213,201,291,146,145,18,14,4,3,1,2,3,2,1,99,50,49
BROWN COUNTY,049,42 Years,419,199,220,271,124,147,21,17,4,6,3,3,5,3,2,116,52,64
BROWN COUNTY,049,43 Years,424,213,211,275,127,148,19,14,5,5,3,2,9,5,4,116,64,52
BROWN COUNTY,049,44 Years,428,217,211,291,140,151,15,11,4,5,2,3,6,3,3,111,61,50
BROWN COUNTY,049,45 Years,436,224,212,308,158,150,14,7,7,4,1,3,9,4,5,101,54,47
BROWN COUNTY,049,46 Years,480,231,249,346,166,180,13,8,5,3,1,2,4,1,3,114,55,59
BROWN COUNTY,049,47 Years,472,228,244,338,170,168,17,10,7,2,1,1,2,2,0,113,45,68
BROWN COUNTY,049,48 Years,476,253,223,358,187,171,17,12,5,2,0,2,5,4,1,94,50,44
BROWN COUNTY,049,49 Years,449,236,213,321,164,157,23,15,8,3,2,1,10,5,5,92,50,42
BROWN COUNTY,049,50 Years,433,226,207,312,164,148,18,10,8,3,1,2,7,3,4,93,48,45
BROWN COUNTY,049,51 Years,424,212,212,307,153,154,16,9,7,3,1,2,4,4,0,94,45,49
BROWN COUNTY,049,52 Years,442,220,222,325,162,163,14,8,6,3,1,2,6,3,3,94,46,48
BROWN COUNTY,049,53 Years,467,232,235,352,176,176,12,7,5,3,1,2,9,3,6,91,45,46
BROWN COUNTY,049,54 Years,495,264,231,371,192,179,15,8,7,4,2,2,9,5,4,96,57,39
BROWN COUNTY,049,55 Years,548,266,282,420,191,229,19,10,9,1,1,0,10,7,3,98,57,41
BROWN COUNTY,049,56 Years,527,260,267,410,199,211,15,7,8,1,1,0,12,6,6,89,47,42
BROWN COUNTY,049,57 Years,528,261,267,407,192,215,21,15,6,1,1,0,8,2,6,91,51,40
BROWN COUNTY,049,58 Years,551,266,285,434,200,234,20,15,5,3,1,2,8,3,5,86,47,39
BROWN COUNTY,049,59 Years,539,278,261,426,218,208,22,12,10,1,1,0,7,3,4,83,44,39
BROWN COUNTY,049,60 Years,513,249,264,411,197,214,23,11,12,1,0,1,7,5,2,71,36,35
BROWN COUNTY,049,61 Years,537,253,284,431,200,231,23,11,12,1,0,1,7,2,5,75,40,35
BROWN COUNTY,049,62 Years,512,242,270,433,206,227,14,6,8,1,0,1,6,2,4,58,28,30
BROWN COUNTY,049,63 Years,502,239,263,419,197,222,18,11,7,3,0,3,8,4,4,54,27,27
BROWN COUNTY,049,64 Years,477,230,247,384,188,196,16,9,7,3,2,1,11,4,7,63,27,36
BROWN COUNTY,049,65 Years,476,226,250,391,185,206,14,6,8,2,1,1,7,4,3,62,30,32
BROWN COUNTY,049,66 Years,478,229,249,395,184,211,14,8,6,3,1,2,6,3,3,60,33,27
BROWN COUNTY,049,67 Years,471,217,254,402,183,219,8,5,3,2,0,2,5,4,1,54,25,29
BROWN COUNTY,049,68 Years,483,224,259,403,187,216,10,5,5,1,0,1,9,4,5,60,28,32
BROWN COUNTY,049,69 Years,513,257,256,438,219,219,7,2,5,2,1,1,10,7,3,56,28,28
BROWN COUNTY,049,70 Years,478,225,253,408,189,219,11,5,6,2,1,1,12,8,4,45,22,23
BROWN COUNTY,049,71 Years,492,238,254,428,205,223,12,5,7,0,0,0,9,3,6,43,25,18
BROWN COUNTY,049,72 Years,412,207,205,356,178,178,6,4,2,4,2,2,8,5,3,38,18,20
BROWN COUNTY,049,73 Years,388,176,212,338,157,181,10,5,5,3,0,3,8,5,3,29,9,20
BROWN COUNTY,049,74 Years,389,185,204,345,165,180,6,3,3,3,0,3,9,5,4,26,12,14
BROWN COUNTY,049,75 Years,377,180,197,331,161,170,9,3,6,1,0,1,7,4,3,29,12,17
BROWN COUNTY,049,76 Years,346,148,198,308,136,172,6,1,5,1,0,1,5,3,2,26,8,18
BROWN COUNTY,049,77 Years,328,139,189,298,126,172,7,4,3,0,0,0,3,2,1,20,7,13
BROWN COUNTY,049,78 Years,293,134,159,260,117,143,7,3,4,1,1,0,8,4,4,17,9,8
BROWN COUNTY,049,79 Years,260,116,144,234,105,129,5,1,4,1,0,1,5,2,3,15,8,7
BROWN COUNTY,049,80 Years,233,110,123,211,100,111,3,1,2,0,0,0,5,3,2,14,6,8
BROWN COUNTY,049,81 Years,223,105,118,203,97,106,4,2,2,0,0,0,3,0,3,13,6,7
BROWN COUNTY,049,82 Years,235,107,128,211,95,116,5,2,3,0,0,0,7,4,3,12,6,6
BROWN COUNTY,049,83 Years,199,87,112,177,77,100,5,2,3,0,0,0,4,2,2,13,6,7
BROWN COUNTY,049,84 Years,166,73,93,151,66,85,1,0,1,0,0,0,2,1,1,12,6,6
BROWN COUNTY,049,85 Years,162,69,93,139,57,82,4,3,1,0,0,0,3,1,2,16,8,8
BROWN COUNTY,049,86 Years,164,67,97,142,53,89,5,4,1,0,0,0,4,3,1,13,7,6
BROWN COUNTY,049,87 Years,143,49,94,127,42,85,2,1,1,0,0,0,3,1,2,11,5,6
BROWN COUNTY,049,88 Years,132,48,84,113,41,72,5,1,4,0,0,0,3,1,2,11,5,6
BROWN COUNTY,049,89 Years,102,39,63,87,32,55,2,0,2,2,1,1,2,2,0,9,4,5
BROWN COUNTY,049,90 Years,87,30,57,76,25,51,2,1,1,1,0,1,1,0,1,7,4,3
BROWN COUNTY,049,91 Years,80,28,52,71,24,47,1,0,1,1,0,1,0,0,0,7,4,3
BROWN COUNTY,049,92 Years,67,24,43,60,20,40,0,0,0,0,0,0,0,0,0,7,4,3
BROWN COUNTY,049,93 Years,55,18,37,48,14,34,2,1,1,0,0,0,0,0,0,5,3,2
BROWN COUNTY,049,94 Years,45,13,32,38,10,28,1,0,1,0,0,0,0,0,0,6,3,3
BROWN COUNTY,049,95 Years +,108,26,82,91,19,72,5,2,3,2,1,1,1,0,1,9,4,5
BURLESON COUNTY,051,All Ages,18392,9161,9231,11632,5721,5911,2235,1076,1159,28,11,17,299,155,144,4198,2198,2000
BURLESON COUNTY,051,< 1 Year,213,112,101,86,46,40,24,14,10,0,0,0,8,4,4,95,48,47
BURLESON COUNTY,051,1 Years,212,114,98,86,46,40,22,11,11,0,0,0,8,6,2,96,51,45
BURLESON COUNTY,051,2 Years,221,114,107,96,49,47,23,11,12,0,0,0,8,5,3,94,49,45
BURLESON COUNTY,051,3 Years,228,113,115,94,44,50,25,13,12,0,0,0,8,6,2,101,50,51
BURLESON COUNTY,051,4 Years,216,106,110,90,43,47,25,12,13,0,0,0,6,3,3,95,48,47
BURLESON COUNTY,051,5 Years,211,105,106,84,41,43,24,12,12,0,0,0,5,3,2,98,49,49
BURLESON COUNTY,051,6 Years,206,107,99,88,46,42,23,10,13,0,0,0,5,3,2,90,48,42
BURLESON COUNTY,051,7 Years,214,112,102,92,46,46,23,12,11,0,0,0,6,3,3,93,51,42
BURLESON COUNTY,051,8 Years,219,121,98,100,55,45,20,8,12,0,0,0,4,2,2,95,56,39
BURLESON COUNTY,051,9 Years,210,121,89,109,62,47,18,11,7,0,0,0,10,4,6,73,44,29
BURLESON COUNTY,051,10 Years,255,143,112,132,70,62,22,12,10,0,0,0,12,6,6,89,55,34
BURLESON COUNTY,051,11 Years,254,134,120,124,61,63,29,18,11,0,0,0,5,3,2,96,52,44
BURLESON COUNTY,051,12 Years,241,121,120,117,56,61,29,15,14,0,0,0,6,4,2,89,46,43
BURLESON COUNTY,051,13 Years,251,127,124,126,63,63,37,16,21,0,0,0,9,5,4,79,43,36
BURLESON COUNTY,051,14 Years,267,147,120,130,77,53,45,20,25,0,0,0,6,4,2,86,46,40
BURLESON COUNTY,051,15 Years,225,116,109,118,61,57,33,16,17,0,0,0,5,2,3,69,37,32
BURLESON COUNTY,051,16 Years,229,115,114,135,68,67,22,10,12,0,0,0,3,1,2,69,36,33
BURLESON COUNTY,051,17 Years,257,128,129,142,66,76,30,16,14,0,0,0,4,2,2,81,44,37
BURLESON COUNTY,051,18 Years,244,119,125,139,63,76,31,18,13,0,0,0,6,2,4,68,36,32
BURLESON COUNTY,051,19 Years,216,112,104,111,58,53,36,16,20,0,0,0,5,3,2,64,35,29
BURLESON COUNTY,051,20 Years,220,101,119,116,50,66,30,15,15,0,0,0,6,4,2,68,32,36
BURLESON COUNTY,051,21 Years,228,113,115,128,63,65,31,18,13,0,0,0,8,6,2,61,26,35
BURLESON COUNTY,051,22 Years,235,135,100,127,76,51,30,17,13,0,0,0,6,4,2,72,38,34
BURLESON COUNTY,051,23 Years,248,132,116,140,73,67,41,19,22,0,0,0,4,3,1,63,37,26
BURLESON COUNTY,051,24 Years,219,116,103,132,68,64,34,19,15,0,0,0,3,1,2,50,28,22
BURLESON COUNTY,051,25 Years,224,108,116,120,63,57,37,13,24,0,0,0,4,2,2,63,30,33
BURLESON COUNTY,051,26 Years,228,112,116,135,70,65,35,13,22,0,0,0,3,3,0,55,26,29
BURLESON COUNTY,051,27 Years,221,103,118,132,59,73,32,13,19,1,0,1,4,4,0,52,27,25
BURLESON COUNTY,051,28 Years,208,109,99,112,53,59,30,18,12,0,0,0,5,2,3,61,36,25
BURLESON COUNTY,051,29 Years,191,103,88,107,58,49,24,11,13,0,0,0,1,0,1,59,34,25
BURLESON COUNTY,051,30 Years,192,87,105,125,56,69,25,10,15,0,0,0,1,0,1,41,21,20
BURLESON COUNTY,051,31 Years,192,93,99,121,59,62,31,15,16,0,0,0,2,1,1,38,18,20
BURLESON COUNTY,051,32 Years,205,103,102,123,63,60,21,9,12,1,0,1,2,0,2,58,31,27
BURLESON COUNTY,051,33 Years,205,104,101,118,56,62,27,13,14,0,0,0,1,0,1,59,35,24
BURLESON COUNTY,051,34 Years,174,90,84,113,51,62,17,11,6,0,0,0,0,0,0,44,28,16
BURLESON COUNTY,051,35 Years,173,78,95,103,50,53,23,12,11,0,0,0,2,0,2,45,16,29
BURLESON COUNTY,051,36 Years,200,97,103,136,70,66,21,9,12,0,0,0,2,1,1,41,17,24
BURLESON COUNTY,051,37 Years,217,111,106,144,78,66,25,10,15,0,0,0,2,2,0,46,21,25
BURLESON COUNTY,051,38 Years,199,91,108,119,54,65,21,13,8,0,0,0,4,2,2,55,22,33
BURLESON COUNTY,051,39 Years,177,76,101,109,49,60,17,7,10,0,0,0,2,1,1,49,19,30
BURLESON COUNTY,051,40 Years,171,86,85,102,57,45,20,9,11,2,2,0,1,0,1,46,18,28
BURLESON COUNTY,051,41 Years,175,89,86,107,61,46,20,7,13,2,0,2,4,1,3,42,20,22
BURLESON COUNTY,051,42 Years,171,83,88,104,52,52,19,8,11,1,0,1,2,1,1,45,22,23
BURLESON COUNTY,051,43 Years,183,93,90,111,57,54,24,11,13,0,0,0,2,1,1,46,24,22
BURLESON COUNTY,051,44 Years,173,84,89,102,51,51,27,12,15,0,0,0,4,2,2,40,19,21
BURLESON COUNTY,051,45 Years,196,91,105,122,54,68,26,12,14,0,0,0,3,2,1,45,23,22
BURLESON COUNTY,051,46 Years,204,105,99,134,65,69,28,17,11,0,0,0,2,2,0,40,21,19
BURLESON COUNTY,051,47 Years,203,115,88,137,79,58,23,11,12,1,0,1,1,1,0,41,24,17
BURLESON COUNTY,051,48 Years,215,106,109,147,75,72,20,8,12,0,0,0,2,0,2,46,23,23
BURLESON COUNTY,051,49 Years,203,97,106,143,68,75,22,10,12,0,0,0,1,1,0,37,18,19
BURLESON COUNTY,051,50 Years,234,126,108,159,80,79,33,20,13,0,0,0,1,0,1,41,26,15
BURLESON COUNTY,051,51 Years,223,105,118,152,70,82,27,14,13,0,0,0,3,0,3,41,21,20
BURLESON COUNTY,051,52 Years,244,119,125,170,83,87,23,13,10,1,1,0,4,2,2,46,20,26
BURLESON COUNTY,051,53 Years,231,117,114,167,79,88,16,9,7,1,1,0,2,2,0,45,26,19
BURLESON COUNTY,051,54 Years,247,129,118,179,94,85,28,14,14,0,0,0,1,0,1,39,21,18
BURLESON COUNTY,051,55 Years,281,141,140,193,96,97,33,16,17,1,1,0,5,2,3,49,26,23
BURLESON COUNTY,051,56 Years,255,128,127,177,82,95,30,20,10,1,1,0,3,1,2,44,24,20
BURLESON COUNTY,051,57 Years,254,130,124,184,90,94,24,15,9,1,0,1,3,2,1,42,23,19
BURLESON COUNTY,051,58 Years,267,136,131,200,104,96,22,11,11,0,0,0,4,1,3,41,20,21
BURLESON COUNTY,051,59 Years,262,129,133,195,93,102,23,14,9,1,1,0,5,2,3,38,19,19
BURLESON COUNTY,051,60 Years,274,135,139,208,96,112,31,18,13,0,0,0,1,0,1,34,21,13
BURLESON COUNTY,051,61 Years,272,131,141,202,97,105,35,15,20,2,1,1,1,1,0,32,17,15
BURLESON COUNTY,051,62 Years,273,124,149,212,104,108,27,6,21,0,0,0,1,0,1,33,14,19
BURLESON COUNTY,051,63 Years,266,125,141,213,100,113,25,9,16,0,0,0,1,0,1,27,16,11
BURLESON COUNTY,051,64 Years,265,121,144,200,89,111,29,14,15,1,0,1,4,2,2,31,16,15
BURLESON COUNTY,051,65 Years,256,137,119,190,101,89,35,21,14,3,1,2,1,1,0,27,13,14
BURLESON COUNTY,051,66 Years,220,102,118,168,81,87,28,13,15,1,0,1,2,1,1,21,7,14
BURLESON COUNTY,051,67 Years,239,123,116,171,88,83,33,16,17,0,0,0,5,3,2,30,16,14
BURLESON COUNTY,051,68 Years,241,116,125,176,87,89,37,16,21,2,0,2,3,1,2,23,12,11
BURLESON COUNTY,051,69 Years,229,115,114,168,83,85,33,15,18,1,0,1,4,1,3,23,16,7
BURLESON COUNTY,051,70 Years,214,102,112,163,79,84,32,13,19,0,0,0,2,0,2,17,10,7
BURLESON COUNTY,051,71 Years,225,109,116,176,85,91,25,11,14,0,0,0,5,1,4,19,12,7
BURLESON COUNTY,051,72 Years,197,99,98,152,78,74,17,8,9,1,0,1,1,0,1,26,13,13
BURLESON COUNTY,051,73 Years,174,94,80,133,72,61,21,12,9,1,0,1,2,2,0,17,8,9
BURLESON COUNTY,051,74 Years,176,92,84,140,72,68,16,9,7,0,0,0,3,1,2,17,10,7
BURLESON COUNTY,051,75 Years,156,75,81,120,57,63,17,9,8,0,0,0,4,1,3,15,8,7
BURLESON COUNTY,051,76 Years,129,68,61,100,55,45,12,3,9,0,0,0,2,2,0,15,8,7
BURLESON COUNTY,051,77 Years,131,59,72,104,45,59,13,3,10,0,0,0,4,4,0,10,7,3
BURLESON COUNTY,051,78 Years,134,67,67,100,46,54,18,9,9,0,0,0,2,2,0,14,10,4
BURLESON COUNTY,051,79 Years,134,62,72,99,44,55,17,8,9,1,1,0,1,0,1,16,9,7
BURLESON COUNTY,051,80 Years,110,49,61,87,41,46,12,4,8,0,0,0,1,0,1,10,4,6
BURLESON COUNTY,051,81 Years,108,49,59,88,44,44,12,4,8,0,0,0,0,0,0,8,1,7
BURLESON COUNTY,051,82 Years,108,51,57,85,40,45,13,6,7,0,0,0,1,1,0,9,4,5
BURLESON COUNTY,051,83 Years,87,37,50,62,25,37,16,7,9,0,0,0,0,0,0,9,5,4
BURLESON COUNTY,051,84 Years,93,39,54,73,28,45,12,7,5,0,0,0,1,0,1,7,4,3
BURLESON COUNTY,051,85 Years,79,34,45,57,22,35,13,6,7,0,0,0,0,0,0,9,6,3
BURLESON COUNTY,051,86 Years,74,29,45,57,23,34,10,2,8,1,1,0,0,0,0,6,3,3
BURLESON COUNTY,051,87 Years,65,28,37,51,24,27,9,2,7,0,0,0,0,0,0,5,2,3
BURLESON COUNTY,051,88 Years,67,27,40,50,18,32,10,4,6,0,0,0,1,1,0,6,4,2
BURLESON COUNTY,051,89 Years,50,23,27,37,15,22,6,3,3,0,0,0,0,0,0,7,5,2
BURLESON COUNTY,051,90 Years,43,20,23,30,13,17,7,3,4,0,0,0,1,0,1,5,4,1
BURLESON COUNTY,051,91 Years,36,14,22,25,10,15,6,2,4,0,0,0,1,0,1,4,2,2
BURLESON COUNTY,051,92 Years,32,13,19,24,10,14,5,2,3,0,0,0,0,0,0,3,1,2
BURLESON COUNTY,051,93 Years,27,12,15,20,8,12,5,2,3,0,0,0,0,0,0,2,2,0
BURLESON COUNTY,051,94 Years,22,7,15,14,3,11,5,2,3,0,0,0,0,0,0,3,2,1
BURLESON COUNTY,051,95 Years +,49,15,34,33,8,25,12,5,7,0,0,0,0,0,0,4,2,2
BURNET COUNTY,053,All Ages,47649,23374,24275,34719,16774,17945,741,395,346,233,97,136,794,378,416,11162,5730,5432
BURNET COUNTY,053,< 1 Year,515,285,230,291,163,128,3,2,1,3,2,1,13,7,6,205,111,94
BURNET COUNTY,053,1 Years,558,297,261,320,172,148,4,3,1,2,1,1,15,7,8,217,114,103
BURNET COUNTY,053,2 Years,583,309,274,324,173,151,4,3,1,4,3,1,15,8,7,236,122,114
BURNET COUNTY,053,3 Years,598,305,293,328,165,163,5,4,1,3,2,1,18,9,9,244,125,119
BURNET COUNTY,053,4 Years,585,294,291,313,158,155,6,4,2,4,2,2,17,7,10,245,123,122
BURNET COUNTY,053,5 Years,563,287,276,314,156,158,5,3,2,4,1,3,15,6,9,225,121,104
BURNET COUNTY,053,6 Years,576,288,288,323,161,162,4,2,2,5,2,3,15,6,9,229,117,112
BURNET COUNTY,053,7 Years,575,279,296,325,150,175,4,3,1,3,1,2,16,8,8,227,117,110
BURNET COUNTY,053,8 Years,591,319,272,330,177,153,4,3,1,4,3,1,14,7,7,239,129,110
BURNET COUNTY,053,9 Years,555,291,264,309,156,153,7,5,2,2,2,0,9,5,4,228,123,105
BURNET COUNTY,053,10 Years,548,287,261,329,168,161,8,5,3,2,1,1,11,5,6,198,108,90
BURNET COUNTY,053,11 Years,545,281,264,318,168,150,8,3,5,3,2,1,12,7,5,204,101,103
BURNET COUNTY,053,12 Years,562,276,286,333,166,167,11,4,7,2,1,1,10,5,5,206,100,106
BURNET COUNTY,053,13 Years,581,300,281,357,180,177,6,3,3,2,1,1,14,9,5,202,107,95
BURNET COUNTY,053,14 Years,571,283,288,340,166,174,8,5,3,3,2,1,9,4,5,211,106,105
BURNET COUNTY,053,15 Years,575,283,292,356,178,178,8,5,3,1,1,0,12,5,7,198,94,104
BURNET COUNTY,053,16 Years,612,306,306,382,191,191,10,5,5,2,0,2,12,5,7,206,105,101
BURNET COUNTY,053,17 Years,563,286,277,337,169,168,11,5,6,5,3,2,18,10,8,192,99,93
BURNET COUNTY,053,18 Years,554,293,261,331,177,154,21,11,10,2,1,1,13,8,5,187,96,91
BURNET COUNTY,053,19 Years,525,266,259,298,151,147,18,11,7,1,0,1,14,7,7,194,97,97
BURNET COUNTY,053,20 Years,521,252,269,269,133,136,17,11,6,2,0,2,13,7,6,220,101,119
BURNET COUNTY,053,21 Years,499,244,255,282,141,141,11,6,5,2,1,1,15,6,9,189,90,99
BURNET COUNTY,053,22 Years,511,260,251,303,156,147,16,10,6,2,1,1,14,7,7,176,86,90
BURNET COUNTY,053,23 Years,510,247,263,326,155,171,12,4,8,4,1,3,11,6,5,157,81,76
BURNET COUNTY,053,24 Years,544,254,290,348,158,190,16,6,10,2,1,1,12,5,7,166,84,82
BURNET COUNTY,053,25 Years,632,299,333,426,198,228,23,9,14,2,1,1,12,8,4,169,83,86
BURNET COUNTY,053,26 Years,608,289,319,406,191,215,19,10,9,1,1,0,17,6,11,165,81,84
BURNET COUNTY,053,27 Years,566,275,291,352,156,196,27,17,10,0,0,0,14,8,6,173,94,79
BURNET COUNTY,053,28 Years,563,314,249,355,186,169,15,12,3,3,0,3,9,4,5,181,112,69
BURNET COUNTY,053,29 Years,512,264,248,337,169,168,14,10,4,2,1,1,5,1,4,154,83,71
BURNET COUNTY,053,30 Years,472,245,227,312,150,162,14,11,3,1,0,1,4,1,3,141,83,58
BURNET COUNTY,053,31 Years,485,241,244,322,149,173,10,7,3,2,0,2,9,2,7,142,83,59
BURNET COUNTY,053,32 Years,514,259,255,336,157,179,8,5,3,2,0,2,7,2,5,161,95,66
BURNET COUNTY,053,33 Years,501,267,234,314,161,153,14,6,8,3,2,1,5,2,3,165,96,69
BURNET COUNTY,053,34 Years,544,272,272,347,163,184,14,8,6,2,0,2,7,4,3,174,97,77
BURNET COUNTY,053,35 Years,531,245,286,340,153,187,18,10,8,2,0,2,7,3,4,164,79,85
BURNET COUNTY,053,36 Years,528,263,265,359,172,187,11,7,4,1,1,0,6,4,2,151,79,72
BURNET COUNTY,053,37 Years,554,278,276,394,192,202,12,6,6,3,0,3,8,5,3,137,75,62
BURNET COUNTY,053,38 Years,565,276,289,392,181,211,14,9,5,1,0,1,3,2,1,155,84,71
BURNET COUNTY,053,39 Years,540,260,280,370,170,200,16,9,7,4,2,2,4,2,2,146,77,69
BURNET COUNTY,053,40 Years,501,228,273,329,157,172,14,7,7,4,2,2,4,2,2,150,60,90
BURNET COUNTY,053,41 Years,454,202,252,303,136,167,14,8,6,2,1,1,3,0,3,132,57,75
BURNET COUNTY,053,42 Years,503,255,248,342,169,173,12,8,4,6,2,4,7,5,2,136,71,65
BURNET COUNTY,053,43 Years,460,229,231,327,149,178,11,6,5,5,2,3,3,3,0,114,69,45
BURNET COUNTY,053,44 Years,462,226,236,324,157,167,9,4,5,3,1,2,5,3,2,121,61,60
BURNET COUNTY,053,45 Years,492,233,259,357,173,184,7,2,5,3,1,2,4,2,2,121,55,66
BURNET COUNTY,053,46 Years,533,262,271,381,189,192,7,3,4,5,3,2,8,4,4,132,63,69
BURNET COUNTY,053,47 Years,544,251,293,402,185,217,11,5,6,4,1,3,4,2,2,123,58,65
BURNET COUNTY,053,48 Years,523,244,279,400,186,214,10,3,7,4,0,4,9,3,6,100,52,48
BURNET COUNTY,053,49 Years,514,250,264,386,184,202,10,3,7,2,1,1,6,2,4,110,60,50
BURNET COUNTY,053,50 Years,525,259,266,372,180,192,9,5,4,2,1,1,8,3,5,134,70,64
BURNET COUNTY,053,51 Years,500,249,251,350,169,181,8,4,4,4,2,2,7,4,3,131,70,61
BURNET COUNTY,053,52 Years,503,246,257,374,179,195,6,3,3,3,1,2,8,4,4,112,59,53
BURNET COUNTY,053,53 Years,584,287,297,454,228,226,7,3,4,5,3,2,8,3,5,110,50,60
BURNET COUNTY,053,54 Years,645,310,335,502,242,260,11,8,3,4,2,2,8,4,4,120,54,66
BURNET COUNTY,053,55 Years,648,302,346,515,239,276,8,4,4,3,1,2,8,1,7,114,57,57
BURNET COUNTY,053,56 Years,678,317,361,537,247,290,7,3,4,7,2,5,12,5,7,115,60,55
BURNET COUNTY,053,57 Years,734,349,385,596,285,311,9,4,5,4,1,3,10,6,4,115,53,62
BURNET COUNTY,053,58 Years,760,387,373,617,318,299,11,4,7,4,2,2,12,7,5,116,56,60
BURNET COUNTY,053,59 Years,696,338,358,576,277,299,7,4,3,6,3,3,11,5,6,96,49,47
BURNET COUNTY,053,60 Years,770,376,394,653,321,332,4,2,2,6,2,4,9,3,6,98,48,50
BURNET COUNTY,053,61 Years,721,348,373,608,294,314,4,2,2,4,1,3,10,2,8,95,49,46
BURNET COUNTY,053,62 Years,719,350,369,614,295,319,6,4,2,3,1,2,10,6,4,86,44,42
BURNET COUNTY,053,63 Years,711,346,365,607,289,318,5,4,1,4,2,2,10,6,4,85,45,40
BURNET COUNTY,053,64 Years,681,350,331,588,294,294,4,3,1,3,2,1,12,7,5,74,44,30
BURNET COUNTY,053,65 Years,715,342,373,637,305,332,2,1,1,3,1,2,10,3,7,63,32,31
BURNET COUNTY,053,66 Years,671,322,349,600,287,313,5,2,3,3,2,1,9,2,7,54,29,25
BURNET COUNTY,053,67 Years,673,312,361,595,270,325,5,3,2,1,1,0,10,5,5,62,33,29
BURNET COUNTY,053,68 Years,615,305,310,553,273,280,5,3,2,3,3,0,8,3,5,46,23,23
BURNET COUNTY,053,69 Years,648,336,312,592,308,284,3,2,1,1,1,0,7,3,4,45,22,23
BURNET COUNTY,053,70 Years,656,318,338,591,281,310,3,2,1,2,1,1,8,5,3,52,29,23
BURNET COUNTY,053,71 Years,672,328,344,597,292,305,3,0,3,3,1,2,15,8,7,54,27,27
BURNET COUNTY,053,72 Years,538,279,259,472,243,229,5,0,5,1,0,1,8,4,4,52,32,20
BURNET COUNTY,053,73 Years,501,266,235,456,241,215,4,1,3,0,0,0,6,3,3,35,21,14
BURNET COUNTY,053,74 Years,484,238,246,440,218,222,6,2,4,1,0,1,7,4,3,30,14,16
BURNET COUNTY,053,75 Years,485,241,244,443,218,225,4,2,2,4,2,2,6,5,1,28,14,14
BURNET COUNTY,053,76 Years,422,211,211,390,198,192,3,2,1,2,1,1,4,2,2,23,8,15
BURNET COUNTY,053,77 Years,368,173,195,344,165,179,2,1,1,0,0,0,5,2,3,17,5,12
BURNET COUNTY,053,78 Years,342,150,192,316,142,174,2,0,2,0,0,0,5,3,2,19,5,14
BURNET COUNTY,053,79 Years,337,141,196,311,135,176,5,0,5,0,0,0,3,1,2,18,5,13
BURNET COUNTY,053,80 Years,317,143,174,299,135,164,1,0,1,1,0,1,3,2,1,13,6,7
BURNET COUNTY,053,81 Years,288,136,152,266,127,139,2,1,1,2,1,1,3,2,1,15,5,10
BURNET COUNTY,053,82 Years,239,122,117,220,114,106,2,1,1,0,0,0,4,1,3,13,6,7
BURNET COUNTY,053,83 Years,249,106,143,229,100,129,2,0,2,2,0,2,3,2,1,13,4,9
BURNET COUNTY,053,84 Years,224,92,132,206,87,119,2,0,2,2,0,2,2,1,1,12,4,8
BURNET COUNTY,053,85 Years,215,94,121,200,88,112,1,0,1,1,0,1,3,1,2,10,5,5
BURNET COUNTY,053,86 Years,188,87,101,175,81,94,0,0,0,1,0,1,2,1,1,10,5,5
BURNET COUNTY,053,87 Years,159,66,93,145,59,86,0,0,0,0,0,0,3,1,2,11,6,5
BURNET COUNTY,053,88 Years,149,61,88,137,56,81,2,1,1,0,0,0,2,1,1,8,3,5
BURNET COUNTY,053,89 Years,125,46,79,113,40,73,0,0,0,0,0,0,3,1,2,9,5,4
BURNET COUNTY,053,90 Years,102,33,69,94,31,63,0,0,0,0,0,0,1,0,1,7,2,5
BURNET COUNTY,053,91 Years,88,29,59,80,27,53,1,0,1,0,0,0,1,0,1,6,2,4
BURNET COUNTY,053,92 Years,74,24,50,67,21,46,1,1,0,0,0,0,0,0,0,6,2,4
BURNET COUNTY,053,93 Years,60,18,42,54,16,38,1,1,0,0,0,0,0,0,0,5,1,4
BURNET COUNTY,053,94 Years,50,15,35,45,14,31,1,0,1,0,0,0,1,0,1,3,1,2
BURNET COUNTY,053,95 Years +,99,27,72,90,24,66,1,1,0,2,0,2,2,0,2,4,2,2
CALDWELL COUNTY,055,All Ages,42593,21423,21170,16839,8438,8401,2408,1284,1124,350,178,172,613,313,300,22383,11210,11173
CALDWELL COUNTY,055,< 1 Year,590,314,276,138,74,64,18,12,6,1,1,0,12,7,5,421,220,201
CALDWELL COUNTY,055,1 Years,600,313,287,137,73,64,17,11,6,1,1,0,15,10,5,430,218,212
CALDWELL COUNTY,055,2 Years,596,310,286,146,77,69,17,11,6,2,1,1,13,10,3,418,211,207
CALDWELL COUNTY,055,3 Years,594,306,288,149,78,71,16,10,6,2,1,1,18,12,6,409,205,204
CALDWELL COUNTY,055,4 Years,555,282,273,140,74,66,13,6,7,2,1,1,16,10,6,384,191,193
CALDWELL COUNTY,055,5 Years,530,276,254,129,71,58,13,7,6,1,0,1,15,8,7,372,190,182
CALDWELL COUNTY,055,6 Years,521,269,252,129,68,61,13,8,5,1,0,1,12,6,6,366,187,179
CALDWELL COUNTY,055,7 Years,539,275,264,136,70,66,17,11,6,0,0,0,10,2,8,376,192,184
CALDWELL COUNTY,055,8 Years,532,251,281,130,64,66,17,12,5,1,1,0,11,6,5,373,168,205
CALDWELL COUNTY,055,9 Years,526,256,270,141,72,69,21,10,11,2,2,0,11,5,6,351,167,184
CALDWELL COUNTY,055,10 Years,602,307,295,153,78,75,30,14,16,2,2,0,9,3,6,408,210,198
CALDWELL COUNTY,055,11 Years,570,293,277,143,77,66,26,13,13,2,2,0,10,5,5,389,196,193
CALDWELL COUNTY,055,12 Years,592,311,281,156,85,71,30,17,13,1,1,0,8,2,6,397,206,191
CALDWELL COUNTY,055,13 Years,652,354,298,166,91,75,32,16,16,2,1,1,8,3,5,444,243,201
CALDWELL COUNTY,055,14 Years,624,313,311,168,90,78,28,9,19,4,1,3,6,3,3,418,210,208
CALDWELL COUNTY,055,15 Years,635,345,290,179,107,72,23,15,8,1,0,1,14,4,10,418,219,199
CALDWELL COUNTY,055,16 Years,678,349,329,179,94,85,40,20,20,12,8,4,14,8,6,433,219,214
CALDWELL COUNTY,055,17 Years,712,380,332,200,112,88,58,39,19,24,14,10,17,6,11,413,209,204
CALDWELL COUNTY,055,18 Years,653,327,326,176,88,88,39,26,13,25,17,8,14,3,11,399,193,206
CALDWELL COUNTY,055,19 Years,586,321,265,154,92,62,37,26,11,25,13,12,11,4,7,359,186,173
CALDWELL COUNTY,055,20 Years,591,349,242,182,112,70,41,29,12,39,27,12,10,5,5,319,176,143
CALDWELL COUNTY,055,21 Years,564,328,236,173,102,71,49,34,15,23,13,10,10,8,2,309,171,138
CALDWELL COUNTY,055,22 Years,535,290,245,156,83,73,44,32,12,17,8,9,14,9,5,304,158,146
CALDWELL COUNTY,055,23 Years,502,255,247,150,80,70,26,16,10,11,8,3,13,6,7,302,145,157
CALDWELL COUNTY,055,24 Years,503,247,256,152,76,76,29,15,14,12,6,6,7,2,5,303,148,155
CALDWELL COUNTY,055,25 Years,597,284,313,187,80,107,40,19,21,10,4,6,12,7,5,348,174,174
CALDWELL COUNTY,055,26 Years,648,333,315,198,98,100,45,24,21,2,1,1,14,8,6,389,202,187
CALDWELL COUNTY,055,27 Years,702,358,344,230,117,113,55,23,32,3,1,2,13,6,7,401,211,190
CALDWELL COUNTY,055,28 Years,691,347,344,241,121,120,60,27,33,4,2,2,10,7,3,376,190,186
CALDWELL COUNTY,055,29 Years,646,328,318,251,126,125,46,23,23,4,1,3,8,6,2,337,172,165
CALDWELL COUNTY,055,30 Years,658,340,318,244,114,130,43,27,16,3,1,2,9,5,4,359,193,166
CALDWELL COUNTY,055,31 Years,657,354,303,233,122,111,48,27,21,2,1,1,13,7,6,361,197,164
CALDWELL COUNTY,055,32 Years,579,309,270,205,113,92,41,26,15,1,1,0,5,3,2,327,166,161
CALDWELL COUNTY,055,33 Years,585,297,288,230,129,101,37,26,11,1,0,1,7,3,4,310,139,171
CALDWELL COUNTY,055,34 Years,544,272,272,201,112,89,36,20,16,1,0,1,8,5,3,298,135,163
CALDWELL COUNTY,055,35 Years,537,263,274,189,96,93,33,21,12,5,2,3,6,4,2,304,140,164
CALDWELL COUNTY,055,36 Years,524,263,261,179,93,86,33,18,15,2,1,1,6,4,2,304,147,157
CALDWELL COUNTY,055,37 Years,531,270,261,201,104,97,27,13,14,0,0,0,6,5,1,297,148,149
CALDWELL COUNTY,055,38 Years,535,257,278,209,99,110,37,18,19,2,0,2,5,3,2,282,137,145
CALDWELL COUNTY,055,39 Years,536,255,281,203,98,105,37,15,22,3,0,3,5,3,2,288,139,149
CALDWELL COUNTY,055,40 Years,510,238,272,206,87,119,30,14,16,3,1,2,4,1,3,267,135,132
CALDWELL COUNTY,055,41 Years,467,226,241,191,97,94,29,14,15,1,0,1,4,1,3,242,114,128
CALDWELL COUNTY,055,42 Years,480,226,254,184,89,95,28,15,13,1,1,0,3,1,2,264,120,144
CALDWELL COUNTY,055,43 Years,484,239,245,197,99,98,25,14,11,0,0,0,6,3,3,256,123,133
CALDWELL COUNTY,055,44 Years,518,255,263,192,102,90,30,14,16,3,1,2,7,4,3,286,134,152
CALDWELL COUNTY,055,45 Years,499,245,254,198,99,99,25,9,16,1,0,1,2,2,0,273,135,138
CALDWELL COUNTY,055,46 Years,519,259,260,212,110,102,26,14,12,2,0,2,4,2,2,275,133,142
CALDWELL COUNTY,055,47 Years,551,261,290,241,118,123,29,16,13,1,0,1,5,2,3,275,125,150
CALDWELL COUNTY,055,48 Years,532,257,275,235,113,122,22,13,9,3,1,2,7,4,3,265,126,139
CALDWELL COUNTY,055,49 Years,484,240,244,210,102,108,25,14,11,1,1,0,6,4,2,242,119,123
CALDWELL COUNTY,055,50 Years,497,247,250,215,106,109,27,15,12,4,2,2,4,3,1,247,121,126
CALDWELL COUNTY,055,51 Years,474,232,242,212,106,106,22,15,7,5,2,3,4,3,1,231,106,125
CALDWELL COUNTY,055,52 Years,507,265,242,226,119,107,23,11,12,4,2,2,5,4,1,249,129,120
CALDWELL COUNTY,055,53 Years,554,275,279,248,116,132,28,13,15,3,1,2,2,1,1,273,144,129
CALDWELL COUNTY,055,54 Years,526,274,252,232,119,113,34,20,14,3,1,2,3,2,1,254,132,122
CALDWELL COUNTY,055,55 Years,538,282,256,256,130,126,37,19,18,3,2,1,3,3,0,239,128,111
CALDWELL COUNTY,055,56 Years,511,257,254,249,127,122,40,21,19,3,0,3,9,4,5,210,105,105
CALDWELL COUNTY,055,57 Years,507,245,262,261,128,133,30,15,15,5,1,4,6,1,5,205,100,105
CALDWELL COUNTY,055,58 Years,574,305,269,303,162,141,34,20,14,3,1,2,6,2,4,228,120,108
CALDWELL COUNTY,055,59 Years,524,264,260,279,139,140,34,19,15,4,1,3,4,2,2,203,103,100
CALDWELL COUNTY,055,60 Years,494,251,243,257,129,128,34,15,19,3,0,3,8,6,2,192,101,91
CALDWELL COUNTY,055,61 Years,487,240,247,274,132,142,28,13,15,3,1,2,6,3,3,176,91,85
CALDWELL COUNTY,055,62 Years,517,240,277,292,128,164,29,12,17,5,3,2,7,3,4,184,94,90
CALDWELL COUNTY,055,63 Years,502,226,276,272,121,151,26,13,13,2,1,1,5,2,3,197,89,108
CALDWELL COUNTY,055,64 Years,488,230,258,263,124,139,23,11,12,3,2,1,7,3,4,192,90,102
CALDWELL COUNTY,055,65 Years,430,206,224,230,104,126,21,10,11,2,2,0,4,2,2,173,88,85
CALDWELL COUNTY,055,66 Years,437,225,212,262,137,125,22,9,13,2,0,2,2,1,1,149,78,71
CALDWELL COUNTY,055,67 Years,446,233,213,264,139,125,27,11,16,0,0,0,5,4,1,150,79,71
CALDWELL COUNTY,055,68 Years,414,206,208,249,120,129,24,14,10,2,0,2,5,2,3,134,70,64
CALDWELL COUNTY,055,69 Years,390,193,197,232,114,118,21,12,9,0,0,0,4,1,3,133,66,67
CALDWELL COUNTY,055,70 Years,393,198,195,234,112,122,19,11,8,3,0,3,5,2,3,132,73,59
CALDWELL COUNTY,055,71 Years,374,188,186,241,125,116,17,8,9,1,0,1,2,1,1,113,54,59
CALDWELL COUNTY,055,72 Years,313,150,163,191,96,95,16,7,9,0,0,0,1,0,1,105,47,58
CALDWELL COUNTY,055,73 Years,276,125,151,169,78,91,17,8,9,0,0,0,1,0,1,89,39,50
CALDWELL COUNTY,055,74 Years,283,136,147,185,87,98,14,5,9,0,0,0,4,1,3,80,43,37
CALDWELL COUNTY,055,75 Years,280,122,158,179,81,98,17,4,13,1,0,1,3,1,2,80,36,44
CALDWELL COUNTY,055,76 Years,214,91,123,131,57,74,15,5,10,1,0,1,5,2,3,62,27,35
CALDWELL COUNTY,055,77 Years,200,95,105,128,61,67,13,7,6,1,1,0,2,2,0,56,24,32
CALDWELL COUNTY,055,78 Years,191,96,95,125,61,64,14,8,6,1,1,0,2,1,1,49,25,24
CALDWELL COUNTY,055,79 Years,187,89,98,119,57,62,12,8,4,3,2,1,0,0,0,53,22,31
CALDWELL COUNTY,055,80 Years,167,71,96,110,50,60,12,5,7,1,1,0,0,0,0,44,15,29
CALDWELL COUNTY,055,81 Years,138,63,75,83,39,44,10,4,6,1,1,0,3,1,2,41,18,23
CALDWELL COUNTY,055,82 Years,141,61,80,88,38,50,9,4,5,1,0,1,2,0,2,41,19,22
CALDWELL COUNTY,055,83 Years,150,74,76,94,44,50,8,3,5,1,0,1,1,0,1,46,27,19
CALDWELL COUNTY,055,84 Years,120,58,62,75,33,42,8,4,4,1,0,1,1,0,1,35,21,14
CALDWELL COUNTY,055,85 Years,108,48,60,68,29,39,7,4,3,1,0,1,4,1,3,28,14,14
CALDWELL COUNTY,055,86 Years,105,46,59,69,31,38,7,3,4,1,0,1,2,1,1,26,11,15
CALDWELL COUNTY,055,87 Years,94,42,52,61,25,36,7,3,4,1,1,0,0,0,0,25,13,12
CALDWELL COUNTY,055,88 Years,80,35,45,54,21,33,4,1,3,0,0,0,0,0,0,22,13,9
CALDWELL COUNTY,055,89 Years,71,28,43,44,17,27,4,0,4,0,0,0,1,1,0,22,10,12
CALDWELL COUNTY,055,90 Years,52,23,29,33,15,18,6,2,4,0,0,0,0,0,0,13,6,7
CALDWELL COUNTY,055,91 Years,56,20,36,37,13,24,7,3,4,0,0,0,1,0,1,11,4,7
CALDWELL COUNTY,055,92 Years,49,18,31,30,10,20,5,2,3,0,0,0,0,0,0,14,6,8
CALDWELL COUNTY,055,93 Years,38,15,23,24,10,14,4,1,3,0,0,0,0,0,0,10,4,6
CALDWELL COUNTY,055,94 Years,29,13,16,19,8,11,4,2,2,0,0,0,0,0,0,6,3,3
CALDWELL COUNTY,055,95 Years +,71,25,46,43,14,29,7,1,6,0,0,0,1,0,1,20,10,10
CALHOUN COUNTY,057,All Ages,21955,11181,10774,9245,4661,4584,539,275,264,1096,603,493,243,141,102,10832,5501,5331
CALHOUN COUNTY,057,< 1 Year,299,147,152,83,39,44,3,2,1,23,11,12,6,3,3,184,92,92
CALHOUN COUNTY,057,1 Years,305,151,154,92,46,46,3,2,1,18,8,10,8,3,5,184,92,92
CALHOUN COUNTY,057,2 Years,314,157,157,98,49,49,3,2,1,17,8,9,6,3,3,190,95,95
CALHOUN COUNTY,057,3 Years,327,169,158,104,54,50,3,2,1,19,10,9,6,3,3,195,100,95
CALHOUN COUNTY,057,4 Years,338,173,165,104,54,50,4,3,1,29,16,13,7,4,3,194,96,98
CALHOUN COUNTY,057,5 Years,318,160,158,94,45,49,5,1,4,29,20,9,6,4,2,184,90,94
CALHOUN COUNTY,057,6 Years,306,147,159,93,45,48,3,1,2,26,15,11,5,3,2,179,83,96
CALHOUN COUNTY,057,7 Years,295,141,154,95,46,49,4,1,3,17,11,6,4,2,2,175,81,94
CALHOUN COUNTY,057,8 Years,325,160,165,104,53,51,4,0,4,15,7,8,4,3,1,198,97,101
CALHOUN COUNTY,057,9 Years,271,137,134,73,34,39,8,5,3,11,5,6,3,2,1,176,91,85
CALHOUN COUNTY,057,10 Years,285,148,137,73,36,37,8,5,3,11,5,6,5,3,2,188,99,89
CALHOUN COUNTY,057,11 Years,283,139,144,82,40,42,6,2,4,9,4,5,2,1,1,184,92,92
CALHOUN COUNTY,057,12 Years,295,149,146,86,49,37,7,1,6,9,3,6,3,2,1,190,94,96
CALHOUN COUNTY,057,13 Years,282,141,141,80,38,42,4,1,3,18,10,8,4,2,2,176,90,86
CALHOUN COUNTY,057,14 Years,309,159,150,92,44,48,6,3,3,19,8,11,2,2,0,190,102,88
CALHOUN COUNTY,057,15 Years,321,172,149,101,58,43,8,5,3,20,7,13,6,2,4,186,100,86
CALHOUN COUNTY,057,16 Years,298,162,136,99,58,41,6,4,2,15,6,9,2,1,1,176,93,83
CALHOUN COUNTY,057,17 Years,280,148,132,90,47,43,4,2,2,12,6,6,2,0,2,172,93,79
CALHOUN COUNTY,057,18 Years,291,151,140,82,47,35,7,3,4,12,6,6,3,1,2,187,94,93
CALHOUN COUNTY,057,19 Years,278,157,121,84,48,36,7,4,3,12,6,6,5,3,2,170,96,74
CALHOUN COUNTY,057,20 Years,256,137,119,79,40,39,6,4,2,7,3,4,3,3,0,161,87,74
CALHOUN COUNTY,057,21 Years,280,146,134,96,51,45,6,3,3,16,8,8,0,0,0,162,84,78
CALHOUN COUNTY,057,22 Years,271,132,139,101,47,54,7,4,3,14,6,8,3,0,3,146,75,71
CALHOUN COUNTY,057,23 Years,271,148,123,92,49,43,4,3,1,16,9,7,5,3,2,154,84,70
CALHOUN COUNTY,057,24 Years,314,165,149,107,49,58,6,2,4,17,13,4,4,4,0,180,97,83
CALHOUN COUNTY,057,25 Years,329,177,152,108,53,55,9,3,6,20,14,6,4,2,2,188,105,83
CALHOUN COUNTY,057,26 Years,325,170,155,113,53,60,8,5,3,19,12,7,3,2,1,182,98,84
CALHOUN COUNTY,057,27 Years,316,154,162,101,47,54,9,3,6,13,6,7,4,4,0,189,94,95
CALHOUN COUNTY,057,28 Years,267,134,133,81,43,38,8,3,5,8,3,5,3,3,0,167,82,85
CALHOUN COUNTY,057,29 Years,283,155,128,105,55,50,2,1,1,8,6,2,2,2,0,166,91,75
CALHOUN COUNTY,057,30 Years,283,158,125,85,45,40,5,2,3,10,8,2,1,1,0,182,102,80
CALHOUN COUNTY,057,31 Years,266,150,116,88,50,38,6,2,4,10,7,3,1,0,1,161,91,70
CALHOUN COUNTY,057,32 Years,261,140,121,86,48,38,8,5,3,11,8,3,4,2,2,152,77,75
CALHOUN COUNTY,057,33 Years,268,143,125,86,50,36,6,3,3,13,8,5,2,0,2,161,82,79
CALHOUN COUNTY,057,34 Years,257,140,117,89,53,36,5,2,3,13,9,4,1,0,1,149,76,73
CALHOUN COUNTY,057,35 Years,234,110,124,89,32,57,3,2,1,12,6,6,3,2,1,127,68,59
CALHOUN COUNTY,057,36 Years,278,125,153,91,31,60,1,1,0,15,10,5,1,1,0,170,82,88
CALHOUN COUNTY,057,37 Years,274,137,137,99,49,50,6,4,2,10,6,4,1,1,0,158,77,81
CALHOUN COUNTY,057,38 Years,270,132,138,100,38,62,3,1,2,12,9,3,3,1,2,152,83,69
CALHOUN COUNTY,057,39 Years,231,110,121,83,43,40,4,0,4,11,6,5,2,0,2,131,61,70
CALHOUN COUNTY,057,40 Years,231,122,109,85,53,32,4,2,2,9,6,3,2,1,1,131,60,71
CALHOUN COUNTY,057,41 Years,226,116,110,95,56,39,3,2,1,11,4,7,1,1,0,116,53,63
CALHOUN COUNTY,057,42 Years,223,120,103,84,49,35,5,3,2,12,5,7,2,0,2,120,63,57
CALHOUN COUNTY,057,43 Years,220,115,105,76,38,38,6,3,3,10,4,6,0,0,0,128,70,58
CALHOUN COUNTY,057,44 Years,210,105,105,82,33,49,10,7,3,7,2,5,1,1,0,110,62,48
CALHOUN COUNTY,057,45 Years,225,112,113,85,42,43,8,3,5,7,4,3,0,0,0,125,63,62
CALHOUN COUNTY,057,46 Years,231,108,123,84,39,45,4,2,2,8,4,4,2,1,1,133,62,71
CALHOUN COUNTY,057,47 Years,240,116,124,96,46,50,7,4,3,11,6,5,2,1,1,124,59,65
CALHOUN COUNTY,057,48 Years,264,131,133,113,58,55,8,4,4,16,6,10,2,1,1,125,62,63
CALHOUN COUNTY,057,49 Years,254,125,129,118,54,64,6,2,4,11,5,6,2,1,1,117,63,54
CALHOUN COUNTY,057,50 Years,234,119,115,105,52,53,6,4,2,10,4,6,1,0,1,112,59,53
CALHOUN COUNTY,057,51 Years,256,125,131,106,48,58,7,4,3,14,4,10,4,2,2,125,67,58
CALHOUN COUNTY,057,52 Years,266,131,135,115,52,63,4,1,3,19,9,10,2,2,0,126,67,59
CALHOUN COUNTY,057,53 Years,306,161,145,142,75,67,9,4,5,14,7,7,2,2,0,139,73,66
CALHOUN COUNTY,057,54 Years,287,160,127,142,81,61,6,5,1,11,8,3,1,1,0,127,65,62
CALHOUN COUNTY,057,55 Years,314,172,142,146,77,69,9,6,3,16,10,6,4,2,2,139,77,62
CALHOUN COUNTY,057,56 Years,298,158,140,144,75,69,10,5,5,11,7,4,5,4,1,128,67,61
CALHOUN COUNTY,057,57 Years,277,145,132,143,75,68,6,3,3,16,8,8,3,1,2,109,58,51
CALHOUN COUNTY,057,58 Years,295,157,138,154,86,68,8,3,5,18,6,12,5,3,2,110,59,51
CALHOUN COUNTY,057,59 Years,293,151,142,145,73,72,9,4,5,15,8,7,3,3,0,121,63,58
CALHOUN COUNTY,057,60 Years,284,146,138,146,76,70,10,6,4,18,11,7,1,1,0,109,52,57
CALHOUN COUNTY,057,61 Years,277,140,137,157,84,73,10,6,4,18,10,8,4,1,3,88,39,49
CALHOUN COUNTY,057,62 Years,274,125,149,153,73,80,10,5,5,14,10,4,4,2,2,93,35,58
CALHOUN COUNTY,057,63 Years,286,143,143,160,82,78,13,6,7,8,7,1,2,1,1,103,47,56
CALHOUN COUNTY,057,64 Years,255,128,127,150,82,68,8,3,5,14,7,7,4,3,1,79,33,46
CALHOUN COUNTY,057,65 Years,256,133,123,145,77,68,8,5,3,21,10,11,4,3,1,78,38,40
CALHOUN COUNTY,057,66 Years,263,137,126,146,74,72,10,8,2,15,7,8,3,2,1,89,46,43
CALHOUN COUNTY,057,67 Years,214,107,107,124,61,63,5,4,1,14,9,5,3,2,1,68,31,37
CALHOUN COUNTY,057,68 Years,200,103,97,113,59,54,6,3,3,17,12,5,3,2,1,61,27,34
CALHOUN COUNTY,057,69 Years,222,109,113,133,64,69,9,3,6,13,7,6,4,2,2,63,33,30
CALHOUN COUNTY,057,70 Years,231,108,123,150,72,78,6,2,4,8,5,3,4,2,2,63,27,36
CALHOUN COUNTY,057,71 Years,206,102,104,139,71,68,2,1,1,7,4,3,3,3,0,55,23,32
CALHOUN COUNTY,057,72 Years,179,95,84,124,67,57,4,4,0,6,5,1,1,1,0,44,18,26
CALHOUN COUNTY,057,73 Years,177,94,83,119,63,56,4,2,2,4,4,0,4,3,1,46,22,24
CALHOUN COUNTY,057,74 Years,176,89,87,125,65,60,5,3,2,4,4,0,1,1,0,41,16,25
CALHOUN COUNTY,057,75 Years,185,98,87,130,67,63,5,3,2,6,4,2,1,1,0,43,23,20
CALHOUN COUNTY,057,76 Years,161,81,80,114,56,58,3,1,2,6,3,3,1,0,1,37,21,16
CALHOUN COUNTY,057,77 Years,143,71,72,99,42,57,5,2,3,6,5,1,1,1,0,32,21,11
CALHOUN COUNTY,057,78 Years,120,59,61,90,43,47,7,3,4,3,2,1,3,1,2,17,10,7
CALHOUN COUNTY,057,79 Years,119,61,58,82,43,39,5,3,2,3,2,1,3,0,3,26,13,13
CALHOUN COUNTY,057,80 Years,115,54,61,81,40,41,5,3,2,2,1,1,1,0,1,26,10,16
CALHOUN COUNTY,057,81 Years,122,61,61,82,40,42,8,5,3,7,5,2,0,0,0,25,11,14
CALHOUN COUNTY,057,82 Years,107,57,50,77,39,38,6,5,1,5,4,1,1,1,0,18,8,10
CALHOUN COUNTY,057,83 Years,88,43,45,60,30,30,4,2,2,4,2,2,1,1,0,19,8,11
CALHOUN COUNTY,057,84 Years,92,38,54,68,28,40,4,2,2,2,1,1,1,1,0,17,6,11
CALHOUN COUNTY,057,85 Years,74,30,44,52,20,32,4,2,2,2,1,1,1,1,0,15,6,9
CALHOUN COUNTY,057,86 Years,68,27,41,45,20,25,3,1,2,5,1,4,0,0,0,15,5,10
CALHOUN COUNTY,057,87 Years,65,27,38,43,18,25,2,1,1,5,1,4,0,0,0,15,7,8
CALHOUN COUNTY,057,88 Years,65,33,32,44,22,22,4,2,2,4,3,1,0,0,0,13,6,7
CALHOUN COUNTY,057,89 Years,51,24,27,35,16,19,2,1,1,3,2,1,0,0,0,11,5,6
CALHOUN COUNTY,057,90 Years,39,16,23,25,12,13,3,1,2,2,1,1,0,0,0,9,2,7
CALHOUN COUNTY,057,91 Years,29,14,15,20,10,10,1,1,0,1,0,1,0,0,0,7,3,4
CALHOUN COUNTY,057,92 Years,28,12,16,18,7,11,3,1,2,2,2,0,0,0,0,5,2,3
CALHOUN COUNTY,057,93 Years,23,11,12,14,6,8,2,1,1,2,2,0,0,0,0,5,2,3
CALHOUN COUNTY,057,94 Years,18,9,9,11,6,5,1,0,1,1,1,0,0,0,0,5,2,3
CALHOUN COUNTY,057,95 Years +,39,16,23,23,8,15,2,1,1,2,2,0,1,0,1,11,5,6
CALLAHAN COUNTY,059,All Ages,14142,7030,7112,12159,6011,6148,157,82,75,68,23,45,329,159,170,1429,755,674
CALLAHAN COUNTY,059,< 1 Year,149,72,77,118,56,62,2,1,1,0,0,0,5,1,4,24,14,10
CALLAHAN COUNTY,059,1 Years,145,72,73,116,56,60,2,1,1,1,0,1,4,2,2,22,13,9
CALLAHAN COUNTY,059,2 Years,154,81,73,121,64,57,2,1,1,1,0,1,4,2,2,26,14,12
CALLAHAN COUNTY,059,3 Years,152,82,70,118,63,55,2,1,1,1,0,1,6,4,2,25,14,11
CALLAHAN COUNTY,059,4 Years,143,80,63,110,62,48,3,2,1,1,0,1,8,4,4,21,12,9
CALLAHAN COUNTY,059,5 Years,141,79,62,104,56,48,2,1,1,2,1,1,11,6,5,22,15,7
CALLAHAN COUNTY,059,6 Years,124,69,55,91,51,40,2,1,1,2,1,1,9,5,4,20,11,9
CALLAHAN COUNTY,059,7 Years,124,66,58,95,52,43,2,1,1,2,1,1,7,4,3,18,8,10
CALLAHAN COUNTY,059,8 Years,155,90,65,125,76,49,3,0,3,1,0,1,5,4,1,21,10,11
CALLAHAN COUNTY,059,9 Years,150,78,72,122,60,62,3,1,2,1,1,0,4,2,2,20,14,6
CALLAHAN COUNTY,059,10 Years,144,72,72,115,58,57,2,1,1,1,1,0,4,1,3,22,11,11
CALLAHAN COUNTY,059,11 Years,171,92,79,135,78,57,3,1,2,1,0,1,4,2,2,28,11,17
CALLAHAN COUNTY,059,12 Years,176,100,76,142,86,56,3,1,2,0,0,0,3,2,1,28,11,17
CALLAHAN COUNTY,059,13 Years,165,100,65,130,84,46,2,1,1,0,0,0,9,5,4,24,10,14
CALLAHAN COUNTY,059,14 Years,184,103,81,152,88,64,4,2,2,0,0,0,8,5,3,20,8,12
CALLAHAN COUNTY,059,15 Years,173,89,84,141,71,70,1,0,1,0,0,0,6,4,2,25,14,11
CALLAHAN COUNTY,059,16 Years,194,96,98,158,77,81,2,1,1,0,0,0,7,5,2,27,13,14
CALLAHAN COUNTY,059,17 Years,170,85,85,145,75,70,1,0,1,0,0,0,5,3,2,19,7,12
CALLAHAN COUNTY,059,18 Years,145,76,69,108,57,51,2,2,0,0,0,0,6,4,2,29,13,16
CALLAHAN COUNTY,059,19 Years,144,70,74,103,50,53,3,2,1,0,0,0,9,5,4,29,13,16
CALLAHAN COUNTY,059,20 Years,130,62,68,90,45,45,3,0,3,1,1,0,8,3,5,28,13,15
CALLAHAN COUNTY,059,21 Years,131,68,63,91,43,48,3,3,0,1,0,1,11,5,6,25,17,8
CALLAHAN COUNTY,059,22 Years,137,65,72,104,49,55,4,2,2,1,0,1,3,1,2,25,13,12
CALLAHAN COUNTY,059,23 Years,146,68,78,114,53,61,2,1,1,0,0,0,3,0,3,27,14,13
CALLAHAN COUNTY,059,24 Years,154,79,75,119,57,62,5,5,0,0,0,0,4,1,3,26,16,10
CALLAHAN COUNTY,059,25 Years,177,96,81,147,78,69,3,2,1,2,2,0,3,1,2,22,13,9
CALLAHAN COUNTY,059,26 Years,156,83,73,125,63,62,2,1,1,3,2,1,0,0,0,26,17,9
CALLAHAN COUNTY,059,27 Years,154,84,70,133,72,61,3,2,1,1,1,0,1,1,0,16,8,8
CALLAHAN COUNTY,059,28 Years,169,95,74,134,72,62,3,1,2,1,0,1,3,2,1,28,20,8
CALLAHAN COUNTY,059,29 Years,190,100,90,153,74,79,3,1,2,0,0,0,3,1,2,31,24,7
CALLAHAN COUNTY,059,30 Years,171,80,91,151,69,82,1,1,0,1,0,1,3,0,3,15,10,5
CALLAHAN COUNTY,059,31 Years,155,78,77,136,71,65,1,1,0,0,0,0,2,0,2,16,6,10
CALLAHAN COUNTY,059,32 Years,154,79,75,128,66,62,1,1,0,0,0,0,3,2,1,22,10,12
CALLAHAN COUNTY,059,33 Years,149,69,80,128,57,71,0,0,0,0,0,0,3,0,3,18,12,6
CALLAHAN COUNTY,059,34 Years,173,80,93,143,64,79,2,2,0,0,0,0,5,2,3,23,12,11
CALLAHAN COUNTY,059,35 Years,176,92,84,142,74,68,1,0,1,0,0,0,4,0,4,29,18,11
CALLAHAN COUNTY,059,36 Years,166,92,74,139,73,66,1,1,0,1,0,1,2,1,1,23,17,6
CALLAHAN COUNTY,059,37 Years,162,84,78,132,72,60,3,1,2,0,0,0,3,3,0,24,8,16
CALLAHAN COUNTY,059,38 Years,175,86,89,139,71,68,3,1,2,2,1,1,2,0,2,29,13,16
CALLAHAN COUNTY,059,39 Years,160,81,79,128,62,66,1,1,0,1,0,1,2,1,1,28,17,11
CALLAHAN COUNTY,059,40 Years,166,84,82,150,75,75,0,0,0,1,0,1,4,3,1,11,6,5
CALLAHAN COUNTY,059,41 Years,164,87,77,148,78,70,2,2,0,1,0,1,2,0,2,11,7,4
CALLAHAN COUNTY,059,42 Years,162,80,82,143,69,74,1,1,0,0,0,0,2,0,2,16,10,6
CALLAHAN COUNTY,059,43 Years,151,71,80,134,66,68,4,1,3,1,0,1,3,0,3,9,4,5
CALLAHAN COUNTY,059,44 Years,162,78,84,142,72,70,2,1,1,1,0,1,2,1,1,15,4,11
CALLAHAN COUNTY,059,45 Years,151,63,88,137,58,79,3,3,0,0,0,0,3,1,2,8,1,7
CALLAHAN COUNTY,059,46 Years,158,77,81,146,71,75,1,1,0,0,0,0,1,0,1,10,5,5
CALLAHAN COUNTY,059,47 Years,183,79,104,172,74,98,1,1,0,1,0,1,1,1,0,8,3,5
CALLAHAN COUNTY,059,48 Years,175,79,96,159,73,86,1,0,1,1,1,0,3,0,3,11,5,6
CALLAHAN COUNTY,059,49 Years,185,89,96,161,75,86,2,1,1,1,1,0,5,2,3,16,10,6
CALLAHAN COUNTY,059,50 Years,176,87,89,160,79,81,3,3,0,0,0,0,3,0,3,10,5,5
CALLAHAN COUNTY,059,51 Years,173,90,83,153,80,73,2,1,1,1,0,1,3,1,2,14,8,6
CALLAHAN COUNTY,059,52 Years,161,82,79,141,74,67,0,0,0,2,1,1,2,1,1,16,6,10
CALLAHAN COUNTY,059,53 Years,166,83,83,150,77,73,0,0,0,1,0,1,2,2,0,13,4,9
CALLAHAN COUNTY,059,54 Years,193,95,98,177,88,89,1,1,0,0,0,0,2,0,2,13,6,7
CALLAHAN COUNTY,059,55 Years,230,114,116,203,104,99,2,1,1,0,0,0,2,1,1,23,8,15
CALLAHAN COUNTY,059,56 Years,236,109,127,211,97,114,1,1,0,0,0,0,3,2,1,21,9,12
CALLAHAN COUNTY,059,57 Years,213,107,106,187,92,95,4,2,2,0,0,0,9,5,4,13,8,5
CALLAHAN COUNTY,059,58 Years,243,118,125,209,101,108,3,2,1,4,1,3,5,2,3,22,12,10
CALLAHAN COUNTY,059,59 Years,229,111,118,205,100,105,4,2,2,1,0,1,2,1,1,17,8,9
CALLAHAN COUNTY,059,60 Years,207,100,107,190,89,101,1,1,0,0,0,0,3,3,0,13,7,6
CALLAHAN COUNTY,059,61 Years,203,103,100,181,87,94,1,0,1,2,1,1,4,3,1,15,12,3
CALLAHAN COUNTY,059,62 Years,203,93,110,187,84,103,1,0,1,0,0,0,5,2,3,10,7,3
CALLAHAN COUNTY,059,63 Years,220,104,116,198,92,106,2,1,1,2,1,1,7,4,3,11,6,5
CALLAHAN COUNTY,059,64 Years,227,111,116,207,98,109,2,0,2,4,3,1,5,3,2,9,7,2
CALLAHAN COUNTY,059,65 Years,193,100,93,180,93,87,1,1,0,1,0,1,2,0,2,9,6,3
CALLAHAN COUNTY,059,66 Years,186,90,96,171,81,90,1,1,0,1,0,1,4,3,1,9,5,4
CALLAHAN COUNTY,059,67 Years,177,86,91,163,80,83,1,1,0,1,0,1,4,2,2,8,3,5
CALLAHAN COUNTY,059,68 Years,186,81,105,172,76,96,2,0,2,1,0,1,4,2,2,7,3,4
CALLAHAN COUNTY,059,69 Years,195,83,112,186,81,105,0,0,0,1,0,1,1,0,1,7,2,5
CALLAHAN COUNTY,059,70 Years,191,79,112,184,78,106,0,0,0,1,0,1,1,0,1,5,1,4
CALLAHAN COUNTY,059,71 Years,187,90,97,176,86,90,1,1,0,0,0,0,4,1,3,6,2,4
CALLAHAN COUNTY,059,72 Years,144,77,67,131,70,61,0,0,0,1,1,0,3,1,2,9,5,4
CALLAHAN COUNTY,059,73 Years,150,66,84,139,60,79,2,2,0,1,1,0,2,0,2,6,3,3
CALLAHAN COUNTY,059,74 Years,142,76,66,129,68,61,1,0,1,0,0,0,3,2,1,9,6,3
CALLAHAN COUNTY,059,75 Years,128,64,64,120,58,62,1,1,0,0,0,0,2,2,0,5,3,2
CALLAHAN COUNTY,059,76 Years,121,68,53,110,59,51,1,1,0,1,0,1,2,2,0,7,6,1
CALLAHAN COUNTY,059,77 Years,108,55,53,101,51,50,1,0,1,0,0,0,2,2,0,4,2,2
CALLAHAN COUNTY,059,78 Years,109,55,54,103,51,52,0,0,0,0,0,0,3,1,2,3,3,0
CALLAHAN COUNTY,059,79 Years,107,47,60,100,44,56,1,0,1,1,0,1,2,1,1,3,2,1
CALLAHAN COUNTY,059,80 Years,106,47,59,101,47,54,2,0,2,0,0,0,0,0,0,3,0,3
CALLAHAN COUNTY,059,81 Years,99,53,46,88,48,40,1,0,1,2,0,2,2,2,0,6,3,3
CALLAHAN COUNTY,059,82 Years,81,40,41,72,37,35,0,0,0,2,0,2,2,1,1,5,2,3
CALLAHAN COUNTY,059,83 Years,76,39,37,72,38,34,0,0,0,0,0,0,1,0,1,3,1,2
CALLAHAN COUNTY,059,84 Years,53,23,30,49,22,27,1,0,1,0,0,0,1,0,1,2,1,1
CALLAHAN COUNTY,059,85 Years,53,18,35,48,17,31,1,0,1,1,0,1,0,0,0,3,1,2
CALLAHAN COUNTY,059,86 Years,56,23,33,52,21,31,0,0,0,0,0,0,2,1,1,2,1,1
CALLAHAN COUNTY,059,87 Years,57,21,36,50,17,33,0,0,0,0,0,0,2,1,1,5,3,2
CALLAHAN COUNTY,059,88 Years,42,18,24,37,15,22,0,0,0,0,0,0,1,1,0,4,2,2
CALLAHAN COUNTY,059,89 Years,42,19,23,39,17,22,0,0,0,0,0,0,0,0,0,3,2,1
CALLAHAN COUNTY,059,90 Years,27,12,15,24,10,14,1,0,1,0,0,0,1,1,0,1,1,0
CALLAHAN COUNTY,059,91 Years,27,11,16,22,8,14,1,0,1,0,0,0,1,1,0,3,2,1
CALLAHAN COUNTY,059,92 Years,18,7,11,16,6,10,0,0,0,0,0,0,0,0,0,2,1,1
CALLAHAN COUNTY,059,93 Years,15,3,12,12,2,10,0,0,0,0,0,0,1,0,1,2,1,1
CALLAHAN COUNTY,059,94 Years,14,4,10,13,4,9,0,0,0,0,0,0,1,0,1,0,0,0
CALLAHAN COUNTY,059,95 Years +,27,8,19,23,8,15,2,0,2,0,0,0,0,0,0,2,0,2
CAMERON COUNTY,061,All Ages,425827,206403,219424,38223,19382,18841,1418,822,596,2687,1333,1354,1493,748,745,382006,184118,197888
CAMERON COUNTY,061,< 1 Year,6377,3263,3114,267,148,119,26,13,13,20,10,10,16,9,7,6048,3083,2965
CAMERON COUNTY,061,1 Years,6519,3324,3195,281,155,126,25,11,14,18,10,8,18,10,8,6177,3138,3039
CAMERON COUNTY,061,2 Years,6799,3471,3328,321,173,148,35,17,18,21,11,10,19,10,9,6403,3260,3143
CAMERON COUNTY,061,3 Years,7091,3625,3466,355,187,168,33,16,17,23,13,10,24,12,12,6656,3397,3259
CAMERON COUNTY,061,4 Years,7222,3701,3521,376,186,190,33,17,16,26,14,12,28,14,14,6759,3470,3289
CAMERON COUNTY,061,5 Years,7230,3711,3519,379,188,191,28,16,12,26,14,12,26,14,12,6771,3479,3292
CAMERON COUNTY,061,6 Years,7294,3734,3560,388,196,192,24,13,11,26,14,12,24,12,12,6832,3499,3333
CAMERON COUNTY,061,7 Years,7417,3796,3621,406,216,190,22,12,10,29,15,14,21,12,9,6939,3541,3398
CAMERON COUNTY,061,8 Years,6941,3512,3429,386,193,193,15,4,11,31,14,17,20,9,11,6489,3292,3197
CAMERON COUNTY,061,9 Years,6727,3395,3332,397,197,200,11,6,5,25,14,11,20,12,8,6274,3166,3108
CAMERON COUNTY,061,10 Years,6909,3473,3436,401,204,197,8,4,4,21,9,12,19,10,9,6460,3246,3214
CAMERON COUNTY,061,11 Years,6929,3555,3374,398,200,198,10,3,7,29,18,11,21,11,10,6471,3323,3148
CAMERON COUNTY,061,12 Years,6972,3540,3432,354,174,180,13,4,9,26,16,10,27,14,13,6552,3332,3220
CAMERON COUNTY,061,13 Years,7158,3559,3599,371,172,199,12,6,6,30,14,16,25,11,14,6720,3356,3364
CAMERON COUNTY,061,14 Years,7204,3631,3573,375,190,185,17,11,6,40,17,23,26,16,10,6746,3397,3349
CAMERON COUNTY,061,15 Years,7305,3684,3621,362,182,180,21,10,11,30,16,14,26,15,11,6866,3461,3405
CAMERON COUNTY,061,16 Years,7394,3675,3719,352,182,170,18,10,8,41,28,13,23,13,10,6960,3442,3518
CAMERON COUNTY,061,17 Years,7349,3729,3620,346,192,154,23,7,16,39,26,13,26,11,15,6915,3493,3422
CAMERON COUNTY,061,18 Years,7050,3625,3425,313,175,138,17,4,13,38,19,19,22,10,12,6660,3417,3243
CAMERON COUNTY,061,19 Years,6447,3349,3098,267,137,130,13,8,5,44,21,23,18,10,8,6105,3173,2932
CAMERON COUNTY,061,20 Years,6259,3174,3085,259,136,123,16,8,8,41,20,21,22,7,15,5921,3003,2918
CAMERON COUNTY,061,21 Years,6103,3119,2984,251,126,125,19,12,7,41,20,21,22,13,9,5770,2948,2822
CAMERON COUNTY,061,22 Years,6056,3123,2933,268,132,136,16,8,8,36,17,19,19,11,8,5717,2955,2762
CAMERON COUNTY,061,23 Years,6026,3071,2955,289,134,155,19,9,10,33,20,13,25,13,12,5660,2895,2765
CAMERON COUNTY,061,24 Years,6104,3123,2981,318,161,157,16,8,8,38,19,19,31,15,16,5701,2920,2781
CAMERON COUNTY,061,25 Years,6261,3222,3039,345,171,174,16,6,10,39,22,17,21,14,7,5840,3009,2831
CAMERON COUNTY,061,26 Years,6159,3167,2992,355,190,165,16,5,11,41,25,16,21,12,9,5726,2935,2791
CAMERON COUNTY,061,27 Years,5976,3027,2949,323,170,153,23,11,12,29,17,12,19,8,11,5582,2821,2761
CAMERON COUNTY,061,28 Years,5698,2879,2819,320,171,149,28,17,11,29,16,13,20,9,11,5301,2666,2635
CAMERON COUNTY,061,29 Years,5343,2691,2652,313,171,142,27,21,6,22,15,7,24,11,13,4957,2473,2484
CAMERON COUNTY,061,30 Years,5060,2546,2514,324,190,134,19,15,4,24,17,7,21,11,10,4672,2313,2359
CAMERON COUNTY,061,31 Years,4909,2431,2478,320,176,144,19,13,6,26,17,9,19,9,10,4525,2216,2309
CAMERON COUNTY,061,32 Years,4874,2431,2443,352,186,166,23,13,10,34,22,12,11,7,4,4454,2203,2251
CAMERON COUNTY,061,33 Years,4983,2476,2507,345,190,155,22,15,7,33,18,15,16,8,8,4567,2245,2322
CAMERON COUNTY,061,34 Years,4930,2447,2483,344,195,149,24,16,8,33,17,16,19,14,5,4510,2205,2305
CAMERON COUNTY,061,35 Years,4949,2459,2490,336,172,164,16,11,5,36,22,14,12,9,3,4549,2245,2304
CAMERON COUNTY,061,36 Years,5111,2466,2645,339,170,169,20,15,5,35,16,19,16,12,4,4701,2253,2448
CAMERON COUNTY,061,37 Years,5340,2539,2801,336,173,163,22,16,6,38,14,24,16,12,4,4928,2324,2604
CAMERON COUNTY,061,38 Years,5227,2513,2714,347,171,176,21,15,6,31,19,12,14,7,7,4814,2301,2513
CAMERON COUNTY,061,39 Years,4909,2310,2599,316,167,149,21,15,6,31,11,20,12,4,8,4529,2113,2416
CAMERON COUNTY,061,40 Years,4938,2362,2576,325,168,157,19,13,6,40,18,22,11,4,7,4543,2159,2384
CAMERON COUNTY,061,41 Years,5166,2453,2713,326,177,149,17,14,3,40,17,23,9,6,3,4774,2239,2535
CAMERON COUNTY,061,42 Years,5281,2494,2787,308,165,143,19,14,5,46,23,23,10,5,5,4898,2287,2611
CAMERON COUNTY,061,43 Years,5375,2592,2783,320,157,163,19,14,5,38,17,21,7,3,4,4991,2401,2590
CAMERON COUNTY,061,44 Years,5261,2520,2741,318,179,139,17,8,9,40,23,17,12,3,9,4874,2307,2567
CAMERON COUNTY,061,45 Years,5141,2388,2753,321,169,152,19,13,6,41,22,19,17,7,10,4743,2177,2566
CAMERON COUNTY,061,46 Years,5094,2356,2738,352,184,168,15,11,4,53,24,29,15,7,8,4659,2130,2529
CAMERON COUNTY,061,47 Years,5209,2348,2861,379,194,185,16,12,4,48,17,31,14,6,8,4752,2119,2633
CAMERON COUNTY,061,48 Years,5206,2387,2819,418,216,202,13,9,4,51,18,33,15,6,9,4709,2138,2571
CAMERON COUNTY,061,49 Years,4860,2265,2595,414,226,188,15,9,6,48,21,27,18,7,11,4365,2002,2363
CAMERON COUNTY,061,50 Years,4641,2124,2517,369,183,186,15,9,6,47,20,27,14,5,9,4196,1907,2289
CAMERON COUNTY,061,51 Years,4645,2129,2516,371,180,191,17,10,7,53,24,29,13,6,7,4191,1909,2282
CAMERON COUNTY,061,52 Years,4424,2048,2376,389,191,198,12,8,4,47,25,22,15,6,9,3961,1818,2143
CAMERON COUNTY,061,53 Years,4539,2111,2428,430,209,221,25,19,6,48,22,26,24,12,12,4012,1849,2163
CAMERON COUNTY,061,54 Years,4493,2035,2458,481,244,237,20,10,10,49,23,26,18,11,7,3925,1747,2178
CAMERON COUNTY,061,55 Years,4478,2049,2429,490,246,244,11,5,6,38,17,21,15,9,6,3924,1772,2152
CAMERON COUNTY,061,56 Years,4384,2034,2350,488,245,243,15,9,6,33,17,16,16,6,10,3832,1757,2075
CAMERON COUNTY,061,57 Years,4462,2028,2434,554,272,282,18,13,5,39,14,25,16,8,8,3835,1721,2114
CAMERON COUNTY,061,58 Years,4433,2079,2354,563,291,272,18,10,8,47,24,23,18,8,10,3787,1746,2041
CAMERON COUNTY,061,59 Years,4297,2033,2264,590,298,292,17,10,7,44,21,23,21,8,13,3625,1696,1929
CAMERON COUNTY,061,60 Years,4219,1978,2241,549,286,263,15,9,6,34,19,15,24,13,11,3597,1651,1946
CAMERON COUNTY,061,61 Years,4202,1919,2283,589,302,287,17,9,8,32,17,15,14,6,8,3550,1585,1965
CAMERON COUNTY,061,62 Years,4178,1880,2298,627,300,327,17,9,8,40,27,13,19,9,10,3475,1535,1940
CAMERON COUNTY,061,63 Years,4084,1793,2291,643,299,344,18,13,5,39,18,21,20,10,10,3364,1453,1911
CAMERON COUNTY,061,64 Years,4026,1814,2212,656,315,341,15,11,4,30,14,16,19,9,10,3306,1465,1841
CAMERON COUNTY,061,65 Years,4001,1858,2143,697,326,371,17,9,8,36,16,20,12,8,4,3239,1499,1740
CAMERON COUNTY,061,66 Years,3744,1707,2037,700,331,369,21,12,9,34,14,20,10,7,3,2979,1343,1636
CAMERON COUNTY,061,67 Years,3693,1661,2032,701,357,344,18,11,7,25,10,15,19,10,9,2930,1273,1657
CAMERON COUNTY,061,68 Years,3642,1684,1958,712,378,334,8,4,4,26,7,19,16,7,9,2880,1288,1592
CAMERON COUNTY,061,69 Years,3464,1625,1839,709,391,318,9,4,5,21,7,14,20,10,10,2705,1213,1492
CAMERON COUNTY,061,70 Years,3440,1578,1862,742,376,366,14,8,6,21,14,7,19,10,9,2644,1170,1474
CAMERON COUNTY,061,71 Years,3297,1552,1745,778,392,386,9,6,3,17,7,10,16,9,7,2477,1138,1339
CAMERON COUNTY,061,72 Years,2924,1374,1550,666,350,316,5,5,0,16,8,8,10,6,4,2227,1005,1222
CAMERON COUNTY,061,73 Years,2801,1290,1511,671,343,328,7,5,2,19,9,10,13,5,8,2091,928,1163
CAMERON COUNTY,061,74 Years,2631,1172,1459,700,356,344,10,6,4,12,6,6,11,2,9,1898,802,1096
CAMERON COUNTY,061,75 Years,2347,1054,1293,655,344,311,7,3,4,15,5,10,10,3,7,1660,699,961
CAMERON COUNTY,061,76 Years,2203,972,1231,598,300,298,5,3,2,12,6,6,13,6,7,1575,657,918
CAMERON COUNTY,061,77 Years,2099,910,1189,573,280,293,6,4,2,12,6,6,13,6,7,1495,614,881
CAMERON COUNTY,061,78 Years,2002,888,1114,537,268,269,5,3,2,9,4,5,11,4,7,1440,609,831
CAMERON COUNTY,061,79 Years,1819,782,1037,493,242,251,5,4,1,10,5,5,8,3,5,1303,528,775
CAMERON COUNTY,061,80 Years,1745,743,1002,474,233,241,5,2,3,6,4,2,11,4,7,1249,500,749
CAMERON COUNTY,061,81 Years,1584,679,905,424,216,208,4,2,2,6,4,2,8,5,3,1142,452,690
CAMERON COUNTY,061,82 Years,1472,608,864,406,207,199,2,1,1,6,2,4,6,4,2,1052,394,658
CAMERON COUNTY,061,83 Years,1340,535,805,352,168,184,7,4,3,9,4,5,8,4,4,964,355,609
CAMERON COUNTY,061,84 Years,1172,479,693,284,140,144,4,3,1,8,3,5,5,3,2,871,330,541
CAMERON COUNTY,061,85 Years,1045,407,638,246,112,134,5,2,3,5,1,4,4,3,1,785,289,496
CAMERON COUNTY,061,86 Years,962,362,600,234,104,130,3,2,1,6,1,5,4,1,3,715,254,461
CAMERON COUNTY,061,87 Years,896,340,556,229,104,125,2,1,1,6,2,4,4,2,2,655,231,424
CAMERON COUNTY,061,88 Years,788,294,494,191,87,104,1,1,0,4,1,3,6,2,4,586,203,383
CAMERON COUNTY,061,89 Years,641,233,408,163,74,89,1,1,0,3,0,3,3,1,2,471,157,314
CAMERON COUNTY,061,90 Years,544,189,355,124,52,72,1,0,1,5,1,4,2,1,1,412,135,277
CAMERON COUNTY,061,91 Years,443,157,286,104,41,63,2,0,2,4,1,3,1,0,1,332,115,217
CAMERON COUNTY,061,92 Years,372,130,242,87,35,52,1,0,1,3,2,1,2,0,2,279,93,186
CAMERON COUNTY,061,93 Years,307,104,203,66,26,40,1,1,0,1,0,1,2,0,2,237,77,160
CAMERON COUNTY,061,94 Years,221,74,147,46,18,28,2,1,1,3,1,2,1,0,1,169,54,115
CAMERON COUNTY,061,95 Years +,541,177,364,96,36,60,5,2,3,9,3,6,2,1,1,429,135,294
CAMP COUNTY,063,All Ages,12850,6265,6585,7191,3459,3732,2107,972,1135,63,29,34,394,196,198,3095,1609,1486
CAMP COUNTY,063,< 1 Year,175,89,86,71,38,33,24,13,11,0,0,0,23,13,10,57,25,32
CAMP COUNTY,063,1 Years,171,81,90,68,34,34,24,12,12,0,0,0,22,12,10,57,23,34
CAMP COUNTY,063,2 Years,165,82,83,71,37,34,18,9,9,0,0,0,19,12,7,57,24,33
CAMP COUNTY,063,3 Years,181,86,95,73,37,36,21,10,11,2,1,1,18,10,8,67,28,39
CAMP COUNTY,063,4 Years,188,94,94,79,44,35,19,11,8,2,1,1,17,4,13,71,34,37
CAMP COUNTY,063,5 Years,194,95,99,81,41,40,24,12,12,2,1,1,15,5,10,72,36,36
CAMP COUNTY,063,6 Years,174,84,90,71,35,36,27,12,15,2,1,1,13,5,8,61,31,30
CAMP COUNTY,063,7 Years,175,80,95,73,32,41,29,12,17,2,1,1,9,6,3,62,29,33
CAMP COUNTY,063,8 Years,164,89,75,67,41,26,20,11,9,3,1,2,13,4,9,61,32,29
CAMP COUNTY,063,9 Years,168,96,72,68,37,31,20,12,8,0,0,0,12,7,5,68,40,28
CAMP COUNTY,063,10 Years,180,91,89,79,38,41,23,10,13,1,0,1,11,6,5,66,37,29
CAMP COUNTY,063,11 Years,186,88,98,83,41,42,24,15,9,0,0,0,11,4,7,68,28,40
CAMP COUNTY,063,12 Years,176,85,91,84,44,40,20,13,7,0,0,0,10,4,6,62,24,38
CAMP COUNTY,063,13 Years,191,95,96,82,47,35,26,13,13,1,1,0,7,2,5,75,32,43
CAMP COUNTY,063,14 Years,195,89,106,80,37,43,33,17,16,0,0,0,6,3,3,76,32,44
CAMP COUNTY,063,15 Years,179,87,92,77,34,43,31,16,15,2,2,0,7,5,2,62,30,32
CAMP COUNTY,063,16 Years,177,81,96,75,32,43,28,11,17,1,1,0,6,3,3,67,34,33
CAMP COUNTY,063,17 Years,168,77,91,68,30,38,24,10,14,2,0,2,6,3,3,68,34,34
CAMP COUNTY,063,18 Years,161,75,86,69,30,39,27,12,15,2,0,2,6,4,2,57,29,28
CAMP COUNTY,063,19 Years,160,80,80,66,31,35,31,16,15,4,3,1,4,1,3,55,29,26
CAMP COUNTY,063,20 Years,159,92,67,66,38,28,31,16,15,1,1,0,6,3,3,55,34,21
CAMP COUNTY,063,21 Years,162,89,73,61,39,22,29,15,14,0,0,0,7,4,3,65,31,34
CAMP COUNTY,063,22 Years,155,86,69,64,35,29,31,16,15,0,0,0,7,5,2,53,30,23
CAMP COUNTY,063,23 Years,168,93,75,73,42,31,29,15,14,1,1,0,4,1,3,61,34,27
CAMP COUNTY,063,24 Years,164,92,72,75,41,34,29,19,10,3,2,1,3,1,2,54,29,25
CAMP COUNTY,063,25 Years,175,86,89,72,36,36,37,15,22,1,0,1,8,4,4,57,31,26
CAMP COUNTY,063,26 Years,175,79,96,81,36,45,37,13,24,1,1,0,5,2,3,51,27,24
CAMP COUNTY,063,27 Years,172,83,89,95,48,47,25,11,14,0,0,0,2,1,1,50,23,27
CAMP COUNTY,063,28 Years,180,88,92,97,44,53,33,18,15,0,0,0,5,2,3,45,24,21
CAMP COUNTY,063,29 Years,171,82,89,88,38,50,34,14,20,0,0,0,4,2,2,45,28,17
CAMP COUNTY,063,30 Years,151,77,74,82,45,37,22,11,11,0,0,0,4,2,2,43,19,24
CAMP COUNTY,063,31 Years,165,82,83,91,42,49,24,12,12,1,0,1,3,2,1,46,26,20
CAMP COUNTY,063,32 Years,141,63,78,76,33,43,22,7,15,0,0,0,3,2,1,40,21,19
CAMP COUNTY,063,33 Years,148,67,81,78,38,40,30,11,19,0,0,0,2,0,2,38,18,20
CAMP COUNTY,063,34 Years,136,73,63,78,37,41,23,13,10,0,0,0,3,2,1,32,21,11
CAMP COUNTY,063,35 Years,139,77,62,77,43,34,23,14,9,0,0,0,4,1,3,35,19,16
CAMP COUNTY,063,36 Years,142,75,67,72,37,35,26,14,12,3,1,2,3,1,2,38,22,16
CAMP COUNTY,063,37 Years,156,83,73,77,40,37,22,8,14,2,2,0,3,0,3,52,33,19
CAMP COUNTY,063,38 Years,149,71,78,76,35,41,28,10,18,0,0,0,5,3,2,40,23,17
CAMP COUNTY,063,39 Years,148,76,72,78,36,42,31,17,14,0,0,0,2,1,1,37,22,15
CAMP COUNTY,063,40 Years,158,66,92,91,35,56,26,9,17,0,0,0,3,2,1,38,20,18
CAMP COUNTY,063,41 Years,157,74,83,81,34,47,31,16,15,1,0,1,2,0,2,42,24,18
CAMP COUNTY,063,42 Years,139,78,61,79,40,39,20,13,7,1,0,1,2,2,0,37,23,14
CAMP COUNTY,063,43 Years,127,63,64,67,31,36,16,8,8,0,0,0,3,1,2,41,23,18
CAMP COUNTY,063,44 Years,119,58,61,66,27,39,15,6,9,1,0,1,1,0,1,36,25,11
CAMP COUNTY,063,45 Years,129,62,67,77,34,43,16,7,9,2,1,1,2,0,2,32,20,12
CAMP COUNTY,063,46 Years,151,66,85,91,40,51,22,9,13,1,1,0,1,0,1,36,16,20
CAMP COUNTY,063,47 Years,159,73,86,95,45,50,24,9,15,0,0,0,1,1,0,39,18,21
CAMP COUNTY,063,48 Years,153,75,78,87,44,43,25,11,14,0,0,0,3,2,1,38,18,20
CAMP COUNTY,063,49 Years,141,67,74,81,38,43,25,10,15,0,0,0,3,2,1,32,17,15
CAMP COUNTY,063,50 Years,136,61,75,84,40,44,18,6,12,0,0,0,3,2,1,31,13,18
CAMP COUNTY,063,51 Years,126,60,66,79,38,41,21,8,13,0,0,0,1,0,1,25,14,11
CAMP COUNTY,063,52 Years,133,60,73,67,31,36,34,15,19,1,0,1,1,0,1,30,14,16
CAMP COUNTY,063,53 Years,169,72,97,91,32,59,37,20,17,1,0,1,3,2,1,37,18,19
CAMP COUNTY,063,54 Years,149,74,75,88,41,47,30,12,18,3,2,1,1,0,1,27,19,8
CAMP COUNTY,063,55 Years,142,78,64,76,43,33,30,15,15,1,1,0,1,1,0,34,18,16
CAMP COUNTY,063,56 Years,167,89,78,107,60,47,24,10,14,2,1,1,2,1,1,32,17,15
CAMP COUNTY,063,57 Years,172,81,91,118,56,62,23,9,14,0,0,0,4,1,3,27,15,12
CAMP COUNTY,063,58 Years,158,72,86,102,47,55,30,10,20,1,0,1,2,1,1,23,14,9
CAMP COUNTY,063,59 Years,154,82,72,103,54,49,29,12,17,0,0,0,1,1,0,21,15,6
CAMP COUNTY,063,60 Years,163,82,81,110,58,52,31,12,19,1,0,1,2,0,2,19,12,7
CAMP COUNTY,063,61 Years,184,87,97,135,61,74,34,17,17,0,0,0,1,1,0,14,8,6
CAMP COUNTY,063,62 Years,164,74,90,121,53,68,30,14,16,1,0,1,3,2,1,9,5,4
CAMP COUNTY,063,63 Years,185,91,94,129,61,68,38,18,20,0,0,0,3,2,1,15,10,5
CAMP COUNTY,063,64 Years,182,90,92,124,58,66,35,18,17,1,0,1,3,2,1,19,12,7
CAMP COUNTY,063,65 Years,171,89,82,125,61,64,25,15,10,1,0,1,2,2,0,18,11,7
CAMP COUNTY,063,66 Years,154,82,72,113,61,52,27,13,14,1,1,0,2,1,1,11,6,5
CAMP COUNTY,063,67 Years,147,67,80,102,47,55,35,14,21,1,1,0,2,1,1,7,4,3
CAMP COUNTY,063,68 Years,151,69,82,112,52,60,30,13,17,1,0,1,1,1,0,7,3,4
CAMP COUNTY,063,69 Years,150,74,76,118,57,61,22,12,10,0,0,0,2,2,0,8,3,5
CAMP COUNTY,063,70 Years,136,67,69,104,52,52,26,12,14,0,0,0,1,0,1,5,3,2
CAMP COUNTY,063,71 Years,138,68,70,104,53,51,20,7,13,1,0,1,2,1,1,11,7,4
CAMP COUNTY,063,72 Years,116,55,61,90,43,47,15,5,10,1,0,1,1,1,0,9,6,3
CAMP COUNTY,063,73 Years,98,43,55,78,33,45,13,6,7,0,0,0,1,1,0,6,3,3
CAMP COUNTY,063,74 Years,96,46,50,72,34,38,14,7,7,0,0,0,2,2,0,8,3,5
CAMP COUNTY,063,75 Years,96,40,56,75,32,43,13,5,8,0,0,0,1,1,0,7,2,5
CAMP COUNTY,063,76 Years,88,43,45,65,34,31,16,5,11,0,0,0,0,0,0,7,4,3
CAMP COUNTY,063,77 Years,88,40,48,68,32,36,12,4,8,0,0,0,0,0,0,8,4,4
CAMP COUNTY,063,78 Years,87,42,45,71,35,36,11,3,8,0,0,0,3,3,0,2,1,1
CAMP COUNTY,063,79 Years,66,34,32,55,29,26,8,2,6,0,0,0,2,2,0,1,1,0
CAMP COUNTY,063,80 Years,60,28,32,52,24,28,5,2,3,0,0,0,1,0,1,2,2,0
CAMP COUNTY,063,81 Years,59,25,34,52,21,31,5,2,3,0,0,0,0,0,0,2,2,0
CAMP COUNTY,063,82 Years,58,27,31,47,21,26,7,3,4,0,0,0,0,0,0,4,3,1
CAMP COUNTY,063,83 Years,49,23,26,41,18,23,6,3,3,0,0,0,0,0,0,2,2,0
CAMP COUNTY,063,84 Years,43,18,25,37,15,22,5,2,3,0,0,0,0,0,0,1,1,0
CAMP COUNTY,063,85 Years,40,14,26,32,12,20,7,2,5,0,0,0,0,0,0,1,0,1
CAMP COUNTY,063,86 Years,42,16,26,37,15,22,5,1,4,0,0,0,0,0,0,0,0,0
CAMP COUNTY,063,87 Years,36,16,20,29,13,16,7,3,4,0,0,0,0,0,0,0,0,0
CAMP COUNTY,063,88 Years,32,14,18,22,9,13,9,4,5,0,0,0,0,0,0,1,1,0
CAMP COUNTY,063,89 Years,30,11,19,21,7,14,8,3,5,0,0,0,0,0,0,1,1,0
CAMP COUNTY,063,90 Years,22,7,15,15,4,11,7,3,4,0,0,0,0,0,0,0,0,0
CAMP COUNTY,063,91 Years,15,4,11,11,2,9,4,2,2,0,0,0,0,0,0,0,0,0
CAMP COUNTY,063,92 Years,19,7,12,13,5,8,4,2,2,0,0,0,0,0,0,2,0,2
CAMP COUNTY,063,93 Years,17,7,10,12,5,7,5,2,3,0,0,0,0,0,0,0,0,0
CAMP COUNTY,063,94 Years,14,5,9,10,4,6,3,1,2,0,0,0,0,0,0,1,0,1
CAMP COUNTY,063,95 Years +,31,11,20,17,5,12,10,4,6,0,0,0,1,0,1,3,2,1
CARSON COUNTY,065,All Ages,6106,3067,3039,5272,2651,2621,40,21,19,21,9,12,138,77,61,635,309,326
CARSON COUNTY,065,< 1 Year,51,26,25,42,23,19,0,0,0,0,0,0,0,0,0,9,3,6
CARSON COUNTY,065,1 Years,58,27,31,47,22,25,0,0,0,0,0,0,0,0,0,11,5,6
CARSON COUNTY,065,2 Years,64,29,35,54,26,28,0,0,0,0,0,0,0,0,0,10,3,7
CARSON COUNTY,065,3 Years,74,33,41,62,27,35,0,0,0,0,0,0,1,0,1,11,6,5
CARSON COUNTY,065,4 Years,69,32,37,57,28,29,1,0,1,0,0,0,2,1,1,9,3,6
CARSON COUNTY,065,5 Years,73,39,34,60,32,28,1,0,1,0,0,0,2,1,1,10,6,4
CARSON COUNTY,065,6 Years,74,44,30,61,36,25,1,0,1,0,0,0,3,2,1,9,6,3
CARSON COUNTY,065,7 Years,78,46,32,63,37,26,0,0,0,0,0,0,0,0,0,15,9,6
CARSON COUNTY,065,8 Years,65,35,30,52,28,24,0,0,0,0,0,0,0,0,0,13,7,6
CARSON COUNTY,065,9 Years,78,41,37,64,36,28,2,1,1,0,0,0,1,0,1,11,4,7
CARSON COUNTY,065,10 Years,80,43,37,65,36,29,2,1,1,0,0,0,1,1,0,12,5,7
CARSON COUNTY,065,11 Years,90,49,41,77,44,33,3,1,2,0,0,0,1,0,1,9,4,5
CARSON COUNTY,065,12 Years,88,46,42,72,35,37,1,1,0,0,0,0,3,0,3,12,10,2
CARSON COUNTY,065,13 Years,94,47,47,78,37,41,0,0,0,0,0,0,1,0,1,15,10,5
CARSON COUNTY,065,14 Years,96,54,42,75,42,33,0,0,0,1,1,0,4,3,1,16,8,8
CARSON COUNTY,065,15 Years,90,49,41,76,43,33,0,0,0,1,0,1,2,1,1,11,5,6
CARSON COUNTY,065,16 Years,78,41,37,65,34,31,0,0,0,1,0,1,3,2,1,9,5,4
CARSON COUNTY,065,17 Years,86,41,45,71,32,39,0,0,0,0,0,0,5,3,2,10,6,4
CARSON COUNTY,065,18 Years,75,38,37,59,29,30,1,1,0,0,0,0,4,3,1,11,5,6
CARSON COUNTY,065,19 Years,63,33,30,49,26,23,1,1,0,1,1,0,3,3,0,9,2,7
CARSON COUNTY,065,20 Years,63,25,38,49,19,30,1,0,1,1,1,0,3,2,1,9,3,6
CARSON COUNTY,065,21 Years,72,35,37,53,28,25,1,0,1,1,1,0,2,1,1,15,5,10
CARSON COUNTY,065,22 Years,74,39,35,59,32,27,1,1,0,0,0,0,2,1,1,12,5,7
CARSON COUNTY,065,23 Years,69,36,33,58,30,28,2,1,1,0,0,0,3,3,0,6,2,4
CARSON COUNTY,065,24 Years,79,41,38,65,33,32,1,1,0,0,0,0,4,2,2,9,5,4
CARSON COUNTY,065,25 Years,100,55,45,82,43,39,1,1,0,0,0,0,5,3,2,12,8,4
CARSON COUNTY,065,26 Years,86,45,41,72,34,38,0,0,0,0,0,0,4,4,0,10,7,3
CARSON COUNTY,065,27 Years,67,33,34,58,27,31,0,0,0,0,0,0,0,0,0,9,6,3
CARSON COUNTY,065,28 Years,77,35,42,66,31,35,0,0,0,1,1,0,1,0,1,9,3,6
CARSON COUNTY,065,29 Years,78,34,44,68,28,40,1,0,1,1,1,0,0,0,0,8,5,3
CARSON COUNTY,065,30 Years,71,35,36,63,32,31,1,0,1,0,0,0,0,0,0,7,3,4
CARSON COUNTY,065,31 Years,68,35,33,60,32,28,1,0,1,0,0,0,2,2,0,5,1,4
CARSON COUNTY,065,32 Years,73,37,36,68,35,33,1,0,1,0,0,0,0,0,0,4,2,2
CARSON COUNTY,065,33 Years,82,44,38,72,37,35,0,0,0,0,0,0,1,0,1,9,7,2
CARSON COUNTY,065,34 Years,59,32,27,53,28,25,0,0,0,0,0,0,3,2,1,3,2,1
CARSON COUNTY,065,35 Years,75,42,33,69,39,30,0,0,0,0,0,0,0,0,0,6,3,3
CARSON COUNTY,065,36 Years,82,47,35,74,42,32,0,0,0,0,0,0,1,1,0,7,4,3
CARSON COUNTY,065,37 Years,81,40,41,70,39,31,0,0,0,2,0,2,0,0,0,9,1,8
CARSON COUNTY,065,38 Years,84,44,40,70,40,30,1,1,0,0,0,0,2,0,2,11,3,8
CARSON COUNTY,065,39 Years,67,34,33,61,30,31,1,1,0,0,0,0,1,1,0,4,2,2
CARSON COUNTY,065,40 Years,75,34,41,71,34,37,0,0,0,0,0,0,1,0,1,3,0,3
CARSON COUNTY,065,41 Years,75,42,33,67,38,29,0,0,0,0,0,0,2,2,0,6,2,4
CARSON COUNTY,065,42 Years,55,31,24,48,27,21,0,0,0,0,0,0,2,1,1,5,3,2
CARSON COUNTY,065,43 Years,76,34,42,70,31,39,0,0,0,0,0,0,2,0,2,4,3,1
CARSON COUNTY,065,44 Years,71,38,33,63,33,30,0,0,0,0,0,0,3,1,2,5,4,1
CARSON COUNTY,065,45 Years,70,33,37,62,30,32,0,0,0,0,0,0,2,0,2,6,3,3
CARSON COUNTY,065,46 Years,69,36,33,60,29,31,0,0,0,0,0,0,1,0,1,8,7,1
CARSON COUNTY,065,47 Years,74,35,39,65,28,37,0,0,0,1,1,0,1,1,0,7,5,2
CARSON COUNTY,065,48 Years,65,26,39,59,23,36,0,0,0,1,0,1,1,1,0,4,2,2
CARSON COUNTY,065,49 Years,71,29,42,57,24,33,1,0,1,1,1,0,1,1,0,11,3,8
CARSON COUNTY,065,50 Years,83,40,43,76,37,39,0,0,0,1,1,0,0,0,0,6,2,4
CARSON COUNTY,065,51 Years,77,37,40,69,35,34,1,0,1,1,0,1,2,0,2,4,2,2
CARSON COUNTY,065,52 Years,74,33,41,62,29,33,0,0,0,0,0,0,3,0,3,9,4,5
CARSON COUNTY,065,53 Years,78,34,44,69,31,38,0,0,0,1,0,1,1,0,1,7,3,4
CARSON COUNTY,065,54 Years,84,39,45,76,36,40,0,0,0,1,0,1,0,0,0,7,3,4
CARSON COUNTY,065,55 Years,92,43,49,80,40,40,1,1,0,1,0,1,0,0,0,10,2,8
CARSON COUNTY,065,56 Years,89,50,39,74,41,33,2,2,0,0,0,0,0,0,0,13,7,6
CARSON COUNTY,065,57 Years,78,46,32,64,37,27,2,2,0,0,0,0,1,1,0,11,6,5
CARSON COUNTY,065,58 Years,90,40,50,79,35,44,2,1,1,0,0,0,1,1,0,8,3,5
CARSON COUNTY,065,59 Years,85,40,45,74,35,39,1,1,0,0,0,0,3,2,1,7,2,5
CARSON COUNTY,065,60 Years,93,52,41,78,42,36,0,0,0,0,0,0,4,3,1,11,7,4
CARSON COUNTY,065,61 Years,86,41,45,75,36,39,0,0,0,0,0,0,4,1,3,7,4,3
CARSON COUNTY,065,62 Years,85,39,46,76,35,41,1,1,0,0,0,0,1,0,1,7,3,4
CARSON COUNTY,065,63 Years,84,47,37,78,43,35,0,0,0,0,0,0,0,0,0,6,4,2
CARSON COUNTY,065,64 Years,88,46,42,80,42,38,0,0,0,1,0,1,2,2,0,5,2,3
CARSON COUNTY,065,65 Years,81,48,33,74,42,32,0,0,0,0,0,0,2,2,0,5,4,1
CARSON COUNTY,065,66 Years,77,43,34,72,40,32,0,0,0,0,0,0,2,2,0,3,1,2
CARSON COUNTY,065,67 Years,60,29,31,54,26,28,0,0,0,0,0,0,2,2,0,4,1,3
CARSON COUNTY,065,68 Years,60,30,30,56,29,27,0,0,0,0,0,0,0,0,0,4,1,3
CARSON COUNTY,065,69 Years,72,32,40,61,27,34,1,1,0,1,0,1,4,2,2,5,2,3
CARSON COUNTY,065,70 Years,63,32,31,58,28,30,0,0,0,0,0,0,2,1,1,3,3,0
CARSON COUNTY,065,71 Years,67,31,36,62,27,35,0,0,0,0,0,0,1,1,0,4,3,1
CARSON COUNTY,065,72 Years,44,19,25,39,17,22,0,0,0,1,0,1,1,1,0,3,1,2
CARSON COUNTY,065,73 Years,39,19,20,37,18,19,0,0,0,0,0,0,1,1,0,1,0,1
CARSON COUNTY,065,74 Years,56,26,30,52,26,26,0,0,0,0,0,0,1,0,1,3,0,3
CARSON COUNTY,065,75 Years,45,20,25,39,18,21,0,0,0,0,0,0,1,0,1,5,2,3
CARSON COUNTY,065,76 Years,42,23,19,39,22,17,0,0,0,0,0,0,0,0,0,3,1,2
CARSON COUNTY,065,77 Years,33,15,18,31,14,17,0,0,0,0,0,0,0,0,0,2,1,1
CARSON COUNTY,065,78 Years,40,15,25,38,14,24,0,0,0,0,0,0,1,0,1,1,1,0
CARSON COUNTY,065,79 Years,39,19,20,35,17,18,0,0,0,0,0,0,1,0,1,3,2,1
CARSON COUNTY,065,80 Years,35,17,18,32,15,17,0,0,0,0,0,0,1,1,0,2,1,1
CARSON COUNTY,065,81 Years,31,14,17,29,14,15,0,0,0,0,0,0,0,0,0,2,0,2
CARSON COUNTY,065,82 Years,30,16,14,26,14,12,0,0,0,0,0,0,3,2,1,1,0,1
CARSON COUNTY,065,83 Years,25,12,13,21,10,11,0,0,0,0,0,0,2,2,0,2,0,2
CARSON COUNTY,065,84 Years,21,11,10,19,10,9,0,0,0,0,0,0,1,0,1,1,1,0
CARSON COUNTY,065,85 Years,21,9,12,19,8,11,0,0,0,0,0,0,1,0,1,1,1,0
CARSON COUNTY,065,86 Years,17,7,10,15,6,9,0,0,0,0,0,0,0,0,0,2,1,1
CARSON COUNTY,065,87 Years,19,10,9,17,8,9,0,0,0,0,0,0,0,0,0,2,2,0
CARSON COUNTY,065,88 Years,19,10,9,17,10,7,0,0,0,0,0,0,1,0,1,1,0,1
CARSON COUNTY,065,89 Years,18,9,9,14,7,7,0,0,0,0,0,0,1,1,0,3,1,2
CARSON COUNTY,065,90 Years,12,5,7,9,3,6,0,0,0,0,0,0,0,0,0,3,2,1
CARSON COUNTY,065,91 Years,12,6,6,11,5,6,0,0,0,0,0,0,0,0,0,1,1,0
CARSON COUNTY,065,92 Years,8,4,4,6,3,3,1,0,1,0,0,0,0,0,0,1,1,0
CARSON COUNTY,065,93 Years,7,3,4,6,3,3,1,0,1,0,0,0,0,0,0,0,0,0
CARSON COUNTY,065,94 Years,4,2,2,4,2,2,0,0,0,0,0,0,0,0,0,0,0,0
CARSON COUNTY,065,95 Years +,11,5,6,9,5,4,0,0,0,0,0,0,1,0,1,1,0,1
CASS COUNTY,067,All Ages,30819,14895,15924,23523,11412,12111,5175,2439,2736,103,43,60,707,318,389,1311,683,628
CASS COUNTY,067,< 1 Year,334,165,169,212,108,104,69,30,39,1,0,1,25,12,13,27,15,12
CASS COUNTY,067,1 Years,345,167,178,221,110,111,68,32,36,2,1,1,27,10,17,27,14,13
CASS COUNTY,067,2 Years,376,183,193,246,122,124,74,35,39,2,1,1,27,11,16,27,14,13
CASS COUNTY,067,3 Years,398,193,205,266,130,136,78,40,38,2,1,1,25,8,17,27,14,13
CASS COUNTY,067,4 Years,414,207,207,271,136,135,79,42,37,4,2,2,30,11,19,30,16,14
CASS COUNTY,067,5 Years,400,196,204,262,127,135,82,43,39,2,1,1,24,10,14,30,15,15
CASS COUNTY,067,6 Years,391,192,199,255,123,132,75,39,36,3,2,1,23,10,13,35,18,17
CASS COUNTY,067,7 Years,397,188,209,268,123,145,77,39,38,1,1,0,15,8,7,36,17,19
CASS COUNTY,067,8 Years,407,192,215,279,135,144,69,25,44,0,0,0,16,9,7,43,23,20
CASS COUNTY,067,9 Years,350,180,170,224,114,110,72,39,33,0,0,0,16,5,11,38,22,16
CASS COUNTY,067,10 Years,368,193,175,244,126,118,79,45,34,2,1,1,15,8,7,28,13,15
CASS COUNTY,067,11 Years,367,185,182,257,133,124,73,35,38,2,2,0,13,2,11,22,13,9
CASS COUNTY,067,12 Years,380,199,181,264,138,126,77,41,36,3,1,2,10,5,5,26,14,12
CASS COUNTY,067,13 Years,389,192,197,267,133,134,82,39,43,4,2,2,13,6,7,23,12,11
CASS COUNTY,067,14 Years,383,196,187,268,129,139,81,47,34,1,0,1,12,6,6,21,14,7
CASS COUNTY,067,15 Years,369,200,169,266,139,127,65,42,23,1,0,1,11,5,6,26,14,12
CASS COUNTY,067,16 Years,358,189,169,257,140,117,65,35,30,0,0,0,11,6,5,25,8,17
CASS COUNTY,067,17 Years,350,182,168,257,141,116,60,24,36,1,0,1,14,10,4,18,7,11
CASS COUNTY,067,18 Years,350,175,175,254,131,123,61,23,38,2,1,1,12,7,5,21,13,8
CASS COUNTY,067,19 Years,321,169,152,217,119,98,62,28,34,1,1,0,14,7,7,27,14,13
CASS COUNTY,067,20 Years,300,157,143,205,107,98,59,30,29,1,0,1,9,4,5,26,16,10
CASS COUNTY,067,21 Years,296,150,146,200,104,96,63,28,35,1,0,1,10,5,5,22,13,9
CASS COUNTY,067,22 Years,303,173,130,203,126,77,63,31,32,0,0,0,9,3,6,28,13,15
CASS COUNTY,067,23 Years,340,188,152,236,133,103,69,37,32,1,0,1,10,5,5,24,13,11
CASS COUNTY,067,24 Years,353,185,168,246,122,124,71,40,31,1,0,1,10,7,3,25,16,9
CASS COUNTY,067,25 Years,345,179,166,241,119,122,75,43,32,0,0,0,9,6,3,20,11,9
CASS COUNTY,067,26 Years,347,180,167,248,131,117,75,36,39,0,0,0,7,5,2,17,8,9
CASS COUNTY,067,27 Years,321,167,154,238,128,110,60,29,31,1,0,1,5,2,3,17,8,9
CASS COUNTY,067,28 Years,340,170,170,251,123,128,61,33,28,1,0,1,6,3,3,21,11,10
CASS COUNTY,067,29 Years,340,171,169,256,126,130,64,36,28,1,0,1,6,3,3,13,6,7
CASS COUNTY,067,30 Years,298,141,157,222,101,121,59,33,26,0,0,0,6,3,3,11,4,7
CASS COUNTY,067,31 Years,284,132,152,215,95,120,55,29,26,0,0,0,3,3,0,11,5,6
CASS COUNTY,067,32 Years,330,140,190,252,106,146,57,24,33,3,2,1,4,2,2,14,6,8
CASS COUNTY,067,33 Years,319,159,160,242,126,116,54,22,32,2,1,1,5,1,4,16,9,7
CASS COUNTY,067,34 Years,304,143,161,243,117,126,46,20,26,2,0,2,3,1,2,10,5,5
CASS COUNTY,067,35 Years,304,142,162,237,110,127,48,24,24,3,1,2,2,0,2,14,7,7
CASS COUNTY,067,36 Years,318,153,165,252,119,133,48,25,23,1,1,0,2,1,1,15,7,8
CASS COUNTY,067,37 Years,349,157,192,278,126,152,44,20,24,3,0,3,3,1,2,21,10,11
CASS COUNTY,067,38 Years,350,170,180,261,130,131,60,28,32,2,0,2,3,1,2,24,11,13
CASS COUNTY,067,39 Years,343,160,183,261,125,136,55,23,32,2,1,1,7,2,5,18,9,9
CASS COUNTY,067,40 Years,336,153,183,269,126,143,50,20,30,0,0,0,5,1,4,12,6,6
CASS COUNTY,067,41 Years,323,154,169,259,122,137,43,20,23,1,1,0,1,1,0,19,10,9
CASS COUNTY,067,42 Years,289,125,164,212,91,121,53,20,33,0,0,0,3,2,1,21,12,9
CASS COUNTY,067,43 Years,321,152,169,239,122,117,57,20,37,1,0,1,5,1,4,19,9,10
CASS COUNTY,067,44 Years,313,154,159,231,120,111,54,22,32,1,0,1,7,2,5,20,10,10
CASS COUNTY,067,45 Years,341,164,177,271,133,138,45,19,26,4,1,3,7,3,4,14,8,6
CASS COUNTY,067,46 Years,364,177,187,288,139,149,57,28,29,4,2,2,5,3,2,10,5,5
CASS COUNTY,067,47 Years,377,190,187,302,153,149,49,23,26,5,4,1,8,3,5,13,7,6
CASS COUNTY,067,48 Years,379,173,206,300,138,162,55,24,31,3,1,2,6,2,4,15,8,7
CASS COUNTY,067,49 Years,378,180,198,296,142,154,59,28,31,1,0,1,6,2,4,16,8,8
CASS COUNTY,067,50 Years,356,187,169,267,143,124,70,34,36,1,1,0,5,2,3,13,7,6
CASS COUNTY,067,51 Years,360,179,181,275,138,137,66,32,34,1,0,1,5,3,2,13,6,7
CASS COUNTY,067,52 Years,381,188,193,296,147,149,64,27,37,3,2,1,5,4,1,13,8,5
CASS COUNTY,067,53 Years,424,216,208,346,177,169,61,29,32,1,1,0,6,3,3,10,6,4
CASS COUNTY,067,54 Years,427,202,225,338,163,175,71,34,37,1,0,1,9,3,6,8,2,6
CASS COUNTY,067,55 Years,423,190,233,342,154,188,63,28,35,1,0,1,7,3,4,10,5,5
CASS COUNTY,067,56 Years,413,194,219,317,151,166,74,28,46,0,0,0,10,7,3,12,8,4
CASS COUNTY,067,57 Years,411,203,208,321,169,152,75,26,49,1,0,1,5,2,3,9,6,3
CASS COUNTY,067,58 Years,429,202,227,339,164,175,74,32,42,1,1,0,5,2,3,10,3,7
CASS COUNTY,067,59 Years,456,217,239,360,167,193,78,43,35,0,0,0,7,2,5,11,5,6
CASS COUNTY,067,60 Years,462,232,230,371,182,189,68,35,33,0,0,0,6,1,5,17,14,3
CASS COUNTY,067,61 Years,457,216,241,373,177,196,70,31,39,0,0,0,5,1,4,9,7,2
CASS COUNTY,067,62 Years,441,207,234,359,169,190,67,32,35,1,0,1,9,4,5,5,2,3
CASS COUNTY,067,63 Years,461,220,241,381,185,196,66,31,35,2,1,1,7,2,5,5,1,4
CASS COUNTY,067,64 Years,432,197,235,359,166,193,59,25,34,2,1,1,3,1,2,9,4,5
CASS COUNTY,067,65 Years,389,187,202,324,159,165,53,22,31,1,1,0,4,1,3,7,4,3
CASS COUNTY,067,66 Years,380,192,188,322,166,156,48,22,26,0,0,0,4,2,2,6,2,4
CASS COUNTY,067,67 Years,394,199,195,325,168,157,61,28,33,0,0,0,4,2,2,4,1,3
CASS COUNTY,067,68 Years,411,198,213,338,159,179,67,36,31,0,0,0,3,1,2,3,2,1
CASS COUNTY,067,69 Years,408,197,211,333,157,176,66,36,30,0,0,0,6,3,3,3,1,2
CASS COUNTY,067,70 Years,424,221,203,344,178,166,69,35,34,0,0,0,5,3,2,6,5,1
CASS COUNTY,067,71 Years,432,208,224,359,170,189,64,32,32,0,0,0,5,2,3,4,4,0
CASS COUNTY,067,72 Years,369,171,198,298,139,159,59,25,34,0,0,0,7,4,3,5,3,2
CASS COUNTY,067,73 Years,370,165,205,311,141,170,51,20,31,0,0,0,4,2,2,4,2,2
CASS COUNTY,067,74 Years,376,174,202,323,151,172,44,18,26,0,0,0,6,4,2,3,1,2
CASS COUNTY,067,75 Years,360,173,187,299,138,161,51,28,23,1,1,0,5,4,1,4,2,2
CASS COUNTY,067,76 Years,339,165,174,291,142,149,39,19,20,3,1,2,4,2,2,2,1,1
CASS COUNTY,067,77 Years,282,134,148,247,121,126,30,10,20,1,0,1,2,2,0,2,1,1
CASS COUNTY,067,78 Years,268,124,144,230,109,121,35,15,20,0,0,0,2,0,2,1,0,1
CASS COUNTY,067,79 Years,249,108,141,215,91,124,27,14,13,1,1,0,4,2,2,2,0,2
CASS COUNTY,067,80 Years,203,84,119,176,74,102,21,8,13,0,0,0,3,1,2,3,1,2
CASS COUNTY,067,81 Years,183,83,100,153,69,84,23,9,14,0,0,0,2,1,1,5,4,1
CASS COUNTY,067,82 Years,174,76,98,141,68,73,29,6,23,0,0,0,2,1,1,2,1,1
CASS COUNTY,067,83 Years,169,67,102,145,57,88,21,8,13,0,0,0,2,2,0,1,0,1
CASS COUNTY,067,84 Years,138,57,81,120,48,72,13,6,7,0,0,0,3,2,1,2,1,1
CASS COUNTY,067,85 Years,128,54,74,112,48,64,14,5,9,0,0,0,2,1,1,0,0,0
CASS COUNTY,067,86 Years,115,45,70,101,41,60,12,3,9,0,0,0,1,0,1,1,1,0
CASS COUNTY,067,87 Years,95,32,63,83,28,55,11,4,7,0,0,0,1,0,1,0,0,0
CASS COUNTY,067,88 Years,87,32,55,75,28,47,10,4,6,1,0,1,1,0,1,0,0,0
CASS COUNTY,067,89 Years,79,24,55,64,20,44,13,3,10,1,0,1,1,1,0,0,0,0
CASS COUNTY,067,90 Years,67,21,46,56,17,39,9,3,6,0,0,0,2,1,1,0,0,0
CASS COUNTY,067,91 Years,53,20,33,45,17,28,7,3,4,0,0,0,1,0,1,0,0,0
CASS COUNTY,067,92 Years,48,15,33,40,13,27,7,2,5,0,0,0,1,0,1,0,0,0
CASS COUNTY,067,93 Years,39,10,29,30,8,22,9,2,7,0,0,0,0,0,0,0,0,0
CASS COUNTY,067,94 Years,31,8,23,21,6,15,8,2,6,0,0,0,0,0,0,2,0,2
CASS COUNTY,067,95 Years +,74,19,55,49,12,37,22,6,16,0,0,0,1,0,1,2,1,1
CASTRO COUNTY,069,All Ages,7646,3869,3777,2477,1234,1243,169,93,76,46,22,24,71,32,39,4883,2488,2395
CASTRO COUNTY,069,< 1 Year,116,57,59,30,15,15,0,0,0,0,0,0,0,0,0,86,42,44
CASTRO COUNTY,069,1 Years,112,59,53,28,15,13,2,2,0,0,0,0,2,1,1,80,41,39
CASTRO COUNTY,069,2 Years,118,63,55,26,16,10,1,1,0,0,0,0,3,2,1,88,44,44
CASTRO COUNTY,069,3 Years,122,67,55,25,15,10,1,1,0,2,1,1,4,2,2,90,48,42
CASTRO COUNTY,069,4 Years,123,68,55,25,15,10,2,2,0,2,1,1,2,1,1,92,49,43
CASTRO COUNTY,069,5 Years,125,66,59,22,12,10,1,1,0,2,1,1,3,1,2,97,51,46
CASTRO COUNTY,069,6 Years,125,62,63,21,11,10,2,1,1,2,1,1,2,1,1,98,48,50
CASTRO COUNTY,069,7 Years,128,59,69,21,11,10,3,1,2,2,1,1,3,1,2,99,45,54
CASTRO COUNTY,069,8 Years,130,70,60,25,13,12,5,3,2,2,0,2,2,1,1,96,53,43
CASTRO COUNTY,069,9 Years,124,64,60,24,12,12,5,3,2,1,0,1,1,0,1,93,49,44
CASTRO COUNTY,069,10 Years,108,52,56,26,14,12,2,1,1,0,0,0,0,0,0,80,37,43
CASTRO COUNTY,069,11 Years,113,53,60,24,13,11,2,0,2,1,0,1,3,0,3,83,40,43
CASTRO COUNTY,069,12 Years,102,54,48,23,13,10,2,1,1,1,0,1,2,1,1,74,39,35
CASTRO COUNTY,069,13 Years,107,53,54,25,17,8,2,1,1,0,0,0,2,0,2,78,35,43
CASTRO COUNTY,069,14 Years,119,60,59,27,14,13,1,1,0,0,0,0,2,2,0,89,43,46
CASTRO COUNTY,069,15 Years,110,64,46,30,20,10,3,2,1,0,0,0,1,1,0,76,41,35
CASTRO COUNTY,069,16 Years,103,54,49,24,14,10,4,3,1,0,0,0,2,1,1,73,36,37
CASTRO COUNTY,069,17 Years,119,56,63,29,13,16,4,1,3,0,0,0,0,0,0,86,42,44
CASTRO COUNTY,069,18 Years,106,50,56,21,9,12,2,0,2,0,0,0,1,1,0,82,40,42
CASTRO COUNTY,069,19 Years,95,44,51,17,7,10,3,2,1,0,0,0,0,0,0,75,35,40
CASTRO COUNTY,069,20 Years,105,56,49,19,11,8,4,2,2,1,0,1,0,0,0,81,43,38
CASTRO COUNTY,069,21 Years,102,54,48,18,12,6,5,3,2,1,0,1,0,0,0,78,39,39
CASTRO COUNTY,069,22 Years,96,44,52,20,8,12,2,1,1,1,1,0,2,1,1,71,33,38
CASTRO COUNTY,069,23 Years,98,49,49,22,7,15,6,5,1,0,0,0,1,0,1,69,37,32
CASTRO COUNTY,069,24 Years,108,56,52,30,16,14,4,4,0,0,0,0,1,1,0,73,35,38
CASTRO COUNTY,069,25 Years,110,50,60,36,21,15,2,2,0,0,0,0,2,2,0,70,25,45
CASTRO COUNTY,069,26 Years,103,57,46,36,25,11,1,1,0,0,0,0,1,1,0,65,30,35
CASTRO COUNTY,069,27 Years,77,41,36,19,11,8,0,0,0,1,0,1,0,0,0,57,30,27
CASTRO COUNTY,069,28 Years,73,33,40,18,7,11,1,0,1,0,0,0,0,0,0,54,26,28
CASTRO COUNTY,069,29 Years,80,39,41,16,7,9,4,0,4,1,1,0,1,0,1,58,31,27
CASTRO COUNTY,069,30 Years,71,34,37,16,6,10,3,2,1,0,0,0,1,0,1,51,26,25
CASTRO COUNTY,069,31 Years,83,39,44,22,6,16,5,3,2,0,0,0,1,0,1,55,30,25
CASTRO COUNTY,069,32 Years,85,41,44,20,5,15,4,2,2,0,0,0,0,0,0,61,34,27
CASTRO COUNTY,069,33 Years,95,57,38,22,12,10,1,0,1,2,2,0,0,0,0,70,43,27
CASTRO COUNTY,069,34 Years,89,46,43,24,15,9,1,1,0,2,0,2,1,0,1,61,30,31
CASTRO COUNTY,069,35 Years,91,40,51,22,8,14,2,1,1,1,1,0,0,0,0,66,30,36
CASTRO COUNTY,069,36 Years,84,38,46,25,10,15,1,0,1,0,0,0,3,2,1,55,26,29
CASTRO COUNTY,069,37 Years,91,53,38,27,17,10,1,1,0,2,1,1,1,1,0,60,33,27
CASTRO COUNTY,069,38 Years,96,48,48,24,11,13,2,2,0,2,1,1,0,0,0,68,34,34
CASTRO COUNTY,069,39 Years,94,43,51,29,14,15,1,0,1,1,1,0,1,1,0,62,27,35
CASTRO COUNTY,069,40 Years,94,53,41,29,14,15,0,0,0,3,2,1,0,0,0,62,37,25
CASTRO COUNTY,069,41 Years,78,41,37,24,10,14,0,0,0,2,1,1,0,0,0,52,30,22
CASTRO COUNTY,069,42 Years,95,48,47,27,12,15,1,0,1,1,0,1,1,0,1,65,36,29
CASTRO COUNTY,069,43 Years,80,43,37,22,11,11,3,3,0,0,0,0,2,0,2,53,29,24
CASTRO COUNTY,069,44 Years,89,41,48,27,13,14,4,1,3,1,1,0,2,0,2,55,26,29
CASTRO COUNTY,069,45 Years,82,43,39,23,10,13,1,1,0,1,1,0,0,0,0,57,31,26
CASTRO COUNTY,069,46 Years,73,46,27,19,9,10,1,1,0,1,0,1,0,0,0,52,36,16
CASTRO COUNTY,069,47 Years,86,52,34,28,12,16,0,0,0,1,1,0,0,0,0,57,39,18
CASTRO COUNTY,069,48 Years,94,51,43,36,16,20,1,0,1,0,0,0,0,0,0,57,35,22
CASTRO COUNTY,069,49 Years,79,41,38,27,13,14,0,0,0,0,0,0,0,0,0,52,28,24
CASTRO COUNTY,069,50 Years,79,40,39,33,13,20,1,0,1,1,1,0,0,0,0,44,26,18
CASTRO COUNTY,069,51 Years,72,36,36,28,12,16,0,0,0,1,1,0,0,0,0,43,23,20
CASTRO COUNTY,069,52 Years,87,48,39,25,13,12,1,1,0,0,0,0,3,2,1,58,32,26
CASTRO COUNTY,069,53 Years,84,48,36,36,20,16,1,1,0,0,0,0,1,1,0,46,26,20
CASTRO COUNTY,069,54 Years,99,48,51,49,24,25,2,2,0,0,0,0,0,0,0,48,22,26
CASTRO COUNTY,069,55 Years,92,43,49,43,20,23,1,0,1,0,0,0,0,0,0,48,23,25
CASTRO COUNTY,069,56 Years,93,47,46,35,18,17,2,0,2,0,0,0,0,0,0,56,29,27
CASTRO COUNTY,069,57 Years,106,58,48,40,22,18,3,2,1,0,0,0,0,0,0,63,34,29
CASTRO COUNTY,069,58 Years,91,43,48,36,18,18,3,1,2,0,0,0,0,0,0,52,24,28
CASTRO COUNTY,069,59 Years,96,52,44,41,21,20,2,1,1,0,0,0,1,1,0,52,29,23
CASTRO COUNTY,069,60 Years,102,56,46,43,25,18,4,2,2,0,0,0,1,0,1,54,29,25
CASTRO COUNTY,069,61 Years,104,55,49,43,27,16,4,2,2,1,0,1,2,1,1,54,25,29
CASTRO COUNTY,069,62 Years,86,47,39,35,20,15,6,4,2,0,0,0,0,0,0,45,23,22
CASTRO COUNTY,069,63 Years,105,53,52,43,22,21,2,1,1,0,0,0,1,0,1,59,30,29
CASTRO COUNTY,069,64 Years,100,51,49,46,23,23,1,0,1,0,0,0,1,1,0,52,27,25
CASTRO COUNTY,069,65 Years,92,53,39,37,21,16,3,2,1,0,0,0,0,0,0,52,30,22
CASTRO COUNTY,069,66 Years,89,44,45,39,17,22,5,2,3,0,0,0,0,0,0,45,25,20
CASTRO COUNTY,069,67 Years,76,38,38,32,18,14,3,2,1,1,0,1,0,0,0,40,18,22
CASTRO COUNTY,069,68 Years,63,28,35,25,14,11,3,2,1,1,0,1,0,0,0,34,12,22
CASTRO COUNTY,069,69 Years,54,22,32,23,12,11,0,0,0,0,0,0,1,0,1,30,10,20
CASTRO COUNTY,069,70 Years,63,29,34,31,16,15,0,0,0,0,0,0,1,0,1,31,13,18
CASTRO COUNTY,069,71 Years,61,31,30,34,17,17,0,0,0,0,0,0,0,0,0,27,14,13
CASTRO COUNTY,069,72 Years,57,28,29,32,18,14,0,0,0,0,0,0,0,0,0,25,10,15
CASTRO COUNTY,069,73 Years,53,25,28,27,14,13,1,0,1,0,0,0,0,0,0,25,11,14
CASTRO COUNTY,069,74 Years,47,22,25,26,12,14,1,1,0,0,0,0,0,0,0,20,9,11
CASTRO COUNTY,069,75 Years,66,28,38,39,15,24,1,1,0,0,0,0,0,0,0,26,12,14
CASTRO COUNTY,069,76 Years,56,31,25,28,15,13,0,0,0,0,0,0,1,1,0,27,15,12
CASTRO COUNTY,069,77 Years,50,25,25,25,12,13,0,0,0,1,1,0,0,0,0,24,12,12
CASTRO COUNTY,069,78 Years,43,19,24,24,11,13,0,0,0,0,0,0,0,0,0,19,8,11
CASTRO COUNTY,069,79 Years,41,18,23,24,10,14,0,0,0,0,0,0,0,0,0,17,8,9
CASTRO COUNTY,069,80 Years,41,20,21,23,8,15,0,0,0,0,0,0,0,0,0,18,12,6
CASTRO COUNTY,069,81 Years,43,24,19,26,14,12,0,0,0,0,0,0,0,0,0,17,10,7
CASTRO COUNTY,069,82 Years,31,15,16,19,9,10,1,1,0,0,0,0,0,0,0,11,5,6
CASTRO COUNTY,069,83 Years,36,16,20,23,10,13,0,0,0,0,0,0,1,0,1,12,6,6
CASTRO COUNTY,069,84 Years,36,15,21,29,12,17,0,0,0,0,0,0,0,0,0,7,3,4
CASTRO COUNTY,069,85 Years,26,9,17,19,6,13,0,0,0,0,0,0,1,0,1,6,3,3
CASTRO COUNTY,069,86 Years,22,7,15,16,5,11,1,0,1,0,0,0,0,0,0,5,2,3
CASTRO COUNTY,069,87 Years,19,9,10,13,7,6,1,0,1,0,0,0,0,0,0,5,2,3
CASTRO COUNTY,069,88 Years,17,8,9,11,6,5,1,0,1,0,0,0,0,0,0,5,2,3
CASTRO COUNTY,069,89 Years,20,8,12,14,5,9,2,1,1,0,0,0,0,0,0,4,2,2
CASTRO COUNTY,069,90 Years,14,6,8,9,4,5,2,1,1,0,0,0,0,0,0,3,1,2
CASTRO COUNTY,069,91 Years,9,4,5,6,3,3,0,0,0,0,0,0,0,0,0,3,1,2
CASTRO COUNTY,069,92 Years,11,3,8,8,2,6,0,0,0,0,0,0,0,0,0,3,1,2
CASTRO COUNTY,069,93 Years,9,3,6,6,2,4,0,0,0,0,0,0,0,0,0,3,1,2
CASTRO COUNTY,069,94 Years,6,2,4,4,1,3,0,0,0,0,0,0,0,0,0,2,1,1
CASTRO COUNTY,069,95 Years +,13,2,11,9,2,7,3,0,3,0,0,0,0,0,0,1,0,1
CHAMBERS COUNTY,071,All Ages,43018,21704,21314,28317,14211,14106,3531,1747,1784,410,195,215,683,338,345,10077,5213,4864
CHAMBERS COUNTY,071,< 1 Year,588,283,305,341,168,173,33,14,19,6,3,3,17,8,9,191,90,101
CHAMBERS COUNTY,071,1 Years,610,303,307,360,182,178,38,19,19,6,3,3,18,9,9,188,90,98
CHAMBERS COUNTY,071,2 Years,606,306,300,364,187,177,45,21,24,7,3,4,17,9,8,173,86,87
CHAMBERS COUNTY,071,3 Years,597,319,278,370,200,170,44,21,23,5,3,2,17,8,9,161,87,74
CHAMBERS COUNTY,071,4 Years,574,305,269,359,187,172,42,20,22,4,2,2,13,8,5,156,88,68
CHAMBERS COUNTY,071,5 Years,571,300,271,359,189,170,41,19,22,4,2,2,8,5,3,159,85,74
CHAMBERS COUNTY,071,6 Years,576,296,280,348,178,170,42,20,22,3,1,2,8,5,3,175,92,83
CHAMBERS COUNTY,071,7 Years,604,303,301,353,179,174,55,25,30,3,1,2,10,6,4,183,92,91
CHAMBERS COUNTY,071,8 Years,622,279,343,353,156,197,62,25,37,4,1,3,11,4,7,192,93,99
CHAMBERS COUNTY,071,9 Years,659,341,318,361,190,171,56,28,28,3,1,2,14,5,9,225,117,108
CHAMBERS COUNTY,071,10 Years,654,339,315,381,200,181,58,24,34,2,1,1,17,8,9,196,106,90
CHAMBERS COUNTY,071,11 Years,628,313,315,368,189,179,65,25,40,6,3,3,15,6,9,174,90,84
CHAMBERS COUNTY,071,12 Years,640,342,298,366,201,165,57,26,31,5,4,1,14,8,6,198,103,95
CHAMBERS COUNTY,071,13 Years,638,325,313,347,182,165,55,23,32,5,2,3,12,6,6,219,112,107
CHAMBERS COUNTY,071,14 Years,641,332,309,377,195,182,48,23,25,4,3,1,14,4,10,198,107,91
CHAMBERS COUNTY,071,15 Years,653,344,309,380,217,163,42,21,21,6,3,3,16,8,8,209,95,114
CHAMBERS COUNTY,071,16 Years,633,348,285,367,207,160,44,19,25,8,5,3,12,6,6,202,111,91
CHAMBERS COUNTY,071,17 Years,652,354,298,389,219,170,44,28,16,8,3,5,13,5,8,198,99,99
CHAMBERS COUNTY,071,18 Years,620,327,293,349,191,158,51,29,22,6,2,4,18,7,11,196,98,98
CHAMBERS COUNTY,071,19 Years,540,281,259,291,155,136,38,20,18,4,3,1,12,6,6,195,97,98
CHAMBERS COUNTY,071,20 Years,547,279,268,282,148,134,34,20,14,7,4,3,14,8,6,210,99,111
CHAMBERS COUNTY,071,21 Years,518,265,253,280,146,134,31,17,14,8,5,3,14,6,8,185,91,94
CHAMBERS COUNTY,071,22 Years,561,285,276,316,155,161,40,23,17,17,11,6,14,7,7,174,89,85
CHAMBERS COUNTY,071,23 Years,585,291,294,349,172,177,43,22,21,6,3,3,13,6,7,174,88,86
CHAMBERS COUNTY,071,24 Years,628,314,314,384,188,196,60,34,26,3,2,1,14,7,7,167,83,84
CHAMBERS COUNTY,071,25 Years,683,355,328,424,219,205,66,39,27,2,1,1,11,6,5,180,90,90
CHAMBERS COUNTY,071,26 Years,710,355,355,443,223,220,77,40,37,11,2,9,10,6,4,169,84,85
CHAMBERS COUNTY,071,27 Years,703,365,338,454,232,222,70,39,31,5,2,3,7,5,2,167,87,80
CHAMBERS COUNTY,071,28 Years,622,303,319,417,201,216,57,26,31,1,1,0,4,3,1,143,72,71
CHAMBERS COUNTY,071,29 Years,590,283,307,388,178,210,59,30,29,3,3,0,3,1,2,137,71,66
CHAMBERS COUNTY,071,30 Years,614,304,310,392,187,205,62,38,24,4,1,3,8,1,7,148,77,71
CHAMBERS COUNTY,071,31 Years,532,287,245,366,196,170,35,23,12,6,3,3,7,4,3,118,61,57
CHAMBERS COUNTY,071,32 Years,570,310,260,373,201,172,38,22,16,17,14,3,4,4,0,138,69,69
CHAMBERS COUNTY,071,33 Years,574,305,269,379,188,191,42,25,17,9,7,2,5,2,3,139,83,56
CHAMBERS COUNTY,071,34 Years,509,252,257,346,160,186,31,21,10,4,3,1,6,4,2,122,64,58
CHAMBERS COUNTY,071,35 Years,536,262,274,344,157,187,36,24,12,5,2,3,3,1,2,148,78,70
CHAMBERS COUNTY,071,36 Years,578,279,299,365,160,205,49,32,17,5,2,3,4,2,2,155,83,72
CHAMBERS COUNTY,071,37 Years,585,295,290,376,186,190,32,18,14,4,1,3,8,4,4,165,86,79
CHAMBERS COUNTY,071,38 Years,614,322,292,401,219,182,44,18,26,6,2,4,9,5,4,154,78,76
CHAMBERS COUNTY,071,39 Years,513,272,241,346,177,169,28,14,14,6,2,4,3,2,1,130,77,53
CHAMBERS COUNTY,071,40 Years,540,269,271,359,171,188,32,19,13,4,0,4,7,4,3,138,75,63
CHAMBERS COUNTY,071,41 Years,577,277,300,379,182,197,45,20,25,5,3,2,4,2,2,144,70,74
CHAMBERS COUNTY,071,42 Years,575,279,296,364,178,186,46,17,29,4,1,3,4,2,2,157,81,76
CHAMBERS COUNTY,071,43 Years,529,257,272,336,166,170,49,20,29,7,3,4,2,1,1,135,67,68
CHAMBERS COUNTY,071,44 Years,557,263,294,350,163,187,45,18,27,7,3,4,4,2,2,151,77,74
CHAMBERS COUNTY,071,45 Years,569,283,286,351,176,175,58,28,30,5,1,4,8,4,4,147,74,73
CHAMBERS COUNTY,071,46 Years,585,265,320,376,173,203,49,23,26,6,1,5,8,2,6,146,66,80
CHAMBERS COUNTY,071,47 Years,623,301,322,412,199,213,66,35,31,11,2,9,10,4,6,124,61,63
CHAMBERS COUNTY,071,48 Years,608,295,313,405,194,211,60,31,29,8,3,5,11,6,5,124,61,63
CHAMBERS COUNTY,071,49 Years,591,295,296,404,195,209,56,29,27,6,3,3,4,2,2,121,66,55
CHAMBERS COUNTY,071,50 Years,539,266,273,372,183,189,48,22,26,5,3,2,3,2,1,111,56,55
CHAMBERS COUNTY,071,51 Years,560,277,283,378,185,193,42,17,25,9,3,6,6,2,4,125,70,55
CHAMBERS COUNTY,071,52 Years,542,272,270,387,191,196,36,21,15,6,2,4,7,4,3,106,54,52
CHAMBERS COUNTY,071,53 Years,534,274,260,390,198,192,39,22,17,5,3,2,7,4,3,93,47,46
CHAMBERS COUNTY,071,54 Years,511,264,247,373,190,183,39,21,18,7,2,5,5,2,3,87,49,38
CHAMBERS COUNTY,071,55 Years,524,281,243,385,206,179,41,22,19,6,4,2,7,3,4,85,46,39
CHAMBERS COUNTY,071,56 Years,530,276,254,394,198,196,44,23,21,3,2,1,8,3,5,81,50,31
CHAMBERS COUNTY,071,57 Years,528,275,253,380,195,185,42,21,21,9,4,5,15,8,7,82,47,35
CHAMBERS COUNTY,071,58 Years,548,286,262,388,209,179,49,21,28,4,1,3,14,8,6,93,47,46
CHAMBERS COUNTY,071,59 Years,510,254,256,368,185,183,43,18,25,6,4,2,7,5,2,86,42,44
CHAMBERS COUNTY,071,60 Years,494,246,248,365,176,189,40,23,17,4,2,2,6,4,2,79,41,38
CHAMBERS COUNTY,071,61 Years,525,278,247,396,219,177,41,20,21,3,1,2,8,4,4,77,34,43
CHAMBERS COUNTY,071,62 Years,504,277,227,377,209,168,36,18,18,5,4,1,4,2,2,82,44,38
CHAMBERS COUNTY,071,63 Years,489,253,236,372,193,179,33,15,18,4,2,2,5,3,2,75,40,35
CHAMBERS COUNTY,071,64 Years,482,239,243,372,179,193,31,17,14,3,1,2,9,6,3,67,36,31
CHAMBERS COUNTY,071,65 Years,486,238,248,373,178,195,41,15,26,2,1,1,5,2,3,65,42,23
CHAMBERS COUNTY,071,66 Years,390,209,181,305,163,142,35,14,21,2,2,0,4,2,2,44,28,16
CHAMBERS COUNTY,071,67 Years,340,181,159,262,139,123,32,15,17,1,1,0,5,3,2,40,23,17
CHAMBERS COUNTY,071,68 Years,332,172,160,256,135,121,34,15,19,6,2,4,6,3,3,30,17,13
CHAMBERS COUNTY,071,69 Years,340,164,176,270,127,143,33,16,17,5,2,3,3,2,1,29,17,12
CHAMBERS COUNTY,071,70 Years,367,181,186,294,146,148,32,15,17,4,1,3,8,3,5,29,16,13
CHAMBERS COUNTY,071,71 Years,372,186,186,294,146,148,37,19,18,5,3,2,7,2,5,29,16,13
CHAMBERS COUNTY,071,72 Years,301,150,151,243,116,127,30,15,15,3,2,1,1,0,1,24,17,7
CHAMBERS COUNTY,071,73 Years,255,125,130,205,99,106,28,17,11,2,1,1,1,0,1,19,8,11
CHAMBERS COUNTY,071,74 Years,237,117,120,191,95,96,25,11,14,1,0,1,4,3,1,16,8,8
CHAMBERS COUNTY,071,75 Years,228,118,110,189,98,91,18,7,11,0,0,0,4,2,2,17,11,6
CHAMBERS COUNTY,071,76 Years,195,90,105,164,77,87,13,3,10,2,1,1,5,4,1,11,5,6
CHAMBERS COUNTY,071,77 Years,183,85,98,144,67,77,22,12,10,1,0,1,3,2,1,13,4,9
CHAMBERS COUNTY,071,78 Years,161,76,85,125,58,67,18,8,10,1,0,1,2,1,1,15,9,6
CHAMBERS COUNTY,071,79 Years,140,66,74,107,49,58,14,5,9,0,0,0,2,1,1,17,11,6
CHAMBERS COUNTY,071,80 Years,112,56,56,90,46,44,12,5,7,0,0,0,2,0,2,8,5,3
CHAMBERS COUNTY,071,81 Years,112,50,62,92,41,51,11,4,7,1,0,1,1,1,0,7,4,3
CHAMBERS COUNTY,071,82 Years,101,50,51,87,44,43,10,3,7,0,0,0,0,0,0,4,3,1
CHAMBERS COUNTY,071,83 Years,89,45,44,73,37,36,11,4,7,1,1,0,0,0,0,4,3,1
CHAMBERS COUNTY,071,84 Years,89,37,52,76,30,46,8,4,4,0,0,0,2,1,1,3,2,1
CHAMBERS COUNTY,071,85 Years,76,34,42,63,29,34,10,4,6,0,0,0,1,0,1,2,1,1
CHAMBERS COUNTY,071,86 Years,57,24,33,49,20,29,6,3,3,0,0,0,1,0,1,1,1,0
CHAMBERS COUNTY,071,87 Years,73,24,49,64,19,45,7,4,3,1,0,1,0,0,0,1,1,0
CHAMBERS COUNTY,071,88 Years,74,23,51,64,17,47,8,4,4,0,0,0,1,1,0,1,1,0
CHAMBERS COUNTY,071,89 Years,56,17,39,46,14,32,7,2,5,0,0,0,1,1,0,2,0,2
CHAMBERS COUNTY,071,90 Years,38,12,26,29,9,20,5,2,3,0,0,0,1,0,1,3,1,2
CHAMBERS COUNTY,071,91 Years,33,10,23,26,7,19,3,2,1,0,0,0,1,0,1,3,1,2
CHAMBERS COUNTY,071,92 Years,31,9,22,25,8,17,3,0,3,1,0,1,0,0,0,2,1,1
CHAMBERS COUNTY,071,93 Years,29,9,20,21,7,14,3,0,3,1,0,1,1,0,1,3,2,1
CHAMBERS COUNTY,071,94 Years,20,7,13,15,4,11,3,1,2,0,0,0,0,0,0,2,2,0
CHAMBERS COUNTY,071,95 Years +,49,14,35,34,8,26,8,2,6,0,0,0,1,0,1,6,4,2
CHEROKEE COUNTY,073,All Ages,53427,27151,26276,32371,15973,16398,7358,3978,3380,247,101,146,1129,528,601,12322,6571,5751
CHEROKEE COUNTY,073,< 1 Year,710,361,349,318,162,156,95,50,45,3,1,2,37,17,20,257,131,126
CHEROKEE COUNTY,073,1 Years,699,354,345,330,166,164,92,51,41,2,1,1,31,13,18,244,123,121
CHEROKEE COUNTY,073,2 Years,736,365,371,348,175,173,91,50,41,2,1,1,36,14,22,259,125,134
CHEROKEE COUNTY,073,3 Years,738,367,371,362,179,183,91,50,41,1,0,1,33,15,18,251,123,128
CHEROKEE COUNTY,073,4 Years,750,371,379,349,172,177,97,50,47,1,0,1,40,19,21,263,130,133
CHEROKEE COUNTY,073,5 Years,721,365,356,345,169,176,94,50,44,1,0,1,38,19,19,243,127,116
CHEROKEE COUNTY,073,6 Years,718,353,365,346,169,177,91,44,47,2,1,1,37,17,20,242,122,120
CHEROKEE COUNTY,073,7 Years,719,362,357,358,179,179,86,43,43,4,2,2,32,18,14,239,120,119
CHEROKEE COUNTY,073,8 Years,699,351,348,343,166,177,82,47,35,3,0,3,30,14,16,241,124,117
CHEROKEE COUNTY,073,9 Years,781,393,388,365,179,186,103,54,49,1,0,1,34,12,22,278,148,130
CHEROKEE COUNTY,073,10 Years,757,383,374,363,181,182,85,44,41,2,1,1,30,13,17,277,144,133
CHEROKEE COUNTY,073,11 Years,752,384,368,361,185,176,95,51,44,0,0,0,26,13,13,270,135,135
CHEROKEE COUNTY,073,12 Years,802,423,379,390,206,184,98,50,48,3,2,1,24,11,13,287,154,133
CHEROKEE COUNTY,073,13 Years,807,425,382,387,208,179,116,55,61,6,2,4,22,15,7,276,145,131
CHEROKEE COUNTY,073,14 Years,805,415,390,398,214,184,108,54,54,4,2,2,24,12,12,271,133,138
CHEROKEE COUNTY,073,15 Years,822,425,397,382,188,194,133,78,55,3,2,1,33,15,18,271,142,129
CHEROKEE COUNTY,073,16 Years,798,418,380,373,179,194,108,69,39,6,4,2,28,15,13,283,151,132
CHEROKEE COUNTY,073,17 Years,787,426,361,380,195,185,131,88,43,3,2,1,18,7,11,255,134,121
CHEROKEE COUNTY,073,18 Years,733,414,319,335,180,155,124,80,44,5,1,4,28,13,15,241,140,101
CHEROKEE COUNTY,073,19 Years,668,359,309,301,164,137,106,64,42,4,1,3,21,8,13,236,122,114
CHEROKEE COUNTY,073,20 Years,626,348,278,288,160,128,98,63,35,2,0,2,18,8,10,220,117,103
CHEROKEE COUNTY,073,21 Years,603,332,271,281,154,127,103,57,46,5,2,3,15,6,9,199,113,86
CHEROKEE COUNTY,073,22 Years,580,309,271,286,155,131,95,50,45,3,2,1,13,6,7,183,96,87
CHEROKEE COUNTY,073,23 Years,563,299,264,296,157,139,75,40,35,7,5,2,12,7,5,173,90,83
CHEROKEE COUNTY,073,24 Years,618,316,302,335,174,161,87,38,49,3,2,1,15,9,6,178,93,85
CHEROKEE COUNTY,073,25 Years,640,334,306,335,176,159,110,54,56,4,1,3,15,7,8,176,96,80
CHEROKEE COUNTY,073,26 Years,715,365,350,372,182,190,134,76,58,6,2,4,14,7,7,189,98,91
CHEROKEE COUNTY,073,27 Years,851,456,395,435,221,214,187,120,67,3,2,1,17,9,8,209,104,105
CHEROKEE COUNTY,073,28 Years,790,412,378,427,213,214,154,98,56,1,1,0,17,7,10,191,93,98
CHEROKEE COUNTY,073,29 Years,710,366,344,410,204,206,120,76,44,4,1,3,10,5,5,166,80,86
CHEROKEE COUNTY,073,30 Years,682,349,333,398,193,205,111,63,48,3,1,2,9,5,4,161,87,74
CHEROKEE COUNTY,073,31 Years,618,320,298,348,168,180,97,55,42,2,1,1,9,4,5,162,92,70
CHEROKEE COUNTY,073,32 Years,577,311,266,331,160,171,89,56,33,3,3,0,5,2,3,149,90,59
CHEROKEE COUNTY,073,33 Years,577,304,273,336,162,174,85,52,33,2,2,0,5,1,4,149,87,62
CHEROKEE COUNTY,073,34 Years,626,317,309,367,182,185,86,45,41,4,2,2,8,4,4,161,84,77
CHEROKEE COUNTY,073,35 Years,607,300,307,369,183,186,78,41,37,3,1,2,9,5,4,148,70,78
CHEROKEE COUNTY,073,36 Years,586,297,289,353,174,179,76,37,39,5,2,3,5,2,3,147,82,65
CHEROKEE COUNTY,073,37 Years,651,332,319,390,199,191,89,40,49,7,3,4,11,6,5,154,84,70
CHEROKEE COUNTY,073,38 Years,674,329,345,395,189,206,96,43,53,6,3,3,9,4,5,168,90,78
CHEROKEE COUNTY,073,39 Years,626,319,307,369,184,185,80,40,40,4,0,4,6,2,4,167,93,74
CHEROKEE COUNTY,073,40 Years,619,329,290,351,179,172,93,52,41,4,2,2,4,2,2,167,94,73
CHEROKEE COUNTY,073,41 Years,688,377,311,379,191,188,102,60,42,2,0,2,10,6,4,195,120,75
CHEROKEE COUNTY,073,42 Years,630,341,289,363,197,166,90,50,40,2,0,2,9,5,4,166,89,77
CHEROKEE COUNTY,073,43 Years,632,333,299,362,182,180,95,61,34,2,0,2,3,0,3,170,90,80
CHEROKEE COUNTY,073,44 Years,671,350,321,396,193,203,95,56,39,3,1,2,6,3,3,171,97,74
CHEROKEE COUNTY,073,45 Years,686,380,306,399,206,193,107,70,37,1,1,0,4,2,2,175,101,74
CHEROKEE COUNTY,073,46 Years,669,349,320,391,197,194,94,56,38,3,3,0,2,1,1,179,92,87
CHEROKEE COUNTY,073,47 Years,707,381,326,440,232,208,101,60,41,1,1,0,6,3,3,159,85,74
CHEROKEE COUNTY,073,48 Years,658,353,305,403,205,198,91,52,39,2,1,1,6,2,4,156,93,63
CHEROKEE COUNTY,073,49 Years,648,349,299,392,201,191,103,57,46,2,1,1,9,5,4,142,85,57
CHEROKEE COUNTY,073,50 Years,623,316,307,397,192,205,85,49,36,4,1,3,7,4,3,130,70,60
CHEROKEE COUNTY,073,51 Years,606,327,279,368,187,181,96,54,42,3,1,2,7,3,4,132,82,50
CHEROKEE COUNTY,073,52 Years,634,336,298,384,196,188,100,55,45,5,2,3,8,3,5,137,80,57
CHEROKEE COUNTY,073,53 Years,664,364,300,430,240,190,99,58,41,4,1,3,11,5,6,120,60,60
CHEROKEE COUNTY,073,54 Years,653,344,309,443,223,220,85,50,35,4,3,1,9,4,5,112,64,48
CHEROKEE COUNTY,073,55 Years,667,348,319,450,229,221,94,51,43,3,1,2,13,6,7,107,61,46
CHEROKEE COUNTY,073,56 Years,651,331,320,442,211,231,91,50,41,5,1,4,10,5,5,103,64,39
CHEROKEE COUNTY,073,57 Years,621,303,318,418,196,222,85,40,45,7,2,5,10,4,6,101,61,40
CHEROKEE COUNTY,073,58 Years,678,332,346,484,238,246,91,41,50,5,2,3,8,5,3,90,46,44
CHEROKEE COUNTY,073,59 Years,698,350,348,511,250,261,89,46,43,6,2,4,6,3,3,86,49,37
CHEROKEE COUNTY,073,60 Years,644,336,308,467,244,223,81,45,36,5,1,4,8,4,4,83,42,41
CHEROKEE COUNTY,073,61 Years,646,324,322,481,239,242,80,42,38,3,2,1,13,4,9,69,37,32
CHEROKEE COUNTY,073,62 Years,625,309,316,460,224,236,88,44,44,4,1,3,9,4,5,64,36,28
CHEROKEE COUNTY,073,63 Years,645,319,326,482,234,248,92,48,44,2,1,1,8,6,2,61,30,31
CHEROKEE COUNTY,073,64 Years,666,317,349,504,229,275,103,57,46,2,0,2,9,6,3,48,25,23
CHEROKEE COUNTY,073,65 Years,629,294,335,497,231,266,81,38,43,4,1,3,8,4,4,39,20,19
CHEROKEE COUNTY,073,66 Years,599,282,317,475,228,247,74,30,44,3,1,2,6,2,4,41,21,20
CHEROKEE COUNTY,073,67 Years,586,271,315,450,209,241,79,33,46,2,0,2,5,2,3,50,27,23
CHEROKEE COUNTY,073,68 Years,572,287,285,458,225,233,69,33,36,1,1,0,8,6,2,36,22,14
CHEROKEE COUNTY,073,69 Years,541,268,273,439,215,224,58,28,30,1,1,0,7,5,2,36,19,17
CHEROKEE COUNTY,073,70 Years,557,256,301,454,206,248,58,29,29,0,0,0,7,3,4,38,18,20
CHEROKEE COUNTY,073,71 Years,560,254,306,464,204,260,48,25,23,2,1,1,8,3,5,38,21,17
CHEROKEE COUNTY,073,72 Years,462,220,242,385,182,203,44,21,23,1,0,1,4,1,3,28,16,12
CHEROKEE COUNTY,073,73 Years,456,225,231,377,187,190,42,19,23,1,0,1,6,1,5,30,18,12
CHEROKEE COUNTY,073,74 Years,412,198,214,345,168,177,36,11,25,1,1,0,6,4,2,24,14,10
CHEROKEE COUNTY,073,75 Years,403,197,206,338,161,177,37,15,22,1,1,0,3,2,1,24,18,6
CHEROKEE COUNTY,073,76 Years,375,173,202,316,146,170,33,15,18,3,1,2,4,0,4,19,11,8
CHEROKEE COUNTY,073,77 Years,343,160,183,296,140,156,26,12,14,2,1,1,3,1,2,16,6,10
CHEROKEE COUNTY,073,78 Years,319,156,163,268,130,138,28,12,16,2,1,1,4,2,2,17,11,6
CHEROKEE COUNTY,073,79 Years,269,134,135,229,113,116,25,12,13,0,0,0,1,0,1,14,9,5
CHEROKEE COUNTY,073,80 Years,239,114,125,200,99,101,23,7,16,1,0,1,4,2,2,11,6,5
CHEROKEE COUNTY,073,81 Years,243,111,132,206,95,111,22,9,13,0,0,0,4,1,3,11,6,5
CHEROKEE COUNTY,073,82 Years,222,97,125,193,84,109,18,6,12,1,0,1,1,1,0,9,6,3
CHEROKEE COUNTY,073,83 Years,225,99,126,188,85,103,23,7,16,2,0,2,2,1,1,10,6,4
CHEROKEE COUNTY,073,84 Years,198,83,115,162,66,96,22,7,15,0,0,0,2,1,1,12,9,3
CHEROKEE COUNTY,073,85 Years,153,68,85,128,54,74,13,6,7,0,0,0,3,2,1,9,6,3
CHEROKEE COUNTY,073,86 Years,132,54,78,110,47,63,12,4,8,0,0,0,3,1,2,7,2,5
CHEROKEE COUNTY,073,87 Years,110,42,68,91,35,56,11,4,7,2,1,1,2,0,2,4,2,2
CHEROKEE COUNTY,073,88 Years,110,40,70,87,31,56,9,4,5,0,0,0,4,1,3,10,4,6
CHEROKEE COUNTY,073,89 Years,93,32,61,76,25,51,10,4,6,0,0,0,2,1,1,5,2,3
CHEROKEE COUNTY,073,90 Years,78,27,51,66,23,43,8,3,5,0,0,0,1,0,1,3,1,2
CHEROKEE COUNTY,073,91 Years,64,23,41,53,19,34,7,3,4,0,0,0,0,0,0,4,1,3
CHEROKEE COUNTY,073,92 Years,55,14,41,44,12,32,7,2,5,0,0,0,0,0,0,4,0,4
CHEROKEE COUNTY,073,93 Years,47,13,34,37,10,27,7,2,5,0,0,0,0,0,0,3,1,2
CHEROKEE COUNTY,073,94 Years,32,10,22,23,7,16,5,2,3,0,0,0,0,0,0,4,1,3
CHEROKEE COUNTY,073,95 Years +,92,22,70,64,15,49,17,5,12,0,0,0,2,0,2,9,2,7
CHILDRESS COUNTY,075,All Ages,6993,4100,2893,4030,2043,1987,713,567,146,50,31,19,130,65,65,2070,1394,676
CHILDRESS COUNTY,075,< 1 Year,72,39,33,43,22,21,4,2,2,0,0,0,7,6,1,18,9,9
CHILDRESS COUNTY,075,1 Years,75,39,36,45,21,24,4,2,2,0,0,0,4,4,0,22,12,10
CHILDRESS COUNTY,075,2 Years,77,43,34,44,22,22,5,2,3,0,0,0,4,3,1,24,16,8
CHILDRESS COUNTY,075,3 Years,80,42,38,45,22,23,4,1,3,2,1,1,4,2,2,25,16,9
CHILDRESS COUNTY,075,4 Years,72,38,34,38,20,18,3,1,2,2,1,1,4,2,2,25,14,11
CHILDRESS COUNTY,075,5 Years,75,38,37,39,22,17,2,0,2,2,1,1,6,3,3,26,12,14
CHILDRESS COUNTY,075,6 Years,75,40,35,36,20,16,1,0,1,2,1,1,4,2,2,32,17,15
CHILDRESS COUNTY,075,7 Years,80,45,35,42,23,19,2,1,1,0,0,0,5,3,2,31,18,13
CHILDRESS COUNTY,075,8 Years,77,41,36,41,25,16,2,1,1,0,0,0,4,2,2,30,13,17
CHILDRESS COUNTY,075,9 Years,85,48,37,51,28,23,1,0,1,0,0,0,3,2,1,30,18,12
CHILDRESS COUNTY,075,10 Years,89,47,42,52,27,25,4,3,1,1,1,0,2,1,1,30,15,15
CHILDRESS COUNTY,075,11 Years,89,40,49,53,24,29,6,2,4,0,0,0,2,0,2,28,14,14
CHILDRESS COUNTY,075,12 Years,88,46,42,45,19,26,4,3,1,1,1,0,2,2,0,36,21,15
CHILDRESS COUNTY,075,13 Years,83,37,46,49,20,29,3,2,1,1,0,1,2,1,1,28,14,14
CHILDRESS COUNTY,075,14 Years,67,33,34,40,22,18,3,1,2,2,1,1,3,0,3,19,9,10
CHILDRESS COUNTY,075,15 Years,70,38,32,45,25,20,2,2,0,1,1,0,2,0,2,20,10,10
CHILDRESS COUNTY,075,16 Years,85,43,42,42,19,23,3,1,2,1,1,0,2,1,1,37,21,16
CHILDRESS COUNTY,075,17 Years,69,37,32,33,16,17,3,2,1,0,0,0,2,1,1,31,18,13
CHILDRESS COUNTY,075,18 Years,92,62,30,38,21,17,6,5,1,1,1,0,2,1,1,45,34,11
CHILDRESS COUNTY,075,19 Years,83,55,28,31,16,15,11,9,2,0,0,0,3,2,1,38,28,10
CHILDRESS COUNTY,075,20 Years,105,74,31,38,23,15,18,15,3,0,0,0,3,2,1,46,34,12
CHILDRESS COUNTY,075,21 Years,136,103,33,40,22,18,27,23,4,1,1,0,4,3,1,64,54,10
CHILDRESS COUNTY,075,22 Years,125,97,28,38,22,16,33,31,2,0,0,0,0,0,0,54,44,10
CHILDRESS COUNTY,075,23 Years,150,116,34,58,35,23,27,24,3,1,1,0,4,2,2,60,54,6
CHILDRESS COUNTY,075,24 Years,141,117,24,53,37,16,30,27,3,1,1,0,1,1,0,56,51,5
CHILDRESS COUNTY,075,25 Years,152,121,31,54,38,16,40,36,4,0,0,0,4,1,3,54,46,8
CHILDRESS COUNTY,075,26 Years,171,128,43,64,36,28,34,31,3,1,1,0,2,1,1,70,59,11
CHILDRESS COUNTY,075,27 Years,159,129,30,59,38,21,37,36,1,0,0,0,3,1,2,60,54,6
CHILDRESS COUNTY,075,28 Years,135,113,22,54,38,16,27,27,0,1,1,0,1,0,1,52,47,5
CHILDRESS COUNTY,075,29 Years,120,95,25,46,28,18,28,28,0,0,0,0,0,0,0,46,39,7
CHILDRESS COUNTY,075,30 Years,117,94,23,40,24,16,27,26,1,0,0,0,0,0,0,50,44,6
CHILDRESS COUNTY,075,31 Years,108,87,21,49,33,16,17,17,0,1,1,0,1,1,0,40,35,5
CHILDRESS COUNTY,075,32 Years,99,78,21,51,36,15,16,15,1,0,0,0,0,0,0,32,27,5
CHILDRESS COUNTY,075,33 Years,118,84,34,60,38,22,21,21,0,0,0,0,0,0,0,37,25,12
CHILDRESS COUNTY,075,34 Years,119,81,38,56,33,23,20,16,4,0,0,0,2,1,1,41,31,10
CHILDRESS COUNTY,075,35 Years,100,70,30,48,26,22,13,11,2,1,1,0,1,0,1,37,32,5
CHILDRESS COUNTY,075,36 Years,102,68,34,51,27,24,18,17,1,0,0,0,1,0,1,32,24,8
CHILDRESS COUNTY,075,37 Years,86,54,32,43,21,22,10,10,0,1,0,1,0,0,0,32,23,9
CHILDRESS COUNTY,075,38 Years,95,61,34,51,29,22,9,8,1,2,1,1,0,0,0,33,23,10
CHILDRESS COUNTY,075,39 Years,95,59,36,55,31,24,8,6,2,1,1,0,1,1,0,30,20,10
CHILDRESS COUNTY,075,40 Years,92,49,43,49,25,24,11,8,3,2,1,1,2,0,2,28,15,13
CHILDRESS COUNTY,075,41 Years,83,50,33,44,24,20,9,7,2,2,2,0,1,0,1,27,17,10
CHILDRESS COUNTY,075,42 Years,73,38,35,40,19,21,8,6,2,1,0,1,1,0,1,23,13,10
CHILDRESS COUNTY,075,43 Years,75,47,28,50,29,21,5,5,0,1,0,1,1,1,0,18,12,6
CHILDRESS COUNTY,075,44 Years,66,39,27,42,26,16,3,2,1,0,0,0,1,0,1,20,11,9
CHILDRESS COUNTY,075,45 Years,69,36,33,41,21,20,5,4,1,0,0,0,1,1,0,22,10,12
CHILDRESS COUNTY,075,46 Years,73,40,33,48,24,24,3,2,1,0,0,0,0,0,0,22,14,8
CHILDRESS COUNTY,075,47 Years,73,40,33,52,26,26,3,2,1,0,0,0,0,0,0,18,12,6
CHILDRESS COUNTY,075,48 Years,71,41,30,46,25,21,6,5,1,0,0,0,1,1,0,18,10,8
CHILDRESS COUNTY,075,49 Years,73,40,33,43,24,19,9,5,4,2,0,2,2,1,1,17,10,7
CHILDRESS COUNTY,075,50 Years,58,33,25,34,21,13,6,3,3,1,0,1,1,1,0,16,8,8
CHILDRESS COUNTY,075,51 Years,68,30,38,49,22,27,6,3,3,0,0,0,0,0,0,13,5,8
CHILDRESS COUNTY,075,52 Years,64,30,34,45,22,23,6,3,3,0,0,0,0,0,0,13,5,8
CHILDRESS COUNTY,075,53 Years,80,37,43,63,28,35,4,2,2,1,1,0,1,1,0,11,5,6
CHILDRESS COUNTY,075,54 Years,89,41,48,63,29,34,7,2,5,0,0,0,1,0,1,18,10,8
CHILDRESS COUNTY,075,55 Years,75,44,31,56,36,20,3,1,2,1,0,1,2,0,2,13,7,6
CHILDRESS COUNTY,075,56 Years,69,36,33,54,27,27,3,1,2,0,0,0,2,1,1,10,7,3
CHILDRESS COUNTY,075,57 Years,67,25,42,56,21,35,1,0,1,0,0,0,1,0,1,9,4,5
CHILDRESS COUNTY,075,58 Years,68,29,39,48,20,28,5,3,2,0,0,0,1,0,1,14,6,8
CHILDRESS COUNTY,075,59 Years,73,36,37,53,25,28,3,3,0,1,0,1,0,0,0,16,8,8
CHILDRESS COUNTY,075,60 Years,69,27,42,53,19,34,2,2,0,1,1,0,0,0,0,13,5,8
CHILDRESS COUNTY,075,61 Years,75,31,44,58,24,34,4,2,2,1,1,0,0,0,0,12,4,8
CHILDRESS COUNTY,075,62 Years,74,38,36,56,29,27,5,2,3,2,0,2,0,0,0,11,7,4
CHILDRESS COUNTY,075,63 Years,71,36,35,52,26,26,4,2,2,1,1,0,1,0,1,13,7,6
CHILDRESS COUNTY,075,64 Years,69,29,40,54,23,31,2,1,1,1,1,0,1,0,1,11,4,7
CHILDRESS COUNTY,075,65 Years,78,33,45,61,25,36,1,1,0,1,1,0,1,0,1,14,6,8
CHILDRESS COUNTY,075,66 Years,74,34,40,58,27,31,3,2,1,1,1,0,0,0,0,12,4,8
CHILDRESS COUNTY,075,67 Years,63,30,33,45,21,24,5,3,2,2,1,1,0,0,0,11,5,6
CHILDRESS COUNTY,075,68 Years,57,29,28,42,19,23,4,2,2,1,1,0,1,1,0,9,6,3
CHILDRESS COUNTY,075,69 Years,52,25,27,42,19,23,2,0,2,0,0,0,1,1,0,7,5,2
CHILDRESS COUNTY,075,70 Years,53,23,30,43,16,27,2,2,0,0,0,0,0,0,0,8,5,3
CHILDRESS COUNTY,075,71 Years,63,28,35,49,22,27,2,2,0,0,0,0,2,0,2,10,4,6
CHILDRESS COUNTY,075,72 Years,50,23,27,36,18,18,2,1,1,0,0,0,1,0,1,11,4,7
CHILDRESS COUNTY,075,73 Years,48,22,26,37,17,20,1,0,1,0,0,0,1,0,1,9,5,4
CHILDRESS COUNTY,075,74 Years,51,23,28,42,19,23,3,2,1,0,0,0,1,0,1,5,2,3
CHILDRESS COUNTY,075,75 Years,49,29,20,44,24,20,1,1,0,0,0,0,1,1,0,3,3,0
CHILDRESS COUNTY,075,76 Years,47,20,27,38,16,22,3,0,3,0,0,0,2,2,0,4,2,2
CHILDRESS COUNTY,075,77 Years,45,20,25,36,14,22,2,1,1,0,0,0,1,1,0,6,4,2
CHILDRESS COUNTY,075,78 Years,36,17,19,26,12,14,3,1,2,0,0,0,0,0,0,7,4,3
CHILDRESS COUNTY,075,79 Years,37,11,26,31,9,22,2,0,2,0,0,0,0,0,0,4,2,2
CHILDRESS COUNTY,075,80 Years,37,16,21,32,14,18,1,1,0,0,0,0,1,0,1,3,1,2
CHILDRESS COUNTY,075,81 Years,35,10,25,31,8,23,1,1,0,0,0,0,0,0,0,3,1,2
CHILDRESS COUNTY,075,82 Years,36,13,23,28,7,21,3,2,1,0,0,0,0,0,0,5,4,1
CHILDRESS COUNTY,075,83 Years,33,13,20,28,10,18,3,1,2,0,0,0,0,0,0,2,2,0
CHILDRESS COUNTY,075,84 Years,32,11,21,26,9,17,2,0,2,0,0,0,0,0,0,4,2,2
CHILDRESS COUNTY,075,85 Years,31,13,18,27,11,16,1,1,0,0,0,0,0,0,0,3,1,2
CHILDRESS COUNTY,075,86 Years,23,14,9,17,10,7,1,1,0,0,0,0,0,0,0,5,3,2
CHILDRESS COUNTY,075,87 Years,23,9,14,17,7,10,1,0,1,0,0,0,0,0,0,5,2,3
CHILDRESS COUNTY,075,88 Years,20,7,13,16,5,11,1,0,1,0,0,0,0,0,0,3,2,1
CHILDRESS COUNTY,075,89 Years,18,4,14,13,3,10,1,0,1,0,0,0,0,0,0,4,1,3
CHILDRESS COUNTY,075,90 Years,14,5,9,12,5,7,1,0,1,0,0,0,0,0,0,1,0,1
CHILDRESS COUNTY,075,91 Years,12,3,9,11,3,8,0,0,0,0,0,0,1,0,1,0,0,0
CHILDRESS COUNTY,075,92 Years,9,2,7,9,2,7,0,0,0,0,0,0,0,0,0,0,0,0
CHILDRESS COUNTY,075,93 Years,9,4,5,6,3,3,1,0,1,0,0,0,0,0,0,2,1,1
CHILDRESS COUNTY,075,94 Years,8,3,5,6,2,4,1,0,1,0,0,0,0,0,0,1,1,0
CHILDRESS COUNTY,075,95 Years +,17,4,13,12,2,10,3,1,2,0,0,0,0,0,0,2,1,1
CLAY COUNTY,077,All Ages,10410,5228,5182,9481,4788,4693,60,38,22,29,12,17,299,141,158,541,249,292
CLAY COUNTY,077,< 1 Year,89,46,43,79,42,37,0,0,0,0,0,0,5,2,3,5,2,3
CLAY COUNTY,077,1 Years,98,49,49,85,44,41,1,0,1,0,0,0,5,3,2,7,2,5
CLAY COUNTY,077,2 Years,101,51,50,91,47,44,0,0,0,0,0,0,4,1,3,6,3,3
CLAY COUNTY,077,3 Years,99,50,49,90,47,43,0,0,0,0,0,0,3,1,2,6,2,4
CLAY COUNTY,077,4 Years,102,50,52,89,45,44,0,0,0,0,0,0,4,1,3,9,4,5
CLAY COUNTY,077,5 Years,108,53,55,97,47,50,0,0,0,0,0,0,3,1,2,8,5,3
CLAY COUNTY,077,6 Years,105,50,55,93,43,50,0,0,0,0,0,0,3,1,2,9,6,3
CLAY COUNTY,077,7 Years,103,50,53,95,46,49,0,0,0,0,0,0,2,1,1,6,3,3
CLAY COUNTY,077,8 Years,139,69,70,126,63,63,0,0,0,1,0,1,3,1,2,9,5,4
CLAY COUNTY,077,9 Years,137,66,71,116,59,57,1,1,0,0,0,0,6,1,5,14,5,9
CLAY COUNTY,077,10 Years,138,70,68,119,58,61,1,1,0,0,0,0,7,4,3,11,7,4
CLAY COUNTY,077,11 Years,119,63,56,104,54,50,2,1,1,0,0,0,4,2,2,9,6,3
CLAY COUNTY,077,12 Years,117,68,49,98,57,41,1,1,0,1,1,0,4,3,1,13,6,7
CLAY COUNTY,077,13 Years,126,60,66,110,54,56,1,1,0,0,0,0,5,2,3,10,3,7
CLAY COUNTY,077,14 Years,127,65,62,115,58,57,0,0,0,0,0,0,3,2,1,9,5,4
CLAY COUNTY,077,15 Years,121,62,59,109,56,53,1,0,1,0,0,0,3,1,2,8,5,3
CLAY COUNTY,077,16 Years,114,64,50,98,55,43,2,2,0,0,0,0,4,2,2,10,5,5
CLAY COUNTY,077,17 Years,114,58,56,100,53,47,2,1,1,0,0,0,3,1,2,9,3,6
CLAY COUNTY,077,18 Years,105,54,51,88,49,39,2,1,1,0,0,0,3,1,2,12,3,9
CLAY COUNTY,077,19 Years,88,43,45,72,39,33,1,1,0,0,0,0,3,1,2,12,2,10
CLAY COUNTY,077,20 Years,82,43,39,70,40,30,1,1,0,0,0,0,3,2,1,8,0,8
CLAY COUNTY,077,21 Years,96,52,44,76,42,34,1,1,0,0,0,0,7,5,2,12,4,8
CLAY COUNTY,077,22 Years,102,52,50,82,43,39,2,2,0,0,0,0,6,3,3,12,4,8
CLAY COUNTY,077,23 Years,103,56,47,84,45,39,1,1,0,0,0,0,3,2,1,15,8,7
CLAY COUNTY,077,24 Years,126,73,53,104,63,41,1,0,1,0,0,0,8,6,2,13,4,9
CLAY COUNTY,077,25 Years,122,65,57,103,54,49,0,0,0,0,0,0,7,5,2,12,6,6
CLAY COUNTY,077,26 Years,134,72,62,121,66,55,1,0,1,1,1,0,3,2,1,8,3,5
CLAY COUNTY,077,27 Years,124,63,61,113,58,55,2,2,0,0,0,0,1,0,1,8,3,5
CLAY COUNTY,077,28 Years,122,57,65,110,53,57,3,1,2,1,1,0,2,0,2,6,2,4
CLAY COUNTY,077,29 Years,104,53,51,95,48,47,0,0,0,1,1,0,2,1,1,6,3,3
CLAY COUNTY,077,30 Years,102,58,44,97,54,43,2,2,0,1,1,0,0,0,0,2,1,1
CLAY COUNTY,077,31 Years,94,48,46,85,44,41,2,1,1,1,1,0,0,0,0,6,2,4
CLAY COUNTY,077,32 Years,90,47,43,85,45,40,1,0,1,0,0,0,1,1,0,3,1,2
CLAY COUNTY,077,33 Years,107,58,49,100,54,46,1,1,0,0,0,0,3,1,2,3,2,1
CLAY COUNTY,077,34 Years,95,40,55,90,38,52,0,0,0,0,0,0,3,1,2,2,1,1
CLAY COUNTY,077,35 Years,105,43,62,96,40,56,0,0,0,0,0,0,4,1,3,5,2,3
CLAY COUNTY,077,36 Years,104,48,56,94,44,50,0,0,0,0,0,0,3,0,3,7,4,3
CLAY COUNTY,077,37 Years,104,57,47,97,55,42,0,0,0,0,0,0,3,1,2,4,1,3
CLAY COUNTY,077,38 Years,113,64,49,104,60,44,0,0,0,0,0,0,3,1,2,6,3,3
CLAY COUNTY,077,39 Years,111,64,47,96,56,40,0,0,0,2,0,2,4,2,2,9,6,3
CLAY COUNTY,077,40 Years,123,63,60,112,57,55,1,1,0,0,0,0,3,1,2,7,4,3
CLAY COUNTY,077,41 Years,122,66,56,109,57,52,0,0,0,2,1,1,3,2,1,8,6,2
CLAY COUNTY,077,42 Years,123,65,58,108,57,51,1,0,1,1,1,0,5,1,4,8,6,2
CLAY COUNTY,077,43 Years,105,46,59,96,44,52,0,0,0,0,0,0,3,1,2,6,1,5
CLAY COUNTY,077,44 Years,106,53,53,92,48,44,3,0,3,0,0,0,3,1,2,8,4,4
CLAY COUNTY,077,45 Years,103,52,51,89,45,44,1,0,1,0,0,0,3,1,2,10,6,4
CLAY COUNTY,077,46 Years,114,49,65,102,44,58,2,2,0,2,0,2,2,0,2,6,3,3
CLAY COUNTY,077,47 Years,126,61,65,115,57,58,1,1,0,0,0,0,6,1,5,4,2,2
CLAY COUNTY,077,48 Years,136,64,72,123,57,66,1,1,0,2,1,1,2,1,1,8,4,4
CLAY COUNTY,077,49 Years,127,66,61,119,62,57,0,0,0,1,1,0,2,2,0,5,1,4
CLAY COUNTY,077,50 Years,132,67,65,120,58,62,0,0,0,0,0,0,6,4,2,6,5,1
CLAY COUNTY,077,51 Years,129,67,62,117,63,54,0,0,0,1,0,1,6,2,4,5,2,3
CLAY COUNTY,077,52 Years,126,63,63,116,58,58,0,0,0,0,0,0,2,1,1,8,4,4
CLAY COUNTY,077,53 Years,145,73,72,133,67,66,1,0,1,1,1,0,5,3,2,5,2,3
CLAY COUNTY,077,54 Years,169,84,85,158,79,79,2,2,0,0,0,0,5,2,3,4,1,3
CLAY COUNTY,077,55 Years,174,89,85,157,81,76,1,1,0,0,0,0,10,4,6,6,3,3
CLAY COUNTY,077,56 Years,168,87,81,151,80,71,2,1,1,0,0,0,5,2,3,10,4,6
CLAY COUNTY,077,57 Years,171,88,83,159,82,77,1,1,0,0,0,0,2,1,1,9,4,5
CLAY COUNTY,077,58 Years,180,97,83,166,89,77,0,0,0,1,1,0,4,3,1,9,4,5
CLAY COUNTY,077,59 Years,176,90,86,163,84,79,1,0,1,0,0,0,4,3,1,8,3,5
CLAY COUNTY,077,60 Years,186,99,87,174,90,84,1,1,0,0,0,0,5,3,2,6,5,1
CLAY COUNTY,077,61 Years,166,90,76,155,83,72,2,1,1,1,0,1,5,5,0,3,1,2
CLAY COUNTY,077,62 Years,174,79,95,169,77,92,1,0,1,0,0,0,2,2,0,2,0,2
CLAY COUNTY,077,63 Years,188,100,88,181,95,86,0,0,0,0,0,0,3,2,1,4,3,1
CLAY COUNTY,077,64 Years,185,101,84,178,97,81,1,1,0,0,0,0,5,2,3,1,1,0
CLAY COUNTY,077,65 Years,182,91,91,171,85,86,1,1,0,0,0,0,3,1,2,7,4,3
CLAY COUNTY,077,66 Years,169,84,85,161,81,80,0,0,0,0,0,0,4,1,3,4,2,2
CLAY COUNTY,077,67 Years,143,75,68,136,73,63,1,0,1,0,0,0,4,1,3,2,1,1
CLAY COUNTY,077,68 Years,134,70,64,128,66,62,0,0,0,0,0,0,3,2,1,3,2,1
CLAY COUNTY,077,69 Years,137,68,69,134,66,68,0,0,0,0,0,0,1,1,0,2,1,1
CLAY COUNTY,077,70 Years,139,71,68,131,66,65,0,0,0,0,0,0,4,2,2,4,3,1
CLAY COUNTY,077,71 Years,137,69,68,127,65,62,1,1,0,0,0,0,5,2,3,4,1,3
CLAY COUNTY,077,72 Years,103,48,55,95,45,50,0,0,0,1,0,1,4,2,2,3,1,2
CLAY COUNTY,077,73 Years,111,52,59,105,49,56,0,0,0,1,0,1,3,1,2,2,2,0
CLAY COUNTY,077,74 Years,114,51,63,113,50,63,0,0,0,0,0,0,0,0,0,1,1,0
CLAY COUNTY,077,75 Years,111,51,60,106,49,57,0,0,0,0,0,0,2,1,1,3,1,2
CLAY COUNTY,077,76 Years,88,44,44,83,41,42,0,0,0,0,0,0,3,2,1,2,1,1
CLAY COUNTY,077,77 Years,77,39,38,72,36,36,0,0,0,0,0,0,2,2,0,3,1,2
CLAY COUNTY,077,78 Years,67,31,36,62,29,33,1,1,0,0,0,0,2,1,1,2,0,2
CLAY COUNTY,077,79 Years,87,37,50,82,36,46,0,0,0,1,0,1,2,1,1,2,0,2
CLAY COUNTY,077,80 Years,78,39,39,72,37,35,0,0,0,0,0,0,4,1,3,2,1,1
CLAY COUNTY,077,81 Years,61,29,32,57,27,30,0,0,0,0,0,0,2,1,1,2,1,1
CLAY COUNTY,077,82 Years,56,28,28,54,28,26,0,0,0,2,0,2,0,0,0,0,0,0
CLAY COUNTY,077,83 Years,52,28,24,49,26,23,0,0,0,1,0,1,1,1,0,1,1,0
CLAY COUNTY,077,84 Years,52,19,33,50,19,31,0,0,0,2,0,2,0,0,0,0,0,0
CLAY COUNTY,077,85 Years,45,17,28,41,15,26,0,0,0,0,0,0,2,1,1,2,1,1
CLAY COUNTY,077,86 Years,41,15,26,39,15,24,0,0,0,0,0,0,1,0,1,1,0,1
CLAY COUNTY,077,87 Years,32,11,21,31,11,20,0,0,0,0,0,0,1,0,1,0,0,0
CLAY COUNTY,077,88 Years,30,9,21,29,9,20,0,0,0,0,0,0,0,0,0,1,0,1
CLAY COUNTY,077,89 Years,24,8,16,23,7,16,0,0,0,0,0,0,0,0,0,1,1,0
CLAY COUNTY,077,90 Years,22,7,15,22,7,15,0,0,0,0,0,0,0,0,0,0,0,0
CLAY COUNTY,077,91 Years,20,8,12,19,7,12,0,0,0,0,0,0,0,0,0,1,1,0
CLAY COUNTY,077,92 Years,15,7,8,14,6,8,0,0,0,0,0,0,1,1,0,0,0,0
CLAY COUNTY,077,93 Years,11,3,8,10,3,7,0,0,0,0,0,0,1,0,1,0,0,0
CLAY COUNTY,077,94 Years,8,2,6,8,2,6,0,0,0,0,0,0,0,0,0,0,0,0
CLAY COUNTY,077,95 Years +,20,4,16,19,3,16,0,0,0,0,0,0,0,0,0,1,1,0
COCHRAN COUNTY,079,All Ages,2929,1483,1446,1063,546,517,94,44,50,4,1,3,42,20,22,1726,872,854
COCHRAN COUNTY,079,< 1 Year,45,22,23,11,6,5,0,0,0,0,0,0,2,1,1,32,15,17
COCHRAN COUNTY,079,1 Years,43,24,19,13,9,4,0,0,0,0,0,0,2,1,1,28,14,14
COCHRAN COUNTY,079,2 Years,44,23,21,12,8,4,1,0,1,0,0,0,3,1,2,28,14,14
COCHRAN COUNTY,079,3 Years,46,26,20,18,12,6,0,0,0,0,0,0,1,1,0,27,13,14
COCHRAN COUNTY,079,4 Years,46,25,21,18,10,8,0,0,0,0,0,0,0,0,0,28,15,13
COCHRAN COUNTY,079,5 Years,48,28,20,17,11,6,0,0,0,0,0,0,0,0,0,31,17,14
COCHRAN COUNTY,079,6 Years,52,29,23,16,8,8,0,0,0,0,0,0,1,1,0,35,20,15
COCHRAN COUNTY,079,7 Years,57,32,25,18,9,9,1,1,0,0,0,0,2,1,1,36,21,15
COCHRAN COUNTY,079,8 Years,51,32,19,15,6,9,0,0,0,0,0,0,0,0,0,36,26,10
COCHRAN COUNTY,079,9 Years,48,22,26,9,3,6,0,0,0,0,0,0,0,0,0,39,19,20
COCHRAN COUNTY,079,10 Years,41,25,16,11,7,4,0,0,0,0,0,0,0,0,0,30,18,12
COCHRAN COUNTY,079,11 Years,46,20,26,9,3,6,0,0,0,0,0,0,1,1,0,36,16,20
COCHRAN COUNTY,079,12 Years,41,23,18,11,6,5,1,0,1,0,0,0,0,0,0,29,17,12
COCHRAN COUNTY,079,13 Years,42,21,21,10,7,3,1,1,0,0,0,0,1,0,1,30,13,17
COCHRAN COUNTY,079,14 Years,47,21,26,9,6,3,1,1,0,0,0,0,0,0,0,37,14,23
COCHRAN COUNTY,079,15 Years,53,28,25,11,6,5,0,0,0,0,0,0,0,0,0,42,22,20
COCHRAN COUNTY,079,16 Years,52,21,31,17,8,9,1,0,1,0,0,0,0,0,0,34,13,21
COCHRAN COUNTY,079,17 Years,42,14,28,12,4,8,1,0,1,0,0,0,0,0,0,29,10,19
COCHRAN COUNTY,079,18 Years,34,16,18,8,4,4,0,0,0,0,0,0,0,0,0,26,12,14
COCHRAN COUNTY,079,19 Years,43,25,18,11,6,5,1,1,0,0,0,0,1,0,1,30,18,12
COCHRAN COUNTY,079,20 Years,36,18,18,7,4,3,1,1,0,0,0,0,1,0,1,27,13,14
COCHRAN COUNTY,079,21 Years,37,23,14,8,5,3,2,1,1,1,1,0,1,1,0,25,15,10
COCHRAN COUNTY,079,22 Years,36,19,17,8,6,2,2,1,1,0,0,0,0,0,0,26,12,14
COCHRAN COUNTY,079,23 Years,37,20,17,8,6,2,2,2,0,1,0,1,0,0,0,26,12,14
COCHRAN COUNTY,079,24 Years,43,20,23,11,7,4,2,1,1,1,0,1,0,0,0,29,12,17
COCHRAN COUNTY,079,25 Years,44,23,21,12,8,4,2,0,2,0,0,0,0,0,0,30,15,15
COCHRAN COUNTY,079,26 Years,37,20,17,13,10,3,1,0,1,0,0,0,1,1,0,22,9,13
COCHRAN COUNTY,079,27 Years,45,24,21,17,10,7,3,2,1,0,0,0,1,0,1,24,12,12
COCHRAN COUNTY,079,28 Years,39,21,18,15,8,7,1,1,0,0,0,0,0,0,0,23,12,11
COCHRAN COUNTY,079,29 Years,39,20,19,18,10,8,1,1,0,0,0,0,0,0,0,20,9,11
COCHRAN COUNTY,079,30 Years,33,13,20,11,6,5,1,0,1,0,0,0,0,0,0,21,7,14
COCHRAN COUNTY,079,31 Years,38,18,20,12,4,8,0,0,0,0,0,0,0,0,0,26,14,12
COCHRAN COUNTY,079,32 Years,32,19,13,10,5,5,3,3,0,0,0,0,0,0,0,19,11,8
COCHRAN COUNTY,079,33 Years,34,17,17,13,5,8,1,1,0,0,0,0,0,0,0,20,11,9
COCHRAN COUNTY,079,34 Years,34,14,20,13,5,8,0,0,0,0,0,0,0,0,0,21,9,12
COCHRAN COUNTY,079,35 Years,24,11,13,10,4,6,1,1,0,0,0,0,0,0,0,13,6,7
COCHRAN COUNTY,079,36 Years,32,13,19,13,5,8,3,1,2,0,0,0,0,0,0,16,7,9
COCHRAN COUNTY,079,37 Years,38,19,19,8,4,4,2,0,2,0,0,0,0,0,0,28,15,13
COCHRAN COUNTY,079,38 Years,36,18,18,10,3,7,0,0,0,0,0,0,0,0,0,26,15,11
COCHRAN COUNTY,079,39 Years,25,17,8,9,5,4,0,0,0,0,0,0,0,0,0,16,12,4
COCHRAN COUNTY,079,40 Years,27,12,15,6,4,2,0,0,0,0,0,0,1,0,1,20,8,12
COCHRAN COUNTY,079,41 Years,27,13,14,10,4,6,0,0,0,0,0,0,0,0,0,17,9,8
COCHRAN COUNTY,079,42 Years,18,9,9,7,4,3,0,0,0,0,0,0,0,0,0,11,5,6
COCHRAN COUNTY,079,43 Years,21,10,11,8,4,4,0,0,0,0,0,0,0,0,0,13,6,7
COCHRAN COUNTY,079,44 Years,22,9,13,9,2,7,1,1,0,0,0,0,0,0,0,12,6,6
COCHRAN COUNTY,079,45 Years,24,9,15,13,4,9,0,0,0,0,0,0,0,0,0,11,5,6
COCHRAN COUNTY,079,46 Years,26,13,13,9,4,5,1,1,0,0,0,0,0,0,0,16,8,8
COCHRAN COUNTY,079,47 Years,32,15,17,8,3,5,1,1,0,0,0,0,0,0,0,23,11,12
COCHRAN COUNTY,079,48 Years,33,11,22,9,4,5,1,0,1,1,0,1,1,0,1,21,7,14
COCHRAN COUNTY,079,49 Years,29,14,15,9,3,6,1,1,0,0,0,0,0,0,0,19,10,9
COCHRAN COUNTY,079,50 Years,42,24,18,18,10,8,5,2,3,0,0,0,0,0,0,19,12,7
COCHRAN COUNTY,079,51 Years,31,19,12,13,9,4,2,0,2,0,0,0,1,0,1,15,10,5
COCHRAN COUNTY,079,52 Years,28,15,13,14,6,8,1,0,1,0,0,0,0,0,0,13,9,4
COCHRAN COUNTY,079,53 Years,38,17,21,16,6,10,1,0,1,0,0,0,1,1,0,20,10,10
COCHRAN COUNTY,079,54 Years,38,19,19,13,6,7,2,1,1,0,0,0,1,1,0,22,11,11
COCHRAN COUNTY,079,55 Years,46,24,22,20,11,9,2,0,2,0,0,0,1,0,1,23,13,10
COCHRAN COUNTY,079,56 Years,42,24,18,20,11,9,1,1,0,0,0,0,1,0,1,20,12,8
COCHRAN COUNTY,079,57 Years,37,19,18,19,10,9,2,0,2,0,0,0,1,0,1,15,9,6
COCHRAN COUNTY,079,58 Years,35,19,16,15,8,7,1,0,1,0,0,0,2,1,1,17,10,7
COCHRAN COUNTY,079,59 Years,35,18,17,16,7,9,2,1,1,0,0,0,1,1,0,16,9,7
COCHRAN COUNTY,079,60 Years,28,12,16,15,6,9,1,1,0,0,0,0,1,0,1,11,5,6
COCHRAN COUNTY,079,61 Years,29,10,19,16,6,10,2,1,1,0,0,0,0,0,0,11,3,8
COCHRAN COUNTY,079,62 Years,40,19,21,22,11,11,2,1,1,0,0,0,0,0,0,16,7,9
COCHRAN COUNTY,079,63 Years,37,17,20,22,11,11,1,0,1,0,0,0,0,0,0,14,6,8
COCHRAN COUNTY,079,64 Years,33,16,17,16,8,8,1,1,0,0,0,0,0,0,0,16,7,9
COCHRAN COUNTY,079,65 Years,28,14,14,15,6,9,0,0,0,0,0,0,0,0,0,13,8,5
COCHRAN COUNTY,079,66 Years,28,12,16,14,6,8,0,0,0,0,0,0,1,0,1,13,6,7
COCHRAN COUNTY,079,67 Years,26,14,12,13,7,6,2,1,1,0,0,0,0,0,0,11,6,5
COCHRAN COUNTY,079,68 Years,26,14,12,12,6,6,1,0,1,0,0,0,1,0,1,12,8,4
COCHRAN COUNTY,079,69 Years,29,16,13,9,6,3,1,1,0,0,0,0,1,0,1,18,9,9
COCHRAN COUNTY,079,70 Years,25,13,12,11,6,5,0,0,0,0,0,0,1,1,0,13,6,7
COCHRAN COUNTY,079,71 Years,24,12,12,12,6,6,2,1,1,0,0,0,0,0,0,10,5,5
COCHRAN COUNTY,079,72 Years,22,12,10,9,5,4,0,0,0,0,0,0,1,1,0,12,6,6
COCHRAN COUNTY,079,73 Years,21,12,9,11,5,6,1,1,0,0,0,0,0,0,0,9,6,3
COCHRAN COUNTY,079,74 Years,22,12,10,11,5,6,0,0,0,0,0,0,1,1,0,10,6,4
COCHRAN COUNTY,079,75 Years,19,10,9,9,4,5,0,0,0,0,0,0,1,1,0,9,5,4
COCHRAN COUNTY,079,76 Years,17,7,10,8,3,5,2,0,2,0,0,0,0,0,0,7,4,3
COCHRAN COUNTY,079,77 Years,21,9,12,11,5,6,2,2,0,0,0,0,0,0,0,8,2,6
COCHRAN COUNTY,079,78 Years,18,9,9,10,6,4,1,1,0,0,0,0,0,0,0,7,2,5
COCHRAN COUNTY,079,79 Years,18,8,10,9,5,4,1,0,1,0,0,0,1,0,1,7,3,4
COCHRAN COUNTY,079,80 Years,18,11,7,9,6,3,0,0,0,0,0,0,1,1,0,8,4,4
COCHRAN COUNTY,079,81 Years,16,8,8,8,5,3,1,1,0,0,0,0,0,0,0,7,2,5
COCHRAN COUNTY,079,82 Years,19,9,10,8,4,4,2,1,1,0,0,0,0,0,0,9,4,5
COCHRAN COUNTY,079,83 Years,15,10,5,6,4,2,2,1,1,0,0,0,0,0,0,7,5,2
COCHRAN COUNTY,079,84 Years,13,5,8,5,3,2,3,0,3,0,0,0,1,0,1,4,2,2
COCHRAN COUNTY,079,85 Years,11,5,6,4,3,1,2,0,2,0,0,0,1,1,0,4,1,3
COCHRAN COUNTY,079,86 Years,10,6,4,5,3,2,0,0,0,0,0,0,1,1,0,4,2,2
COCHRAN COUNTY,079,87 Years,8,4,4,5,3,2,1,0,1,0,0,0,0,0,0,2,1,1
COCHRAN COUNTY,079,88 Years,5,3,2,5,3,2,0,0,0,0,0,0,0,0,0,0,0,0
COCHRAN COUNTY,079,89 Years,5,3,2,4,2,2,0,0,0,0,0,0,0,0,0,1,1,0
COCHRAN COUNTY,079,90 Years,6,3,3,4,2,2,0,0,0,0,0,0,0,0,0,2,1,1
COCHRAN COUNTY,079,91 Years,5,4,1,3,2,1,1,1,0,0,0,0,0,0,0,1,1,0
COCHRAN COUNTY,079,92 Years,4,2,2,2,1,1,0,0,0,0,0,0,0,0,0,2,1,1
COCHRAN COUNTY,079,93 Years,1,1,0,1,1,0,0,0,0,0,0,0,0,0,0,0,0,0
COCHRAN COUNTY,079,94 Years,1,0,1,1,0,1,0,0,0,0,0,0,0,0,0,0,0,0
COCHRAN COUNTY,079,95 Years +,10,4,6,4,2,2,2,0,2,0,0,0,0,0,0,4,2,2
COKE COUNTY,081,All Ages,3359,1648,1711,2627,1272,1355,6,4,2,6,1,5,60,32,28,660,339,321
COKE COUNTY,081,< 1 Year,33,21,12,29,18,11,0,0,0,0,0,0,0,0,0,4,3,1
COKE COUNTY,081,1 Years,38,20,18,32,17,15,0,0,0,0,0,0,0,0,0,6,3,3
COKE COUNTY,081,2 Years,38,21,17,32,18,14,0,0,0,0,0,0,1,0,1,5,3,2
COKE COUNTY,081,3 Years,39,20,19,32,18,14,0,0,0,0,0,0,1,0,1,6,2,4
COKE COUNTY,081,4 Years,34,20,14,30,18,12,0,0,0,0,0,0,0,0,0,4,2,2
COKE COUNTY,081,5 Years,31,16,15,27,15,12,0,0,0,0,0,0,0,0,0,4,1,3
COKE COUNTY,081,6 Years,30,15,15,24,13,11,0,0,0,0,0,0,0,0,0,6,2,4
COKE COUNTY,081,7 Years,31,15,16,25,12,13,0,0,0,0,0,0,0,0,0,6,3,3
COKE COUNTY,081,8 Years,34,15,19,26,9,17,1,0,1,0,0,0,1,1,0,6,5,1
COKE COUNTY,081,9 Years,28,15,13,19,7,12,0,0,0,0,0,0,0,0,0,9,8,1
COKE COUNTY,081,10 Years,36,19,17,24,13,11,0,0,0,0,0,0,0,0,0,12,6,6
COKE COUNTY,081,11 Years,36,21,15,24,15,9,0,0,0,0,0,0,1,0,1,11,6,5
COKE COUNTY,081,12 Years,37,20,17,25,15,10,0,0,0,0,0,0,0,0,0,12,5,7
COKE COUNTY,081,13 Years,29,18,11,18,11,7,0,0,0,0,0,0,0,0,0,11,7,4
COKE COUNTY,081,14 Years,28,9,19,17,6,11,0,0,0,0,0,0,0,0,0,11,3,8
COKE COUNTY,081,15 Years,39,14,25,26,9,17,0,0,0,0,0,0,1,1,0,12,4,8
COKE COUNTY,081,16 Years,48,21,27,33,15,18,0,0,0,0,0,0,2,1,1,13,5,8
COKE COUNTY,081,17 Years,55,27,28,40,19,21,0,0,0,0,0,0,1,1,0,14,7,7
COKE COUNTY,081,18 Years,52,25,27,38,16,22,0,0,0,0,0,0,1,1,0,13,8,5
COKE COUNTY,081,19 Years,39,21,18,31,16,15,0,0,0,0,0,0,0,0,0,8,5,3
COKE COUNTY,081,20 Years,35,15,20,26,10,16,0,0,0,0,0,0,0,0,0,9,5,4
COKE COUNTY,081,21 Years,40,23,17,26,15,11,0,0,0,0,0,0,3,1,2,11,7,4
COKE COUNTY,081,22 Years,38,22,16,27,15,12,0,0,0,0,0,0,2,2,0,9,5,4
COKE COUNTY,081,23 Years,41,21,20,27,13,14,0,0,0,0,0,0,2,1,1,12,7,5
COKE COUNTY,081,24 Years,37,21,16,26,14,12,0,0,0,0,0,0,1,1,0,10,6,4
COKE COUNTY,081,25 Years,49,29,20,30,20,10,0,0,0,0,0,0,4,2,2,15,7,8
COKE COUNTY,081,26 Years,40,26,14,24,16,8,1,1,0,0,0,0,1,1,0,14,8,6
COKE COUNTY,081,27 Years,28,17,11,17,10,7,0,0,0,0,0,0,1,1,0,10,6,4
COKE COUNTY,081,28 Years,29,16,13,18,9,9,0,0,0,0,0,0,1,1,0,10,6,4
COKE COUNTY,081,29 Years,30,14,16,21,10,11,1,1,0,0,0,0,0,0,0,8,3,5
COKE COUNTY,081,30 Years,22,13,9,16,10,6,0,0,0,0,0,0,1,1,0,5,2,3
COKE COUNTY,081,31 Years,22,13,9,12,7,5,0,0,0,2,0,2,0,0,0,8,6,2
COKE COUNTY,081,32 Years,27,13,14,18,9,9,0,0,0,2,1,1,0,0,0,7,3,4
COKE COUNTY,081,33 Years,30,18,12,22,11,11,0,0,0,0,0,0,1,1,0,7,6,1
COKE COUNTY,081,34 Years,41,24,17,33,19,14,0,0,0,0,0,0,0,0,0,8,5,3
COKE COUNTY,081,35 Years,28,15,13,24,12,12,0,0,0,0,0,0,0,0,0,4,3,1
COKE COUNTY,081,36 Years,30,11,19,26,11,15,0,0,0,0,0,0,2,0,2,2,0,2
COKE COUNTY,081,37 Years,32,16,16,24,11,13,0,0,0,0,0,0,1,0,1,7,5,2
COKE COUNTY,081,38 Years,30,12,18,21,8,13,0,0,0,0,0,0,2,0,2,7,4,3
COKE COUNTY,081,39 Years,33,14,19,26,12,14,0,0,0,0,0,0,1,0,1,6,2,4
COKE COUNTY,081,40 Years,29,14,15,24,11,13,1,1,0,0,0,0,0,0,0,4,2,2
COKE COUNTY,081,41 Years,27,13,14,23,11,12,0,0,0,0,0,0,0,0,0,4,2,2
COKE COUNTY,081,42 Years,28,13,15,20,11,9,0,0,0,1,0,1,0,0,0,7,2,5
COKE COUNTY,081,43 Years,30,15,15,24,13,11,0,0,0,1,0,1,1,1,0,4,1,3
COKE COUNTY,081,44 Years,25,11,14,19,8,11,0,0,0,0,0,0,0,0,0,6,3,3
COKE COUNTY,081,45 Years,27,13,14,20,11,9,0,0,0,0,0,0,1,0,1,6,2,4
COKE COUNTY,081,46 Years,27,9,18,23,8,15,0,0,0,0,0,0,1,0,1,3,1,2
COKE COUNTY,081,47 Years,25,13,12,19,10,9,0,0,0,0,0,0,0,0,0,6,3,3
COKE COUNTY,081,48 Years,32,16,16,24,12,12,0,0,0,0,0,0,0,0,0,8,4,4
COKE COUNTY,081,49 Years,42,22,20,33,17,16,0,0,0,0,0,0,0,0,0,9,5,4
COKE COUNTY,081,50 Years,37,19,18,24,13,11,0,0,0,0,0,0,0,0,0,13,6,7
COKE COUNTY,081,51 Years,42,23,19,30,16,14,0,0,0,0,0,0,0,0,0,12,7,5
COKE COUNTY,081,52 Years,37,18,19,23,10,13,0,0,0,0,0,0,0,0,0,14,8,6
COKE COUNTY,081,53 Years,58,22,36,47,17,30,0,0,0,0,0,0,0,0,0,11,5,6
COKE COUNTY,081,54 Years,53,25,28,40,20,20,0,0,0,0,0,0,2,0,2,11,5,6
COKE COUNTY,081,55 Years,48,24,24,36,17,19,1,0,1,0,0,0,0,0,0,11,7,4
COKE COUNTY,081,56 Years,54,29,25,42,21,21,0,0,0,0,0,0,2,1,1,10,7,3
COKE COUNTY,081,57 Years,55,27,28,46,22,24,0,0,0,0,0,0,1,1,0,8,4,4
COKE COUNTY,081,58 Years,45,20,25,32,15,17,0,0,0,0,0,0,0,0,0,13,5,8
COKE COUNTY,081,59 Years,51,25,26,40,19,21,0,0,0,0,0,0,2,2,0,9,4,5
COKE COUNTY,081,60 Years,50,26,24,41,21,20,1,1,0,0,0,0,2,2,0,6,2,4
COKE COUNTY,081,61 Years,52,27,25,44,23,21,0,0,0,0,0,0,0,0,0,8,4,4
COKE COUNTY,081,62 Years,46,22,24,40,18,22,0,0,0,0,0,0,0,0,0,6,4,2
COKE COUNTY,081,63 Years,47,26,21,42,23,19,0,0,0,0,0,0,0,0,0,5,3,2
COKE COUNTY,081,64 Years,57,28,29,46,23,23,0,0,0,0,0,0,1,1,0,10,4,6
COKE COUNTY,081,65 Years,52,26,26,44,22,22,0,0,0,0,0,0,1,1,0,7,3,4
COKE COUNTY,081,66 Years,47,23,24,42,20,22,0,0,0,0,0,0,0,0,0,5,3,2
COKE COUNTY,081,67 Years,45,22,23,44,21,23,0,0,0,0,0,0,0,0,0,1,1,0
COKE COUNTY,081,68 Years,46,19,27,41,18,23,0,0,0,0,0,0,0,0,0,5,1,4
COKE COUNTY,081,69 Years,53,22,31,44,18,26,0,0,0,0,0,0,1,1,0,8,3,5
COKE COUNTY,081,70 Years,50,20,30,44,17,27,0,0,0,0,0,0,0,0,0,6,3,3
COKE COUNTY,081,71 Years,49,19,30,39,16,23,0,0,0,0,0,0,2,0,2,8,3,5
COKE COUNTY,081,72 Years,34,11,23,27,9,18,0,0,0,0,0,0,2,1,1,5,1,4
COKE COUNTY,081,73 Years,42,17,25,36,14,22,0,0,0,0,0,0,2,1,1,4,2,2
COKE COUNTY,081,74 Years,47,23,24,39,19,20,0,0,0,0,0,0,3,1,2,5,3,2
COKE COUNTY,081,75 Years,43,20,23,37,17,20,0,0,0,0,0,0,1,1,0,5,2,3
COKE COUNTY,081,76 Years,37,15,22,31,12,19,0,0,0,0,0,0,1,0,1,5,3,2
COKE COUNTY,081,77 Years,38,15,23,33,12,21,0,0,0,0,0,0,1,0,1,4,3,1
COKE COUNTY,081,78 Years,39,21,18,36,19,17,0,0,0,0,0,0,0,0,0,3,2,1
COKE COUNTY,081,79 Years,34,20,14,33,19,14,0,0,0,0,0,0,0,0,0,1,1,0
COKE COUNTY,081,80 Years,28,11,17,26,10,16,0,0,0,0,0,0,0,0,0,2,1,1
COKE COUNTY,081,81 Years,33,20,13,29,17,12,0,0,0,0,0,0,1,1,0,3,2,1
COKE COUNTY,081,82 Years,31,15,16,27,15,12,0,0,0,0,0,0,0,0,0,4,0,4
COKE COUNTY,081,83 Years,23,10,13,19,9,10,0,0,0,0,0,0,0,0,0,4,1,3
COKE COUNTY,081,84 Years,21,11,10,17,9,8,0,0,0,0,0,0,0,0,0,4,2,2
COKE COUNTY,081,85 Years,15,8,7,13,7,6,0,0,0,0,0,0,0,0,0,2,1,1
COKE COUNTY,081,86 Years,16,6,10,15,5,10,0,0,0,0,0,0,0,0,0,1,1,0
COKE COUNTY,081,87 Years,23,12,11,18,8,10,0,0,0,0,0,0,0,0,0,5,4,1
COKE COUNTY,081,88 Years,23,9,14,21,8,13,0,0,0,0,0,0,0,0,0,2,1,1
COKE COUNTY,081,89 Years,12,4,8,10,4,6,0,0,0,0,0,0,0,0,0,2,0,2
COKE COUNTY,081,90 Years,14,5,9,11,4,7,0,0,0,0,0,0,0,0,0,3,1,2
COKE COUNTY,081,91 Years,8,2,6,8,2,6,0,0,0,0,0,0,0,0,0,0,0,0
COKE COUNTY,081,92 Years,9,4,5,5,2,3,0,0,0,0,0,0,0,0,0,4,2,2
COKE COUNTY,081,93 Years,8,4,4,5,2,3,0,0,0,0,0,0,0,0,0,3,2,1
COKE COUNTY,081,94 Years,6,3,3,5,2,3,0,0,0,0,0,0,0,0,0,1,1,0
COKE COUNTY,081,95 Years +,12,5,7,10,3,7,0,0,0,0,0,0,0,0,0,2,2,0
COLEMAN COUNTY,083,All Ages,8505,4269,4236,6409,3217,3192,237,116,121,34,15,19,201,93,108,1624,828,796
COLEMAN COUNTY,083,< 1 Year,102,51,51,60,27,33,7,4,3,0,0,0,5,1,4,30,19,11
COLEMAN COUNTY,083,1 Years,96,49,47,59,29,30,5,1,4,0,0,0,5,1,4,27,18,9
COLEMAN COUNTY,083,2 Years,93,49,44,60,30,30,7,2,5,0,0,0,4,3,1,22,14,8
COLEMAN COUNTY,083,3 Years,94,49,45,60,36,24,7,2,5,0,0,0,8,3,5,19,8,11
COLEMAN COUNTY,083,4 Years,100,47,53,57,31,26,7,3,4,1,0,1,13,4,9,22,9,13
COLEMAN COUNTY,083,5 Years,109,53,56,63,35,28,7,4,3,0,0,0,12,3,9,27,11,16
COLEMAN COUNTY,083,6 Years,116,56,60,67,32,35,5,3,2,0,0,0,12,5,7,32,16,16
COLEMAN COUNTY,083,7 Years,123,64,59,74,39,35,6,1,5,0,0,0,9,5,4,34,19,15
COLEMAN COUNTY,083,8 Years,124,64,60,80,38,42,6,2,4,0,0,0,4,3,1,34,21,13
COLEMAN COUNTY,083,9 Years,96,43,53,66,29,37,3,1,2,0,0,0,2,0,2,25,13,12
COLEMAN COUNTY,083,10 Years,100,51,49,70,38,32,2,1,1,0,0,0,3,1,2,25,11,14
COLEMAN COUNTY,083,11 Years,115,55,60,70,33,37,3,2,1,0,0,0,4,1,3,38,19,19
COLEMAN COUNTY,083,12 Years,93,44,49,59,28,31,2,1,1,1,1,0,5,3,2,26,11,15
COLEMAN COUNTY,083,13 Years,106,57,49,75,41,34,3,2,1,0,0,0,2,1,1,26,13,13
COLEMAN COUNTY,083,14 Years,112,60,52,77,39,38,2,2,0,0,0,0,4,3,1,29,16,13
COLEMAN COUNTY,083,15 Years,115,58,57,82,43,39,3,0,3,0,0,0,2,1,1,28,14,14
COLEMAN COUNTY,083,16 Years,109,58,51,76,44,32,3,2,1,0,0,0,1,1,0,29,11,18
COLEMAN COUNTY,083,17 Years,114,62,52,86,48,38,2,1,1,0,0,0,0,0,0,26,13,13
COLEMAN COUNTY,083,18 Years,110,63,47,73,45,28,6,2,4,1,1,0,4,3,1,26,12,14
COLEMAN COUNTY,083,19 Years,114,67,47,78,49,29,2,1,1,1,0,1,2,1,1,31,16,15
COLEMAN COUNTY,083,20 Years,103,55,48,69,37,32,0,0,0,2,2,0,2,2,0,30,14,16
COLEMAN COUNTY,083,21 Years,96,52,44,63,32,31,3,3,0,1,1,0,3,3,0,26,13,13
COLEMAN COUNTY,083,22 Years,101,52,49,70,38,32,1,1,0,0,0,0,3,2,1,27,11,16
COLEMAN COUNTY,083,23 Years,84,48,36,57,33,24,1,1,0,0,0,0,1,1,0,25,13,12
COLEMAN COUNTY,083,24 Years,92,51,41,68,38,30,3,2,1,0,0,0,1,0,1,20,11,9
COLEMAN COUNTY,083,25 Years,104,58,46,75,41,34,5,3,2,2,2,0,1,0,1,21,12,9
COLEMAN COUNTY,083,26 Years,106,49,57,78,39,39,2,1,1,0,0,0,1,0,1,25,9,16
COLEMAN COUNTY,083,27 Years,93,49,44,68,35,33,4,3,1,1,0,1,0,0,0,20,11,9
COLEMAN COUNTY,083,28 Years,87,38,49,65,30,35,3,1,2,1,0,1,0,0,0,18,7,11
COLEMAN COUNTY,083,29 Years,80,44,36,55,33,22,2,1,1,0,0,0,1,0,1,22,10,12
COLEMAN COUNTY,083,30 Years,78,42,36,50,25,25,2,1,1,0,0,0,2,1,1,24,15,9
COLEMAN COUNTY,083,31 Years,81,38,43,57,21,36,3,1,2,0,0,0,2,1,1,19,15,4
COLEMAN COUNTY,083,32 Years,88,40,48,60,25,35,1,0,1,1,1,0,1,0,1,25,14,11
COLEMAN COUNTY,083,33 Years,73,35,38,55,26,29,1,0,1,0,0,0,1,1,0,16,8,8
COLEMAN COUNTY,083,34 Years,86,48,38,65,37,28,1,0,1,0,0,0,2,2,0,18,9,9
COLEMAN COUNTY,083,35 Years,86,44,42,61,31,30,2,1,1,2,0,2,1,1,0,20,11,9
COLEMAN COUNTY,083,36 Years,76,41,35,60,32,28,1,1,0,0,0,0,2,1,1,13,7,6
COLEMAN COUNTY,083,37 Years,77,41,36,60,33,27,1,0,1,0,0,0,0,0,0,16,8,8
COLEMAN COUNTY,083,38 Years,70,39,31,47,26,21,2,1,1,1,0,1,0,0,0,20,12,8
COLEMAN COUNTY,083,39 Years,79,44,35,57,30,27,1,1,0,0,0,0,1,1,0,20,12,8
COLEMAN COUNTY,083,40 Years,71,34,37,55,26,29,2,1,1,0,0,0,0,0,0,14,7,7
COLEMAN COUNTY,083,41 Years,79,37,42,63,30,33,2,1,1,0,0,0,1,0,1,13,6,7
COLEMAN COUNTY,083,42 Years,85,36,49,64,29,35,2,0,2,0,0,0,2,0,2,17,7,10
COLEMAN COUNTY,083,43 Years,92,43,49,70,35,35,3,1,2,0,0,0,1,0,1,18,7,11
COLEMAN COUNTY,083,44 Years,91,45,46,71,37,34,2,2,0,1,0,1,1,1,0,16,5,11
COLEMAN COUNTY,083,45 Years,88,42,46,65,31,34,2,2,0,1,1,0,1,1,0,19,7,12
COLEMAN COUNTY,083,46 Years,91,43,48,66,29,37,4,3,1,1,1,0,0,0,0,20,10,10
COLEMAN COUNTY,083,47 Years,102,50,52,78,38,40,2,1,1,1,0,1,2,1,1,19,10,9
COLEMAN COUNTY,083,48 Years,95,50,45,76,39,37,1,1,0,1,0,1,2,1,1,15,9,6
COLEMAN COUNTY,083,49 Years,89,48,41,66,37,29,2,1,1,0,0,0,1,0,1,20,10,10
COLEMAN COUNTY,083,50 Years,94,47,47,67,36,31,3,1,2,2,1,1,3,0,3,19,9,10
COLEMAN COUNTY,083,51 Years,85,49,36,64,37,27,2,1,1,2,1,1,2,0,2,15,10,5
COLEMAN COUNTY,083,52 Years,83,44,39,63,34,29,4,2,2,1,0,1,0,0,0,15,8,7
COLEMAN COUNTY,083,53 Years,84,45,39,62,34,28,3,1,2,0,0,0,2,0,2,17,10,7
COLEMAN COUNTY,083,54 Years,109,56,53,85,43,42,4,2,2,1,0,1,1,0,1,18,11,7
COLEMAN COUNTY,083,55 Years,99,48,51,80,39,41,3,1,2,0,0,0,1,0,1,15,8,7
COLEMAN COUNTY,083,56 Years,109,57,52,90,47,43,3,2,1,0,0,0,2,0,2,14,8,6
COLEMAN COUNTY,083,57 Years,112,58,54,87,44,43,3,2,1,0,0,0,1,0,1,21,12,9
COLEMAN COUNTY,083,58 Years,122,68,54,105,58,47,3,3,0,0,0,0,1,0,1,13,7,6
COLEMAN COUNTY,083,59 Years,125,65,60,106,54,52,3,2,1,0,0,0,3,2,1,13,7,6
COLEMAN COUNTY,083,60 Years,118,62,56,97,50,47,4,1,3,0,0,0,5,3,2,12,8,4
COLEMAN COUNTY,083,61 Years,108,56,52,87,45,42,3,1,2,1,0,1,4,3,1,13,7,6
COLEMAN COUNTY,083,62 Years,132,71,61,115,62,53,4,2,2,1,1,0,2,2,0,10,4,6
COLEMAN COUNTY,083,63 Years,130,69,61,111,62,49,4,1,3,1,1,0,3,2,1,11,3,8
COLEMAN COUNTY,083,64 Years,119,57,62,103,51,52,3,2,1,0,0,0,3,2,1,10,2,8
COLEMAN COUNTY,083,65 Years,105,47,58,91,40,51,2,1,1,0,0,0,1,1,0,11,5,6
COLEMAN COUNTY,083,66 Years,105,44,61,89,36,53,2,1,1,0,0,0,1,0,1,13,7,6
COLEMAN COUNTY,083,67 Years,106,46,60,93,39,54,3,3,0,1,0,1,1,0,1,8,4,4
COLEMAN COUNTY,083,68 Years,114,47,67,96,39,57,2,1,1,0,0,0,1,0,1,15,7,8
COLEMAN COUNTY,083,69 Years,124,55,69,104,47,57,3,1,2,1,0,1,1,0,1,15,7,8
COLEMAN COUNTY,083,70 Years,134,64,70,111,49,62,1,0,1,1,1,0,0,0,0,21,14,7
COLEMAN COUNTY,083,71 Years,115,57,58,98,46,52,1,1,0,0,0,0,1,0,1,15,10,5
COLEMAN COUNTY,083,72 Years,96,52,44,78,41,37,1,1,0,0,0,0,4,3,1,13,7,6
COLEMAN COUNTY,083,73 Years,105,52,53,83,39,44,3,2,1,0,0,0,4,3,1,15,8,7
COLEMAN COUNTY,083,74 Years,97,44,53,81,37,44,2,1,1,0,0,0,3,1,2,11,5,6
COLEMAN COUNTY,083,75 Years,85,44,41,74,40,34,2,1,1,0,0,0,1,0,1,8,3,5
COLEMAN COUNTY,083,76 Years,86,47,39,71,38,33,1,1,0,0,0,0,1,0,1,13,8,5
COLEMAN COUNTY,083,77 Years,82,40,42,68,33,35,1,0,1,0,0,0,1,0,1,12,7,5
COLEMAN COUNTY,083,78 Years,75,35,40,65,30,35,1,1,0,0,0,0,1,1,0,8,3,5
COLEMAN COUNTY,083,79 Years,70,32,38,58,26,32,4,3,1,0,0,0,0,0,0,8,3,5
COLEMAN COUNTY,083,80 Years,73,39,34,64,34,30,3,1,2,0,0,0,1,1,0,5,3,2
COLEMAN COUNTY,083,81 Years,65,32,33,53,26,27,1,0,1,0,0,0,4,2,2,7,4,3
COLEMAN COUNTY,083,82 Years,63,29,34,54,25,29,1,0,1,0,0,0,1,1,0,7,3,4
COLEMAN COUNTY,083,83 Years,60,28,32,52,24,28,0,0,0,0,0,0,1,1,0,7,3,4
COLEMAN COUNTY,083,84 Years,46,21,25,39,18,21,1,0,1,0,0,0,1,1,0,5,2,3
COLEMAN COUNTY,083,85 Years,44,21,23,39,18,21,0,0,0,0,0,0,1,1,0,4,2,2
COLEMAN COUNTY,083,86 Years,44,18,26,40,16,24,1,0,1,0,0,0,0,0,0,3,2,1
COLEMAN COUNTY,083,87 Years,40,15,25,34,12,22,1,1,0,0,0,0,0,0,0,5,2,3
COLEMAN COUNTY,083,88 Years,38,14,24,32,12,20,0,0,0,0,0,0,0,0,0,6,2,4
COLEMAN COUNTY,083,89 Years,36,13,23,30,12,18,0,0,0,1,0,1,0,0,0,5,1,4
COLEMAN COUNTY,083,90 Years,24,11,13,20,10,10,1,0,1,1,0,1,0,0,0,2,1,1
COLEMAN COUNTY,083,91 Years,17,7,10,14,6,8,0,0,0,0,0,0,0,0,0,3,1,2
COLEMAN COUNTY,083,92 Years,19,8,11,16,6,10,0,0,0,0,0,0,0,0,0,3,2,1
COLEMAN COUNTY,083,93 Years,14,6,8,11,5,6,0,0,0,0,0,0,1,0,1,2,1,1
COLEMAN COUNTY,083,94 Years,10,5,5,8,4,4,0,0,0,0,0,0,0,0,0,2,1,1
COLEMAN COUNTY,083,95 Years +,20,8,12,15,6,9,1,0,1,0,0,0,0,0,0,4,2,2
COLLIN COUNTY,085,All Ages,1003919,492417,511502,575374,282586,292788,97396,45740,51656,143791,70870,72921,32586,15948,16638,154772,77273,77499
COLLIN COUNTY,085,< 1 Year,12495,6415,6080,5506,2825,2681,1191,627,564,2071,1036,1035,951,480,471,2776,1447,1329
COLLIN COUNTY,085,1 Years,12778,6533,6245,5629,2884,2745,1244,637,607,2122,1067,1055,960,484,476,2823,1461,1362
COLLIN COUNTY,085,2 Years,12963,6601,6362,5843,2975,2868,1239,630,609,2137,1071,1066,928,464,464,2816,1461,1355
COLLIN COUNTY,085,3 Years,13213,6720,6493,6076,3083,2993,1267,637,630,2149,1096,1053,901,453,448,2820,1451,1369
COLLIN COUNTY,085,4 Years,13300,6745,6555,6226,3154,3072,1271,644,627,2164,1110,1054,850,426,424,2789,1411,1378
COLLIN COUNTY,085,5 Years,13371,6796,6575,6264,3187,3077,1286,651,635,2189,1129,1060,830,416,414,2802,1413,1389
COLLIN COUNTY,085,6 Years,13385,6815,6570,6300,3217,3083,1302,651,651,2161,1117,1044,809,407,402,2813,1423,1390
COLLIN COUNTY,085,7 Years,13629,6993,6636,6421,3290,3131,1341,673,668,2186,1137,1049,808,410,398,2873,1483,1390
COLLIN COUNTY,085,8 Years,12636,6389,6247,5942,3014,2928,1273,605,668,1976,1005,971,719,368,351,2726,1397,1329
COLLIN COUNTY,085,9 Years,14024,7151,6873,6595,3385,3210,1341,653,688,2166,1114,1052,802,402,400,3120,1597,1523
COLLIN COUNTY,085,10 Years,14665,7415,7250,6950,3521,3429,1447,727,720,2320,1154,1166,794,407,387,3154,1606,1548
COLLIN COUNTY,085,11 Years,14792,7559,7233,7185,3656,3529,1501,771,730,2204,1136,1068,793,403,390,3109,1593,1516
COLLIN COUNTY,085,12 Years,15268,7798,7470,7638,3932,3706,1567,794,773,2219,1119,1100,765,397,368,3079,1556,1523
COLLIN COUNTY,085,13 Years,15826,8108,7718,8087,4159,3928,1662,826,836,2212,1110,1102,727,395,332,3138,1618,1520
COLLIN COUNTY,085,14 Years,16137,8350,7787,8386,4343,4043,1636,831,805,2277,1151,1126,732,391,341,3106,1634,1472
COLLIN COUNTY,085,15 Years,16156,8357,7799,8629,4478,4151,1639,863,776,2167,1105,1062,709,361,348,3012,1550,1462
COLLIN COUNTY,085,16 Years,16345,8364,7981,8925,4563,4362,1673,871,802,2164,1116,1048,673,333,340,2910,1481,1429
COLLIN COUNTY,085,17 Years,16530,8463,8067,9171,4727,4444,1726,864,862,2125,1094,1031,587,290,297,2921,1488,1433
COLLIN COUNTY,085,18 Years,15939,8103,7836,8881,4535,4346,1663,804,859,2013,1044,969,558,270,288,2824,1450,1374
COLLIN COUNTY,085,19 Years,14180,7302,6878,7844,4101,3743,1569,773,796,1705,875,830,522,256,266,2540,1297,1243
COLLIN COUNTY,085,20 Years,13550,7039,6511,7418,3896,3522,1572,836,736,1617,798,819,494,253,241,2449,1256,1193
COLLIN COUNTY,085,21 Years,13361,6748,6613,7144,3628,3516,1531,758,773,1787,881,906,529,280,249,2370,1201,1169
COLLIN COUNTY,085,22 Years,13415,6789,6626,7177,3703,3474,1488,747,741,1914,937,977,520,237,283,2316,1165,1151
COLLIN COUNTY,085,23 Years,13710,6964,6746,7279,3760,3519,1575,818,757,1998,987,1011,551,258,293,2307,1141,1166
COLLIN COUNTY,085,24 Years,13487,6827,6660,7101,3632,3469,1543,786,757,1994,975,1019,573,291,282,2276,1143,1133
COLLIN COUNTY,085,25 Years,13396,6706,6690,6989,3504,3485,1568,785,783,2049,998,1051,562,279,283,2228,1140,1088
COLLIN COUNTY,085,26 Years,12947,6611,6336,6591,3375,3216,1528,764,764,2056,1053,1003,541,240,301,2231,1179,1052
COLLIN COUNTY,085,27 Years,11500,5904,5596,5587,2896,2691,1361,661,700,1901,962,939,467,233,234,2184,1152,1032
COLLIN COUNTY,085,28 Years,10784,5427,5357,5246,2680,2566,1207,592,615,1736,835,901,422,205,217,2173,1115,1058
COLLIN COUNTY,085,29 Years,10333,5306,5027,5052,2573,2479,1138,562,576,1729,911,818,389,196,193,2025,1064,961
COLLIN COUNTY,085,30 Years,10472,5129,5343,5084,2491,2593,1069,512,557,1823,871,952,393,173,220,2103,1082,1021
COLLIN COUNTY,085,31 Years,10936,5336,5600,5416,2625,2791,1142,560,582,1873,860,1013,399,169,230,2106,1122,984
COLLIN COUNTY,085,32 Years,11643,5620,6023,5991,2911,3080,1142,536,606,1909,859,1050,382,180,202,2219,1134,1085
COLLIN COUNTY,085,33 Years,12232,5881,6351,6297,3071,3226,1177,534,643,2104,956,1148,386,171,215,2268,1149,1119
COLLIN COUNTY,085,34 Years,12587,6016,6571,6308,3035,3273,1240,559,681,2425,1145,1280,362,161,201,2252,1116,1136
COLLIN COUNTY,085,35 Years,13515,6491,7024,6639,3213,3426,1426,629,797,2643,1296,1347,375,175,200,2432,1178,1254
COLLIN COUNTY,085,36 Years,13946,6620,7326,6893,3279,3614,1399,619,780,2746,1313,1433,360,161,199,2548,1248,1300
COLLIN COUNTY,085,37 Years,14087,6734,7353,7104,3413,3691,1488,629,859,2630,1279,1351,351,167,184,2514,1246,1268
COLLIN COUNTY,085,38 Years,14566,6985,7581,7385,3574,3811,1631,690,941,2641,1310,1331,333,150,183,2576,1261,1315
COLLIN COUNTY,085,39 Years,14339,6834,7505,7181,3371,3810,1658,731,927,2676,1313,1363,347,176,171,2477,1243,1234
COLLIN COUNTY,085,40 Years,14616,7008,7608,7464,3626,3838,1568,656,912,2675,1265,1410,351,168,183,2558,1293,1265
COLLIN COUNTY,085,41 Years,14777,7019,7758,7568,3603,3965,1593,710,883,2668,1253,1415,338,172,166,2610,1281,1329
COLLIN COUNTY,085,42 Years,14917,7069,7848,7599,3667,3932,1682,725,957,2726,1279,1447,311,147,164,2599,1251,1348
COLLIN COUNTY,085,43 Years,15508,7409,8099,8049,3842,4207,1788,782,1006,2773,1350,1423,350,170,180,2548,1265,1283
COLLIN COUNTY,085,44 Years,15534,7509,8025,8157,3961,4196,1785,783,1002,2740,1360,1380,337,158,179,2515,1247,1268
COLLIN COUNTY,085,45 Years,15741,7674,8067,8432,4139,4293,1745,770,975,2757,1378,1379,348,161,187,2459,1226,1233
COLLIN COUNTY,085,46 Years,16280,7941,8339,9168,4559,4609,1745,787,958,2703,1328,1375,348,155,193,2316,1112,1204
COLLIN COUNTY,085,47 Years,17056,8262,8794,10011,4933,5078,1862,813,1049,2548,1267,1281,368,172,196,2267,1077,1190
COLLIN COUNTY,085,48 Years,16596,8125,8471,9842,4813,5029,1720,801,919,2467,1270,1197,367,174,193,2200,1067,1133
COLLIN COUNTY,085,49 Years,15813,7842,7971,9580,4750,4830,1582,740,842,2350,1208,1142,336,163,173,1965,981,984
COLLIN COUNTY,085,50 Years,14889,7314,7575,9127,4528,4599,1508,671,837,2114,1076,1038,292,138,154,1848,901,947
COLLIN COUNTY,085,51 Years,14154,6983,7171,8821,4390,4431,1434,635,799,1860,962,898,265,113,152,1774,883,891
COLLIN COUNTY,085,52 Years,14064,6882,7182,8801,4272,4529,1406,656,750,1871,972,899,266,112,154,1720,870,850
COLLIN COUNTY,085,53 Years,14651,7096,7555,9459,4573,4886,1442,646,796,1816,931,885,271,125,146,1663,821,842
COLLIN COUNTY,085,54 Years,14909,7330,7579,9800,4876,4924,1396,622,774,1825,916,909,295,132,163,1593,784,809
COLLIN COUNTY,085,55 Years,14755,7207,7548,9899,4875,5024,1369,648,721,1736,846,890,276,135,141,1475,703,772
COLLIN COUNTY,085,56 Years,14175,6971,7204,9710,4811,4899,1319,611,708,1487,745,742,268,126,142,1391,678,713
COLLIN COUNTY,085,57 Years,13701,6749,6952,9531,4741,4790,1252,586,666,1390,699,691,257,111,146,1271,612,659
COLLIN COUNTY,085,58 Years,13102,6516,6586,9229,4614,4615,1164,559,605,1314,640,674,224,107,117,1171,596,575
COLLIN COUNTY,085,59 Years,12303,6089,6214,8732,4403,4329,1066,492,574,1206,575,631,216,106,110,1083,513,570
COLLIN COUNTY,085,60 Years,11556,5570,5986,8307,4009,4298,965,431,534,1110,549,561,205,110,95,969,471,498
COLLIN COUNTY,085,61 Years,11212,5381,5831,8079,3941,4138,931,383,548,1130,531,599,189,92,97,883,434,449
COLLIN COUNTY,085,62 Years,10530,5004,5526,7599,3644,3955,874,397,477,1080,508,572,189,93,96,788,362,426
COLLIN COUNTY,085,63 Years,10106,4738,5368,7380,3457,3923,759,347,412,1005,476,529,187,94,93,775,364,411
COLLIN COUNTY,085,64 Years,9477,4446,5031,6987,3304,3683,677,306,371,934,429,505,159,76,83,720,331,389
COLLIN COUNTY,085,65 Years,9032,4235,4797,6636,3172,3464,643,270,373,948,426,522,132,65,67,673,302,371
COLLIN COUNTY,085,66 Years,8484,3883,4601,6338,2956,3382,569,219,350,866,383,483,110,54,56,601,271,330
COLLIN COUNTY,085,67 Years,7971,3614,4357,5897,2694,3203,569,229,340,837,384,453,113,54,59,555,253,302
COLLIN COUNTY,085,68 Years,7708,3484,4224,5662,2581,3081,517,225,292,848,361,487,118,52,66,563,265,298
COLLIN COUNTY,085,69 Years,7595,3421,4174,5785,2660,3125,473,176,297,731,326,405,104,48,56,502,211,291
COLLIN COUNTY,085,70 Years,7590,3411,4179,5921,2714,3207,446,168,278,682,303,379,95,48,47,446,178,268
COLLIN COUNTY,085,71 Years,7542,3428,4114,5968,2775,3193,405,170,235,657,276,381,94,39,55,418,168,250
COLLIN COUNTY,085,72 Years,6025,2749,3276,4695,2190,2505,337,149,188,534,232,302,70,30,40,389,148,241
COLLIN COUNTY,085,73 Years,5302,2427,2875,4133,1921,2212,276,106,170,487,237,250,63,27,36,343,136,207
COLLIN COUNTY,085,74 Years,5022,2250,2772,3997,1810,2187,241,95,146,413,188,225,58,30,28,313,127,186
COLLIN COUNTY,085,75 Years,4825,2206,2619,3866,1798,2068,220,89,131,386,165,221,67,39,28,286,115,171
COLLIN COUNTY,085,76 Years,4318,1962,2356,3454,1603,1851,188,77,111,362,156,206,59,32,27,255,94,161
COLLIN COUNTY,085,77 Years,3741,1648,2093,2965,1316,1649,176,67,109,327,143,184,49,29,20,224,93,131
COLLIN COUNTY,085,78 Years,3377,1488,1889,2682,1189,1493,147,52,95,322,148,174,38,20,18,188,79,109
COLLIN COUNTY,085,79 Years,3056,1361,1695,2376,1072,1304,112,42,70,329,161,168,36,16,20,203,70,133
COLLIN COUNTY,085,80 Years,2796,1240,1556,2164,975,1189,114,38,76,269,134,135,35,17,18,214,76,138
COLLIN COUNTY,085,81 Years,2427,1076,1351,1881,849,1032,93,37,56,242,110,132,30,14,16,181,66,115
COLLIN COUNTY,085,82 Years,2233,972,1261,1722,761,961,95,31,64,238,117,121,26,11,15,152,52,100
COLLIN COUNTY,085,83 Years,1965,833,1132,1510,637,873,80,28,52,192,95,97,22,8,14,161,65,96
COLLIN COUNTY,085,84 Years,1662,691,971,1287,539,748,63,14,49,159,80,79,16,7,9,137,51,86
COLLIN COUNTY,085,85 Years,1442,590,852,1140,472,668,50,10,40,141,68,73,14,6,8,97,34,63
COLLIN COUNTY,085,86 Years,1222,492,730,962,397,565,49,14,35,111,51,60,15,5,10,85,25,60
COLLIN COUNTY,085,87 Years,1125,419,706,902,337,565,34,7,27,96,46,50,16,6,10,77,23,54
COLLIN COUNTY,085,88 Years,950,352,598,763,282,481,23,7,16,82,39,43,10,3,7,72,21,51
COLLIN COUNTY,085,89 Years,762,267,495,610,216,394,28,4,24,58,27,31,8,2,6,58,18,40
COLLIN COUNTY,085,90 Years,623,200,423,498,163,335,19,3,16,52,19,33,5,2,3,49,13,36
COLLIN COUNTY,085,91 Years,525,163,362,424,136,288,19,3,16,43,12,31,3,1,2,36,11,25
COLLIN COUNTY,085,92 Years,444,135,309,358,107,251,16,4,12,36,14,22,3,1,2,31,9,22
COLLIN COUNTY,085,93 Years,357,100,257,296,83,213,11,2,9,23,9,14,3,1,2,24,5,19
COLLIN COUNTY,085,94 Years,282,76,206,233,60,173,9,2,7,16,7,9,2,1,1,22,6,16
COLLIN COUNTY,085,95 Years +,656,166,490,538,131,407,21,5,16,41,15,26,5,2,3,51,13,38
COLLINGSWORTH COUNTY,087,All Ages,2959,1447,1512,1736,851,885,130,54,76,3,1,2,84,43,41,1006,498,508
COLLINGSWORTH COUNTY,087,< 1 Year,35,19,16,21,8,13,0,0,0,0,0,0,0,0,0,14,11,3
COLLINGSWORTH COUNTY,087,1 Years,38,20,18,21,9,12,1,1,0,0,0,0,0,0,0,16,10,6
COLLINGSWORTH COUNTY,087,2 Years,33,17,16,17,7,10,2,1,1,0,0,0,0,0,0,14,9,5
COLLINGSWORTH COUNTY,087,3 Years,35,17,18,17,9,8,2,0,2,0,0,0,0,0,0,16,8,8
COLLINGSWORTH COUNTY,087,4 Years,37,16,21,17,9,8,2,0,2,0,0,0,4,2,2,14,5,9
COLLINGSWORTH COUNTY,087,5 Years,42,16,26,19,8,11,4,2,2,0,0,0,0,0,0,19,6,13
COLLINGSWORTH COUNTY,087,6 Years,53,22,31,27,11,16,2,1,1,0,0,0,0,0,0,24,10,14
COLLINGSWORTH COUNTY,087,7 Years,58,26,32,26,11,15,3,1,2,0,0,0,2,1,1,27,13,14
COLLINGSWORTH COUNTY,087,8 Years,63,30,33,25,13,12,2,0,2,0,0,0,4,2,2,32,15,17
COLLINGSWORTH COUNTY,087,9 Years,49,24,25,23,13,10,1,0,1,0,0,0,3,1,2,22,10,12
COLLINGSWORTH COUNTY,087,10 Years,43,17,26,20,7,13,0,0,0,0,0,0,1,0,1,22,10,12
COLLINGSWORTH COUNTY,087,11 Years,50,31,19,27,16,11,1,1,0,0,0,0,0,0,0,22,14,8
COLLINGSWORTH COUNTY,087,12 Years,48,29,19,19,11,8,1,1,0,0,0,0,0,0,0,28,17,11
COLLINGSWORTH COUNTY,087,13 Years,44,23,21,15,8,7,1,0,1,0,0,0,1,1,0,27,14,13
COLLINGSWORTH COUNTY,087,14 Years,33,15,18,14,6,8,1,0,1,0,0,0,1,1,0,17,8,9
COLLINGSWORTH COUNTY,087,15 Years,39,20,19,18,9,9,1,0,1,0,0,0,3,2,1,17,9,8
COLLINGSWORTH COUNTY,087,16 Years,47,19,28,19,9,10,1,0,1,0,0,0,3,1,2,24,9,15
COLLINGSWORTH COUNTY,087,17 Years,41,20,21,13,6,7,2,1,1,0,0,0,2,1,1,24,12,12
COLLINGSWORTH COUNTY,087,18 Years,36,21,15,15,8,7,1,1,0,0,0,0,1,0,1,19,12,7
COLLINGSWORTH COUNTY,087,19 Years,35,20,15,14,6,8,2,1,1,0,0,0,1,0,1,18,13,5
COLLINGSWORTH COUNTY,087,20 Years,30,14,16,15,6,9,1,1,0,0,0,0,3,2,1,11,5,6
COLLINGSWORTH COUNTY,087,21 Years,37,18,19,15,7,8,2,0,2,0,0,0,2,2,0,18,9,9
COLLINGSWORTH COUNTY,087,22 Years,39,18,21,14,6,8,2,1,1,0,0,0,1,1,0,22,10,12
COLLINGSWORTH COUNTY,087,23 Years,32,17,15,12,7,5,2,1,1,0,0,0,0,0,0,18,9,9
COLLINGSWORTH COUNTY,087,24 Years,36,15,21,19,9,10,2,1,1,0,0,0,1,0,1,14,5,9
COLLINGSWORTH COUNTY,087,25 Years,37,18,19,19,10,9,1,0,1,0,0,0,1,0,1,16,8,8
COLLINGSWORTH COUNTY,087,26 Years,40,21,19,17,11,6,3,1,2,0,0,0,2,1,1,18,8,10
COLLINGSWORTH COUNTY,087,27 Years,27,12,15,10,5,5,2,0,2,0,0,0,1,0,1,14,7,7
COLLINGSWORTH COUNTY,087,28 Years,28,16,12,13,7,6,0,0,0,0,0,0,0,0,0,15,9,6
COLLINGSWORTH COUNTY,087,29 Years,25,13,12,12,6,6,1,0,1,0,0,0,2,1,1,10,6,4
COLLINGSWORTH COUNTY,087,30 Years,29,13,16,15,8,7,0,0,0,0,0,0,1,0,1,13,5,8
COLLINGSWORTH COUNTY,087,31 Years,28,15,13,16,9,7,1,0,1,0,0,0,1,1,0,10,5,5
COLLINGSWORTH COUNTY,087,32 Years,36,16,20,21,8,13,3,2,1,0,0,0,0,0,0,12,6,6
COLLINGSWORTH COUNTY,087,33 Years,41,18,23,24,11,13,3,2,1,0,0,0,0,0,0,14,5,9
COLLINGSWORTH COUNTY,087,34 Years,37,19,18,19,13,6,2,1,1,0,0,0,1,1,0,15,4,11
COLLINGSWORTH COUNTY,087,35 Years,32,17,15,18,10,8,1,1,0,1,1,0,0,0,0,12,5,7
COLLINGSWORTH COUNTY,087,36 Years,28,19,9,14,9,5,2,1,1,0,0,0,0,0,0,12,9,3
COLLINGSWORTH COUNTY,087,37 Years,31,20,11,16,10,6,2,2,0,1,0,1,0,0,0,12,8,4
COLLINGSWORTH COUNTY,087,38 Years,38,20,18,21,13,8,1,1,0,0,0,0,1,1,0,15,5,10
COLLINGSWORTH COUNTY,087,39 Years,31,16,15,17,8,9,0,0,0,0,0,0,1,1,0,13,7,6
COLLINGSWORTH COUNTY,087,40 Years,31,18,13,18,11,7,2,1,1,0,0,0,0,0,0,11,6,5
COLLINGSWORTH COUNTY,087,41 Years,32,16,16,21,11,10,2,1,1,0,0,0,0,0,0,9,4,5
COLLINGSWORTH COUNTY,087,42 Years,32,16,16,19,9,10,1,0,1,0,0,0,2,2,0,10,5,5
COLLINGSWORTH COUNTY,087,43 Years,33,17,16,19,12,7,1,0,1,0,0,0,1,1,0,12,4,8
COLLINGSWORTH COUNTY,087,44 Years,25,11,14,18,8,10,0,0,0,0,0,0,0,0,0,7,3,4
COLLINGSWORTH COUNTY,087,45 Years,29,16,13,21,11,10,0,0,0,0,0,0,0,0,0,8,5,3
COLLINGSWORTH COUNTY,087,46 Years,27,14,13,13,6,7,0,0,0,0,0,0,1,1,0,13,7,6
COLLINGSWORTH COUNTY,087,47 Years,27,11,16,14,5,9,0,0,0,0,0,0,1,1,0,12,5,7
COLLINGSWORTH COUNTY,087,48 Years,26,12,14,14,7,7,1,0,1,0,0,0,0,0,0,11,5,6
COLLINGSWORTH COUNTY,087,49 Years,29,14,15,20,8,12,1,1,0,0,0,0,1,0,1,7,5,2
COLLINGSWORTH COUNTY,087,50 Years,29,12,17,18,8,10,3,0,3,0,0,0,2,1,1,6,3,3
COLLINGSWORTH COUNTY,087,51 Years,34,19,15,21,13,8,1,0,1,0,0,0,2,0,2,10,6,4
COLLINGSWORTH COUNTY,087,52 Years,34,19,15,21,12,9,1,1,0,0,0,0,1,1,0,11,5,6
COLLINGSWORTH COUNTY,087,53 Years,43,19,24,24,13,11,1,0,1,0,0,0,2,1,1,16,5,11
COLLINGSWORTH COUNTY,087,54 Years,37,16,21,23,11,12,2,0,2,0,0,0,2,1,1,10,4,6
COLLINGSWORTH COUNTY,087,55 Years,34,18,16,24,13,11,0,0,0,1,0,1,1,1,0,8,4,4
COLLINGSWORTH COUNTY,087,56 Years,34,19,15,21,12,9,3,2,1,0,0,0,1,1,0,9,4,5
COLLINGSWORTH COUNTY,087,57 Years,44,17,27,29,12,17,1,1,0,0,0,0,3,1,2,11,3,8
COLLINGSWORTH COUNTY,087,58 Years,40,22,18,26,14,12,2,1,1,0,0,0,3,2,1,9,5,4
COLLINGSWORTH COUNTY,087,59 Years,42,21,21,29,14,15,2,1,1,0,0,0,2,1,1,9,5,4
COLLINGSWORTH COUNTY,087,60 Years,33,14,19,24,11,13,1,1,0,0,0,0,0,0,0,8,2,6
COLLINGSWORTH COUNTY,087,61 Years,33,17,16,23,12,11,0,0,0,0,0,0,1,0,1,9,5,4
COLLINGSWORTH COUNTY,087,62 Years,45,21,24,33,14,19,2,0,2,0,0,0,2,0,2,8,7,1
COLLINGSWORTH COUNTY,087,63 Years,45,23,22,30,15,15,4,2,2,0,0,0,1,0,1,10,6,4
COLLINGSWORTH COUNTY,087,64 Years,41,25,16,33,20,13,2,1,1,0,0,0,0,0,0,6,4,2
COLLINGSWORTH COUNTY,087,65 Years,33,17,16,24,12,12,0,0,0,0,0,0,1,0,1,8,5,3
COLLINGSWORTH COUNTY,087,66 Years,29,13,16,22,11,11,0,0,0,0,0,0,0,0,0,7,2,5
COLLINGSWORTH COUNTY,087,67 Years,36,14,22,24,10,14,4,3,1,0,0,0,2,1,1,6,0,6
COLLINGSWORTH COUNTY,087,68 Years,31,16,15,22,11,11,3,2,1,0,0,0,1,0,1,5,3,2
COLLINGSWORTH COUNTY,087,69 Years,28,17,11,18,10,8,2,1,1,0,0,0,2,2,0,6,4,2
COLLINGSWORTH COUNTY,087,70 Years,33,14,19,29,11,18,1,0,1,0,0,0,1,1,0,2,2,0
COLLINGSWORTH COUNTY,087,71 Years,39,16,23,34,14,20,2,0,2,0,0,0,0,0,0,3,2,1
COLLINGSWORTH COUNTY,087,72 Years,26,11,15,21,9,12,2,0,2,0,0,0,0,0,0,3,2,1
COLLINGSWORTH COUNTY,087,73 Years,22,11,11,20,10,10,1,0,1,0,0,0,0,0,0,1,1,0
COLLINGSWORTH COUNTY,087,74 Years,27,15,12,23,13,10,0,0,0,0,0,0,0,0,0,4,2,2
COLLINGSWORTH COUNTY,087,75 Years,26,9,17,22,8,14,1,0,1,0,0,0,0,0,0,3,1,2
COLLINGSWORTH COUNTY,087,76 Years,28,13,15,22,10,12,3,2,1,0,0,0,1,0,1,2,1,1
COLLINGSWORTH COUNTY,087,77 Years,26,15,11,22,11,11,2,2,0,0,0,0,0,0,0,2,2,0
COLLINGSWORTH COUNTY,087,78 Years,22,11,11,19,10,9,1,0,1,0,0,0,0,0,0,2,1,1
COLLINGSWORTH COUNTY,087,79 Years,19,9,10,15,7,8,3,1,2,0,0,0,0,0,0,1,1,0
COLLINGSWORTH COUNTY,087,80 Years,16,9,7,15,9,6,1,0,1,0,0,0,0,0,0,0,0,0
COLLINGSWORTH COUNTY,087,81 Years,14,6,8,11,5,6,0,0,0,0,0,0,1,0,1,2,1,1
COLLINGSWORTH COUNTY,087,82 Years,13,5,8,11,5,6,0,0,0,0,0,0,0,0,0,2,0,2
COLLINGSWORTH COUNTY,087,83 Years,14,4,10,11,4,7,1,0,1,0,0,0,0,0,0,2,0,2
COLLINGSWORTH COUNTY,087,84 Years,12,4,8,10,4,6,1,0,1,0,0,0,0,0,0,1,0,1
COLLINGSWORTH COUNTY,087,85 Years,10,5,5,8,4,4,1,1,0,0,0,0,0,0,0,1,0,1
COLLINGSWORTH COUNTY,087,86 Years,11,6,5,7,4,3,1,1,0,0,0,0,1,1,0,2,0,2
COLLINGSWORTH COUNTY,087,87 Years,15,6,9,13,5,8,0,0,0,0,0,0,1,0,1,1,1,0
COLLINGSWORTH COUNTY,087,88 Years,8,3,5,8,3,5,0,0,0,0,0,0,0,0,0,0,0,0
COLLINGSWORTH COUNTY,087,89 Years,6,3,3,6,3,3,0,0,0,0,0,0,0,0,0,0,0,0
COLLINGSWORTH COUNTY,087,90 Years,6,1,5,6,1,5,0,0,0,0,0,0,0,0,0,0,0,0
COLLINGSWORTH COUNTY,087,91 Years,5,1,4,5,1,4,0,0,0,0,0,0,0,0,0,0,0,0
COLLINGSWORTH COUNTY,087,92 Years,4,1,3,4,1,3,0,0,0,0,0,0,0,0,0,0,0,0
COLLINGSWORTH COUNTY,087,93 Years,5,2,3,3,1,2,2,1,1,0,0,0,0,0,0,0,0,0
COLLINGSWORTH COUNTY,087,94 Years,4,3,1,3,2,1,1,1,0,0,0,0,0,0,0,0,0,0
COLLINGSWORTH COUNTY,087,95 Years +,11,3,8,8,3,5,3,0,3,0,0,0,0,0,0,0,0,0
COLORADO COUNTY,089,All Ages,21730,10880,10850,11795,5832,5963,2782,1343,1439,84,34,50,347,154,193,6722,3517,3205
COLORADO COUNTY,089,< 1 Year,279,146,133,92,47,45,31,16,15,3,1,2,22,8,14,131,74,57
COLORADO COUNTY,089,1 Years,272,144,128,90,48,42,31,15,16,2,1,1,20,9,11,129,71,58
COLORADO COUNTY,089,2 Years,278,140,138,95,51,44,33,17,16,0,0,0,19,5,14,131,67,64
COLORADO COUNTY,089,3 Years,276,136,140,94,49,45,38,19,19,0,0,0,12,4,8,132,64,68
COLORADO COUNTY,089,4 Years,276,134,142,91,46,45,37,20,17,0,0,0,14,4,10,134,64,70
COLORADO COUNTY,089,5 Years,266,131,135,87,43,44,33,19,14,2,0,2,14,4,10,130,65,65
COLORADO COUNTY,089,6 Years,260,133,127,85,46,39,31,19,12,1,0,1,13,4,9,130,64,66
COLORADO COUNTY,089,7 Years,269,136,133,90,47,43,36,18,18,1,1,0,12,5,7,130,65,65
COLORADO COUNTY,089,8 Years,314,172,142,104,60,44,45,17,28,0,0,0,8,2,6,157,93,64
COLORADO COUNTY,089,9 Years,279,152,127,95,55,40,37,17,20,0,0,0,6,3,3,141,77,64
COLORADO COUNTY,089,10 Years,285,145,140,103,48,55,33,18,15,2,2,0,7,5,2,140,72,68
COLORADO COUNTY,089,11 Years,287,153,134,99,51,48,40,21,19,1,1,0,7,4,3,140,76,64
COLORADO COUNTY,089,12 Years,281,144,137,97,49,48,35,22,13,2,0,2,6,2,4,141,71,70
COLORADO COUNTY,089,13 Years,275,143,132,99,54,45,33,16,17,2,1,1,8,4,4,133,68,65
COLORADO COUNTY,089,14 Years,289,148,141,103,61,42,40,14,26,2,0,2,5,3,2,139,70,69
COLORADO COUNTY,089,15 Years,290,143,147,111,63,48,45,18,27,0,0,0,5,1,4,129,61,68
COLORADO COUNTY,089,16 Years,271,135,136,99,59,40,35,15,20,4,2,2,5,2,3,128,57,71
COLORADO COUNTY,089,17 Years,285,150,135,103,59,44,44,22,22,1,1,0,5,3,2,132,65,67
COLORADO COUNTY,089,18 Years,272,145,127,97,53,44,49,22,27,2,1,1,2,0,2,122,69,53
COLORADO COUNTY,089,19 Years,234,132,102,86,49,37,37,21,16,3,2,1,2,2,0,106,58,48
COLORADO COUNTY,089,20 Years,235,129,106,88,46,42,34,20,14,0,0,0,5,3,2,108,60,48
COLORADO COUNTY,089,21 Years,241,129,112,92,46,46,37,22,15,1,0,1,4,3,1,107,58,49
COLORADO COUNTY,089,22 Years,225,108,117,98,41,57,32,19,13,1,0,1,5,3,2,89,45,44
COLORADO COUNTY,089,23 Years,232,122,110,112,57,55,30,20,10,2,0,2,5,3,2,83,42,41
COLORADO COUNTY,089,24 Years,268,145,123,130,73,57,42,23,19,1,1,0,4,3,1,91,45,46
COLORADO COUNTY,089,25 Years,275,146,129,144,73,71,40,24,16,0,0,0,5,2,3,86,47,39
COLORADO COUNTY,089,26 Years,283,156,127,137,67,70,49,32,17,0,0,0,4,2,2,93,55,38
COLORADO COUNTY,089,27 Years,262,134,128,125,57,68,38,23,15,0,0,0,3,0,3,96,54,42
COLORADO COUNTY,089,28 Years,218,102,116,97,38,59,24,9,15,0,0,0,3,1,2,94,54,40
COLORADO COUNTY,089,29 Years,210,101,109,96,44,52,38,20,18,0,0,0,2,0,2,74,37,37
COLORADO COUNTY,089,30 Years,229,119,110,103,47,56,42,24,18,0,0,0,3,2,1,81,46,35
COLORADO COUNTY,089,31 Years,254,146,108,122,71,51,34,17,17,1,0,1,3,1,2,94,57,37
COLORADO COUNTY,089,32 Years,230,120,110,111,55,56,30,15,15,0,0,0,1,0,1,88,50,38
COLORADO COUNTY,089,33 Years,218,104,114,119,50,69,21,12,9,0,0,0,2,1,1,76,41,35
COLORADO COUNTY,089,34 Years,214,113,101,104,51,53,40,25,15,0,0,0,1,1,0,69,36,33
COLORADO COUNTY,089,35 Years,221,102,119,85,40,45,42,22,20,1,0,1,2,2,0,91,38,53
COLORADO COUNTY,089,36 Years,223,118,105,94,49,45,30,12,18,1,1,0,1,1,0,97,55,42
COLORADO COUNTY,089,37 Years,259,144,115,119,68,51,27,9,18,2,1,1,2,1,1,109,65,44
COLORADO COUNTY,089,38 Years,236,113,123,104,48,56,25,9,16,3,2,1,1,0,1,103,54,49
COLORADO COUNTY,089,39 Years,225,98,127,99,42,57,36,17,19,0,0,0,3,1,2,87,38,49
COLORADO COUNTY,089,40 Years,216,109,107,106,57,49,28,16,12,0,0,0,2,0,2,80,36,44
COLORADO COUNTY,089,41 Years,222,106,116,110,53,57,26,12,14,0,0,0,0,0,0,86,41,45
COLORADO COUNTY,089,42 Years,210,103,107,102,45,57,27,14,13,0,0,0,2,2,0,79,42,37
COLORADO COUNTY,089,43 Years,211,108,103,101,55,46,22,10,12,1,0,1,1,0,1,86,43,43
COLORADO COUNTY,089,44 Years,201,107,94,96,55,41,26,12,14,3,1,2,0,0,0,76,39,37
COLORADO COUNTY,089,45 Years,222,115,107,121,65,56,24,11,13,2,1,1,1,1,0,74,37,37
COLORADO COUNTY,089,46 Years,242,127,115,124,68,56,32,12,20,1,1,0,3,1,2,82,45,37
COLORADO COUNTY,089,47 Years,223,121,102,121,65,56,28,14,14,2,1,1,3,1,2,69,40,29
COLORADO COUNTY,089,48 Years,234,122,112,138,68,70,24,10,14,3,1,2,2,2,0,67,41,26
COLORADO COUNTY,089,49 Years,250,123,127,143,72,71,32,14,18,1,0,1,2,1,1,72,36,36
COLORADO COUNTY,089,50 Years,243,121,122,155,77,78,25,14,11,3,1,2,1,0,1,59,29,30
COLORADO COUNTY,089,51 Years,238,111,127,141,73,68,26,5,21,4,1,3,1,0,1,66,32,34
COLORADO COUNTY,089,52 Years,226,116,110,134,72,62,25,10,15,2,1,1,2,2,0,63,31,32
COLORADO COUNTY,089,53 Years,254,135,119,153,83,70,36,19,17,0,0,0,1,1,0,64,32,32
COLORADO COUNTY,089,54 Years,277,131,146,163,77,86,37,13,24,1,0,1,4,2,2,72,39,33
COLORADO COUNTY,089,55 Years,283,149,134,170,90,80,40,21,19,1,0,1,2,0,2,70,38,32
COLORADO COUNTY,089,56 Years,275,130,145,167,77,90,37,19,18,1,1,0,2,0,2,68,33,35
COLORADO COUNTY,089,57 Years,317,153,164,205,96,109,43,21,22,1,1,0,5,1,4,63,34,29
COLORADO COUNTY,089,58 Years,347,180,167,231,118,113,42,23,19,3,2,1,6,4,2,65,33,32
COLORADO COUNTY,089,59 Years,319,159,160,213,106,107,41,16,25,1,0,1,3,2,1,61,35,26
COLORADO COUNTY,089,60 Years,316,152,164,204,103,101,42,13,29,1,0,1,1,1,0,68,35,33
COLORADO COUNTY,089,61 Years,329,160,169,226,109,117,38,18,20,3,1,2,1,1,0,61,31,30
COLORADO COUNTY,089,62 Years,311,155,156,213,107,106,39,20,19,2,0,2,1,0,1,56,28,28
COLORADO COUNTY,089,63 Years,294,152,142,212,111,101,36,17,19,1,0,1,2,1,1,43,23,20
COLORADO COUNTY,089,64 Years,312,152,160,224,110,114,40,17,23,2,2,0,2,1,1,44,22,22
COLORADO COUNTY,089,65 Years,322,155,167,235,112,123,34,17,17,0,0,0,3,1,2,50,25,25
COLORADO COUNTY,089,66 Years,297,148,149,223,107,116,30,17,13,1,0,1,3,1,2,40,23,17
COLORADO COUNTY,089,67 Years,283,147,136,218,114,104,28,15,13,0,0,0,4,2,2,33,16,17
COLORADO COUNTY,089,68 Years,283,148,135,220,110,110,27,14,13,0,0,0,4,3,1,32,21,11
COLORADO COUNTY,089,69 Years,273,129,144,208,100,108,23,10,13,0,0,0,3,1,2,39,18,21
COLORADO COUNTY,089,70 Years,257,123,134,194,93,101,33,15,18,0,0,0,2,1,1,28,14,14
COLORADO COUNTY,089,71 Years,248,119,129,190,88,102,29,14,15,1,1,0,2,2,0,26,14,12
COLORADO COUNTY,089,72 Years,219,108,111,162,76,86,22,12,10,0,0,0,7,4,3,28,16,12
COLORADO COUNTY,089,73 Years,220,113,107,163,81,82,24,12,12,0,0,0,5,3,2,28,17,11
COLORADO COUNTY,089,74 Years,217,117,100,165,84,81,28,15,13,0,0,0,2,2,0,22,16,6
COLORADO COUNTY,089,75 Years,218,112,106,173,84,89,22,14,8,1,0,1,1,1,0,21,13,8
COLORADO COUNTY,089,76 Years,189,92,97,154,79,75,18,8,10,0,0,0,0,0,0,17,5,12
COLORADO COUNTY,089,77 Years,182,75,107,144,62,82,17,6,11,0,0,0,1,0,1,20,7,13
COLORADO COUNTY,089,78 Years,172,74,98,132,57,75,19,7,12,0,0,0,0,0,0,21,10,11
COLORADO COUNTY,089,79 Years,150,66,84,111,51,60,20,5,15,0,0,0,0,0,0,19,10,9
COLORADO COUNTY,089,80 Years,135,60,75,102,48,54,17,3,14,0,0,0,0,0,0,16,9,7
COLORADO COUNTY,089,81 Years,129,58,71,99,48,51,14,5,9,0,0,0,0,0,0,16,5,11
COLORADO COUNTY,089,82 Years,125,57,68,96,46,50,15,4,11,0,0,0,0,0,0,14,7,7
COLORADO COUNTY,089,83 Years,110,52,58,79,38,41,18,6,12,0,0,0,0,0,0,13,8,5
COLORADO COUNTY,089,84 Years,97,40,57,79,34,45,8,2,6,0,0,0,1,0,1,9,4,5
COLORADO COUNTY,089,85 Years,98,42,56,76,32,44,12,2,10,0,0,0,1,1,0,9,7,2
COLORADO COUNTY,089,86 Years,104,45,59,81,34,47,13,5,8,0,0,0,1,1,0,9,5,4
COLORADO COUNTY,089,87 Years,90,34,56,72,27,45,11,4,7,0,0,0,1,1,0,6,2,4
COLORADO COUNTY,089,88 Years,80,32,48,64,25,39,8,3,5,0,0,0,2,1,1,6,3,3
COLORADO COUNTY,089,89 Years,66,29,37,53,22,31,6,3,3,0,0,0,1,1,0,6,3,3
COLORADO COUNTY,089,90 Years,67,23,44,53,16,37,7,3,4,0,0,0,0,0,0,7,4,3
COLORADO COUNTY,089,91 Years,53,20,33,41,14,27,7,3,4,0,0,0,0,0,0,5,3,2
COLORADO COUNTY,089,92 Years,42,16,26,32,11,21,4,2,2,1,0,1,0,0,0,5,3,2
COLORADO COUNTY,089,93 Years,34,7,27,27,6,21,3,0,3,0,0,0,1,0,1,3,1,2
COLORADO COUNTY,089,94 Years,27,8,19,22,6,16,4,1,3,0,0,0,0,0,0,1,1,0
COLORADO COUNTY,089,95 Years +,75,23,52,55,14,41,11,5,6,0,0,0,1,0,1,8,4,4
COMAL COUNTY,091,All Ages,146941,72519,74422,98780,48530,50250,3006,1590,1416,1081,445,636,2265,1099,1166,41809,20855,20954
COMAL COUNTY,091,< 1 Year,1577,796,781,834,423,411,29,11,18,12,7,5,73,40,33,629,315,314
COMAL COUNTY,091,1 Years,1622,812,810,863,441,422,30,12,18,11,5,6,75,39,36,643,315,328
COMAL COUNTY,091,2 Years,1741,878,863,954,493,461,30,12,18,10,5,5,58,30,28,689,338,351
COMAL COUNTY,091,3 Years,1802,929,873,993,516,477,27,12,15,10,5,5,61,30,31,711,366,345
COMAL COUNTY,091,4 Years,1851,979,872,1025,538,487,28,12,16,10,5,5,60,30,30,728,394,334
COMAL COUNTY,091,5 Years,1787,950,837,1010,528,482,27,13,14,8,5,3,53,27,26,689,377,312
COMAL COUNTY,091,6 Years,1775,924,851,1015,530,485,26,11,15,6,3,3,44,24,20,684,356,328
COMAL COUNTY,091,7 Years,1790,927,863,1025,531,494,25,13,12,8,3,5,41,20,21,691,360,331
COMAL COUNTY,091,8 Years,1636,826,810,904,467,437,23,3,20,7,6,1,35,11,24,667,339,328
COMAL COUNTY,091,9 Years,1794,918,876,1022,500,522,25,15,10,6,5,1,31,16,15,710,382,328
COMAL COUNTY,091,10 Years,1885,959,926,1046,540,506,37,19,18,16,2,14,32,17,15,754,381,373
COMAL COUNTY,091,11 Years,1854,939,915,1053,537,516,37,18,19,10,5,5,30,18,12,724,361,363
COMAL COUNTY,091,12 Years,1864,911,953,1058,516,542,36,18,18,10,6,4,37,20,17,723,351,372
COMAL COUNTY,091,13 Years,1887,924,963,1073,532,541,35,18,17,15,7,8,29,14,15,735,353,382
COMAL COUNTY,091,14 Years,1942,1019,923,1083,585,498,28,9,19,20,9,11,26,14,12,785,402,383
COMAL COUNTY,091,15 Years,1976,1035,941,1149,614,535,33,14,19,17,7,10,36,18,18,741,382,359
COMAL COUNTY,091,16 Years,1842,942,900,1067,534,533,34,17,17,11,5,6,32,19,13,698,367,331
COMAL COUNTY,091,17 Years,1880,970,910,1065,541,524,47,28,19,7,3,4,31,19,12,730,379,351
COMAL COUNTY,091,18 Years,1833,1001,832,1047,572,475,46,30,16,9,4,5,34,20,14,697,375,322
COMAL COUNTY,091,19 Years,1568,816,752,854,451,403,54,37,17,7,2,5,31,15,16,622,311,311
COMAL COUNTY,091,20 Years,1553,808,745,828,436,392,46,30,16,13,9,4,28,15,13,638,318,320
COMAL COUNTY,091,21 Years,1613,832,781,914,497,417,40,20,20,10,7,3,30,12,18,619,296,323
COMAL COUNTY,091,22 Years,1630,839,791,930,489,441,41,19,22,15,14,1,33,12,21,611,305,306
COMAL COUNTY,091,23 Years,1708,863,845,979,494,485,50,25,25,8,6,2,32,13,19,639,325,314
COMAL COUNTY,091,24 Years,1886,920,966,1111,539,572,49,25,24,17,11,6,48,25,23,661,320,341
COMAL COUNTY,091,25 Years,2011,1000,1011,1215,596,619,53,34,19,14,11,3,53,30,23,676,329,347
COMAL COUNTY,091,26 Years,2029,1058,971,1253,633,620,42,32,10,14,11,3,43,27,16,677,355,322
COMAL COUNTY,091,27 Years,1805,909,896,1060,536,524,30,11,19,6,4,2,25,15,10,684,343,341
COMAL COUNTY,091,28 Years,1790,892,898,1031,497,534,57,33,24,0,0,0,23,10,13,679,352,327
COMAL COUNTY,091,29 Years,1865,913,952,1132,559,573,49,27,22,23,12,11,31,8,23,630,307,323
COMAL COUNTY,091,30 Years,1768,866,902,1101,536,565,27,18,9,20,6,14,22,6,16,598,300,298
COMAL COUNTY,091,31 Years,1772,880,892,1049,495,554,44,28,16,9,4,5,17,7,10,653,346,307
COMAL COUNTY,091,32 Years,1832,933,899,1101,527,574,31,21,10,16,2,14,17,10,7,667,373,294
COMAL COUNTY,091,33 Years,1822,927,895,1092,537,555,28,21,7,10,4,6,18,9,9,674,356,318
COMAL COUNTY,091,34 Years,1798,949,849,1090,553,537,37,22,15,19,6,13,23,13,10,629,355,274
COMAL COUNTY,091,35 Years,1762,874,888,1125,564,561,24,8,16,12,4,8,20,12,8,581,286,295
COMAL COUNTY,091,36 Years,1735,862,873,1121,564,557,25,16,9,19,4,15,21,12,9,549,266,283
COMAL COUNTY,091,37 Years,1763,892,871,1131,562,569,17,10,7,24,6,18,19,7,12,572,307,265
COMAL COUNTY,091,38 Years,1779,900,879,1134,577,557,29,16,13,14,4,10,19,6,13,583,297,286
COMAL COUNTY,091,39 Years,1611,749,862,1011,467,544,28,9,19,11,3,8,21,7,14,540,263,277
COMAL COUNTY,091,40 Years,1647,865,782,1052,540,512,31,14,17,13,9,4,23,8,15,528,294,234
COMAL COUNTY,091,41 Years,1653,857,796,1043,503,540,26,20,6,28,19,9,15,8,7,541,307,234
COMAL COUNTY,091,42 Years,1630,836,794,1017,512,505,25,19,6,16,7,9,19,8,11,553,290,263
COMAL COUNTY,091,43 Years,1730,857,873,1060,530,530,35,19,16,26,8,18,30,11,19,579,289,290
COMAL COUNTY,091,44 Years,1701,847,854,1101,535,566,27,7,20,17,7,10,22,8,14,534,290,244
COMAL COUNTY,091,45 Years,1797,891,906,1159,591,568,50,30,20,13,7,6,25,7,18,550,256,294
COMAL COUNTY,091,46 Years,1828,906,922,1194,578,616,33,23,10,27,8,19,17,6,11,557,291,266
COMAL COUNTY,091,47 Years,1925,945,980,1296,639,657,39,24,15,21,7,14,23,7,16,546,268,278
COMAL COUNTY,091,48 Years,1954,971,983,1362,691,671,46,29,17,14,5,9,28,9,19,504,237,267
COMAL COUNTY,091,49 Years,1837,910,927,1273,649,624,46,22,24,15,9,6,21,7,14,482,223,259
COMAL COUNTY,091,50 Years,1792,884,908,1236,630,606,44,20,24,15,7,8,26,9,17,471,218,253
COMAL COUNTY,091,51 Years,1714,869,845,1203,614,589,52,31,21,11,2,9,19,9,10,429,213,216
COMAL COUNTY,091,52 Years,1818,885,933,1291,616,675,58,37,21,9,3,6,20,9,11,440,220,220
COMAL COUNTY,091,53 Years,1932,933,999,1397,679,718,50,30,20,18,6,12,22,11,11,445,207,238
COMAL COUNTY,091,54 Years,2016,944,1072,1486,703,783,58,29,29,16,7,9,25,12,13,431,193,238
COMAL COUNTY,091,55 Years,2079,974,1105,1557,740,817,56,23,33,18,7,11,21,10,11,427,194,233
COMAL COUNTY,091,56 Years,2124,1013,1111,1605,774,831,62,32,30,10,3,7,25,15,10,422,189,233
COMAL COUNTY,091,57 Years,2177,1056,1121,1634,801,833,59,24,35,15,5,10,32,18,14,437,208,229
COMAL COUNTY,091,58 Years,2155,1023,1132,1638,783,855,75,34,41,16,2,14,28,18,10,398,186,212
COMAL COUNTY,091,59 Years,2109,1020,1089,1643,806,837,53,28,25,17,4,13,23,9,14,373,173,200
COMAL COUNTY,091,60 Years,2118,1049,1069,1649,800,849,53,32,21,11,4,7,14,6,8,391,207,184
COMAL COUNTY,091,61 Years,2174,1037,1137,1701,804,897,47,28,19,14,5,9,29,13,16,383,187,196
COMAL COUNTY,091,62 Years,2091,1024,1067,1651,811,840,41,20,21,16,4,12,28,14,14,355,175,180
COMAL COUNTY,091,63 Years,2028,976,1052,1599,773,826,51,24,27,14,4,10,31,15,16,333,160,173
COMAL COUNTY,091,64 Years,2046,972,1074,1626,774,852,52,22,30,8,3,5,24,14,10,336,159,177
COMAL COUNTY,091,65 Years,1994,947,1047,1562,757,805,38,18,20,16,3,13,25,12,13,353,157,196
COMAL COUNTY,091,66 Years,1895,930,965,1504,737,767,39,18,21,15,5,10,30,15,15,307,155,152
COMAL COUNTY,091,67 Years,1820,871,949,1466,705,761,41,21,20,16,3,13,27,14,13,270,128,142
COMAL COUNTY,091,68 Years,1808,878,930,1469,718,751,30,12,18,14,4,10,20,11,9,275,133,142
COMAL COUNTY,091,69 Years,1764,841,923,1445,686,759,39,18,21,13,3,10,16,11,5,251,123,128
COMAL COUNTY,091,70 Years,1784,865,919,1473,718,755,41,23,18,12,3,9,10,5,5,248,116,132
COMAL COUNTY,091,71 Years,1793,871,922,1496,743,753,31,22,9,12,4,8,17,7,10,237,95,142
COMAL COUNTY,091,72 Years,1331,627,704,1113,532,581,18,11,7,8,2,6,12,5,7,180,77,103
COMAL COUNTY,091,73 Years,1241,588,653,1036,491,545,14,8,6,4,1,3,14,5,9,173,83,90
COMAL COUNTY,091,74 Years,1245,586,659,1034,499,535,22,7,15,10,3,7,12,6,6,167,71,96
COMAL COUNTY,091,75 Years,1189,571,618,1014,497,517,15,8,7,8,2,6,12,8,4,140,56,84
COMAL COUNTY,091,76 Years,1027,517,510,871,444,427,14,9,5,8,1,7,11,7,4,123,56,67
COMAL COUNTY,091,77 Years,893,434,459,758,368,390,12,8,4,9,4,5,9,5,4,105,49,56
COMAL COUNTY,091,78 Years,833,378,455,712,318,394,12,8,4,6,4,2,7,4,3,96,44,52
COMAL COUNTY,091,79 Years,751,348,403,636,295,341,14,6,8,1,1,0,10,5,5,90,41,49
COMAL COUNTY,091,80 Years,703,316,387,608,278,330,7,4,3,3,3,0,7,3,4,78,28,50
COMAL COUNTY,091,81 Years,648,292,356,562,259,303,5,4,1,2,1,1,4,2,2,75,26,49
COMAL COUNTY,091,82 Years,606,266,340,521,236,285,4,3,1,3,1,2,6,1,5,72,25,47
COMAL COUNTY,091,83 Years,588,251,337,499,215,284,4,1,3,7,5,2,9,5,4,69,25,44
COMAL COUNTY,091,84 Years,498,195,303,418,172,246,3,1,2,5,3,2,3,1,2,69,18,51
COMAL COUNTY,091,85 Years,479,188,291,410,167,243,2,1,1,6,3,3,3,1,2,58,16,42
COMAL COUNTY,091,86 Years,415,166,249,352,145,207,2,1,1,4,2,2,4,1,3,53,17,36
COMAL COUNTY,091,87 Years,390,156,234,325,134,191,4,3,1,2,1,1,2,2,0,57,16,41
COMAL COUNTY,091,88 Years,349,143,206,298,124,174,4,3,1,2,1,1,2,2,0,43,13,30
COMAL COUNTY,091,89 Years,292,102,190,252,87,165,3,2,1,1,0,1,3,1,2,33,12,21
COMAL COUNTY,091,90 Years,241,86,155,204,74,130,2,0,2,1,0,1,2,1,1,32,11,21
COMAL COUNTY,091,91 Years,201,71,130,174,62,112,2,0,2,3,0,3,0,0,0,22,9,13
COMAL COUNTY,091,92 Years,155,48,107,131,41,90,3,1,2,4,1,3,0,0,0,17,5,12
COMAL COUNTY,091,93 Years,135,36,99,114,31,83,2,0,2,2,1,1,1,0,1,16,4,12
COMAL COUNTY,091,94 Years,101,24,77,87,21,66,1,0,1,0,0,0,1,0,1,12,3,9
COMAL COUNTY,091,95 Years +,259,62,197,215,53,162,5,1,4,2,1,1,4,1,3,33,6,27
COMANCHE COUNTY,093,All Ages,13922,6879,7043,9610,4763,4847,28,17,11,50,15,35,213,103,110,4021,1981,2040
COMANCHE COUNTY,093,< 1 Year,167,90,77,76,43,33,0,0,0,3,1,2,7,4,3,81,42,39
COMANCHE COUNTY,093,1 Years,171,94,77,86,50,36,0,0,0,0,0,0,5,2,3,80,42,38
COMANCHE COUNTY,093,2 Years,179,95,84,91,49,42,0,0,0,1,1,0,9,5,4,78,40,38
COMANCHE COUNTY,093,3 Years,180,95,85,91,50,41,1,1,0,0,0,0,7,4,3,81,40,41
COMANCHE COUNTY,093,4 Years,177,92,85,89,50,39,0,0,0,0,0,0,7,4,3,81,38,43
COMANCHE COUNTY,093,5 Years,168,93,75,89,54,35,0,0,0,0,0,0,0,0,0,79,39,40
COMANCHE COUNTY,093,6 Years,184,93,91,99,55,44,0,0,0,0,0,0,5,3,2,80,35,45
COMANCHE COUNTY,093,7 Years,183,93,90,99,55,44,0,0,0,0,0,0,5,2,3,79,36,43
COMANCHE COUNTY,093,8 Years,207,94,113,114,52,62,0,0,0,0,0,0,3,0,3,90,42,48
COMANCHE COUNTY,093,9 Years,178,91,87,94,42,52,1,1,0,1,1,0,3,0,3,79,47,32
COMANCHE COUNTY,093,10 Years,176,91,85,97,52,45,1,1,0,1,0,1,2,1,1,75,37,38
COMANCHE COUNTY,093,11 Years,188,93,95,99,52,47,0,0,0,1,0,1,2,1,1,86,40,46
COMANCHE COUNTY,093,12 Years,174,80,94,94,46,48,1,0,1,7,0,7,3,1,2,69,33,36
COMANCHE COUNTY,093,13 Years,180,80,100,96,41,55,0,0,0,3,0,3,2,1,1,79,38,41
COMANCHE COUNTY,093,14 Years,164,91,73,91,52,39,0,0,0,0,0,0,1,1,0,72,38,34
COMANCHE COUNTY,093,15 Years,160,83,77,89,50,39,0,0,0,1,1,0,3,2,1,67,30,37
COMANCHE COUNTY,093,16 Years,161,81,80,84,49,35,3,0,3,1,1,0,5,2,3,68,29,39
COMANCHE COUNTY,093,17 Years,148,85,63,74,43,31,1,0,1,0,0,0,4,3,1,69,39,30
COMANCHE COUNTY,093,18 Years,153,74,79,79,43,36,0,0,0,0,0,0,4,2,2,70,29,41
COMANCHE COUNTY,093,19 Years,145,84,61,74,46,28,0,0,0,0,0,0,3,1,2,68,37,31
COMANCHE COUNTY,093,20 Years,137,69,68,66,35,31,0,0,0,0,0,0,1,0,1,70,34,36
COMANCHE COUNTY,093,21 Years,121,55,66,63,28,35,1,0,1,0,0,0,4,3,1,53,24,29
COMANCHE COUNTY,093,22 Years,110,58,52,59,32,27,0,0,0,0,0,0,3,3,0,48,23,25
COMANCHE COUNTY,093,23 Years,129,65,64,64,32,32,1,1,0,1,0,1,3,2,1,60,30,30
COMANCHE COUNTY,093,24 Years,139,72,67,80,41,39,0,0,0,1,0,1,4,2,2,54,29,25
COMANCHE COUNTY,093,25 Years,167,88,79,102,58,44,0,0,0,0,0,0,3,2,1,62,28,34
COMANCHE COUNTY,093,26 Years,156,83,73,96,56,40,1,1,0,0,0,0,1,0,1,58,26,32
COMANCHE COUNTY,093,27 Years,149,69,80,88,43,45,1,1,0,0,0,0,5,0,5,55,25,30
COMANCHE COUNTY,093,28 Years,146,64,82,88,38,50,1,0,1,0,0,0,3,2,1,54,24,30
COMANCHE COUNTY,093,29 Years,144,70,74,96,46,50,0,0,0,0,0,0,1,0,1,47,24,23
COMANCHE COUNTY,093,30 Years,154,83,71,93,50,43,1,1,0,0,0,0,2,1,1,58,31,27
COMANCHE COUNTY,093,31 Years,137,66,71,85,40,45,1,1,0,0,0,0,2,1,1,49,24,25
COMANCHE COUNTY,093,32 Years,143,64,79,84,40,44,0,0,0,0,0,0,1,1,0,58,23,35
COMANCHE COUNTY,093,33 Years,121,59,62,76,38,38,0,0,0,0,0,0,1,1,0,44,20,24
COMANCHE COUNTY,093,34 Years,130,65,65,79,39,40,0,0,0,0,0,0,3,2,1,48,24,24
COMANCHE COUNTY,093,35 Years,130,60,70,78,34,44,0,0,0,1,1,0,1,1,0,50,24,26
COMANCHE COUNTY,093,36 Years,136,66,70,82,40,42,0,0,0,1,0,1,2,1,1,51,25,26
COMANCHE COUNTY,093,37 Years,121,61,60,78,40,38,0,0,0,1,1,0,1,0,1,41,20,21
COMANCHE COUNTY,093,38 Years,126,62,64,76,38,38,0,0,0,1,1,0,1,1,0,48,22,26
COMANCHE COUNTY,093,39 Years,127,63,64,83,41,42,0,0,0,1,1,0,1,1,0,42,20,22
COMANCHE COUNTY,093,40 Years,132,61,71,97,44,53,1,1,0,0,0,0,0,0,0,34,16,18
COMANCHE COUNTY,093,41 Years,141,63,78,95,38,57,1,1,0,0,0,0,0,0,0,45,24,21
COMANCHE COUNTY,093,42 Years,134,65,69,83,37,46,0,0,0,2,0,2,0,0,0,49,28,21
COMANCHE COUNTY,093,43 Years,132,65,67,86,43,43,0,0,0,3,1,2,0,0,0,43,21,22
COMANCHE COUNTY,093,44 Years,143,59,84,97,40,57,0,0,0,3,1,2,0,0,0,43,18,25
COMANCHE COUNTY,093,45 Years,132,50,82,90,32,58,0,0,0,1,0,1,0,0,0,41,18,23
COMANCHE COUNTY,093,46 Years,152,57,95,95,35,60,0,0,0,2,0,2,0,0,0,55,22,33
COMANCHE COUNTY,093,47 Years,169,76,93,107,46,61,0,0,0,1,0,1,2,1,1,59,29,30
COMANCHE COUNTY,093,48 Years,180,89,91,113,62,51,0,0,0,1,0,1,1,1,0,65,26,39
COMANCHE COUNTY,093,49 Years,162,85,77,112,60,52,0,0,0,0,0,0,6,3,3,44,22,22
COMANCHE COUNTY,093,50 Years,167,78,89,115,54,61,0,0,0,0,0,0,3,1,2,49,23,26
COMANCHE COUNTY,093,51 Years,192,96,96,126,58,68,0,0,0,0,0,0,2,1,1,64,37,27
COMANCHE COUNTY,093,52 Years,167,96,71,113,65,48,0,0,0,0,0,0,2,2,0,52,29,23
COMANCHE COUNTY,093,53 Years,180,99,81,122,67,55,0,0,0,0,0,0,4,2,2,54,30,24
COMANCHE COUNTY,093,54 Years,205,106,99,151,72,79,2,1,1,0,0,0,1,1,0,51,32,19
COMANCHE COUNTY,093,55 Years,187,97,90,139,64,75,2,2,0,0,0,0,0,0,0,46,31,15
COMANCHE COUNTY,093,56 Years,196,96,100,153,75,78,1,1,0,0,0,0,2,0,2,40,20,20
COMANCHE COUNTY,093,57 Years,195,101,94,152,77,75,0,0,0,0,0,0,3,2,1,40,22,18
COMANCHE COUNTY,093,58 Years,189,99,90,152,82,70,0,0,0,0,0,0,1,1,0,36,16,20
COMANCHE COUNTY,093,59 Years,193,104,89,150,83,67,0,0,0,0,0,0,2,0,2,41,21,20
COMANCHE COUNTY,093,60 Years,229,126,103,191,105,86,0,0,0,0,0,0,4,2,2,34,19,15
COMANCHE COUNTY,093,61 Years,193,105,88,159,83,76,0,0,0,1,1,0,5,3,2,28,18,10
COMANCHE COUNTY,093,62 Years,209,110,99,171,89,82,2,2,0,1,1,0,5,2,3,30,16,14
COMANCHE COUNTY,093,63 Years,189,89,100,155,75,80,2,0,2,1,0,1,4,1,3,27,13,14
COMANCHE COUNTY,093,64 Years,174,77,97,147,64,83,1,0,1,0,0,0,3,1,2,23,12,11
COMANCHE COUNTY,093,65 Years,176,98,78,150,82,68,0,0,0,1,0,1,2,2,0,23,14,9
COMANCHE COUNTY,093,66 Years,192,102,90,166,89,77,0,0,0,1,0,1,2,1,1,23,12,11
COMANCHE COUNTY,093,67 Years,200,98,102,170,83,87,0,0,0,0,0,0,4,2,2,26,13,13
COMANCHE COUNTY,093,68 Years,195,90,105,162,77,85,0,0,0,1,0,1,2,1,1,30,12,18
COMANCHE COUNTY,093,69 Years,201,89,112,171,77,94,0,0,0,0,0,0,2,0,2,28,12,16
COMANCHE COUNTY,093,70 Years,194,94,100,171,83,88,0,0,0,0,0,0,2,1,1,21,10,11
COMANCHE COUNTY,093,71 Years,206,101,105,173,84,89,0,0,0,0,0,0,6,2,4,27,15,12
COMANCHE COUNTY,093,72 Years,161,77,84,141,66,75,0,0,0,0,0,0,3,1,2,17,10,7
COMANCHE COUNTY,093,73 Years,165,76,89,151,70,81,0,0,0,0,0,0,0,0,0,14,6,8
COMANCHE COUNTY,093,74 Years,177,87,90,158,75,83,0,0,0,0,0,0,0,0,0,19,12,7
COMANCHE COUNTY,093,75 Years,170,83,87,154,74,80,0,0,0,0,0,0,0,0,0,16,9,7
COMANCHE COUNTY,093,76 Years,152,71,81,141,65,76,0,0,0,0,0,0,0,0,0,11,6,5
COMANCHE COUNTY,093,77 Years,131,60,71,123,57,66,0,0,0,0,0,0,1,0,1,7,3,4
COMANCHE COUNTY,093,78 Years,135,62,73,124,59,65,0,0,0,0,0,0,2,0,2,9,3,6
COMANCHE COUNTY,093,79 Years,124,61,63,113,57,56,0,0,0,1,1,0,0,0,0,10,3,7
COMANCHE COUNTY,093,80 Years,101,51,50,90,47,43,0,0,0,0,0,0,3,1,2,8,3,5
COMANCHE COUNTY,093,81 Years,99,47,52,93,45,48,0,0,0,0,0,0,1,0,1,5,2,3
COMANCHE COUNTY,093,82 Years,95,44,51,86,39,47,0,0,0,1,1,0,2,1,1,6,3,3
COMANCHE COUNTY,093,83 Years,91,46,45,83,42,41,0,0,0,1,0,1,1,1,0,6,3,3
COMANCHE COUNTY,093,84 Years,75,35,40,68,33,35,0,0,0,1,0,1,1,0,1,5,2,3
COMANCHE COUNTY,093,85 Years,55,25,30,50,22,28,1,1,0,0,0,0,1,1,0,3,1,2
COMANCHE COUNTY,093,86 Years,54,24,30,46,21,25,0,0,0,0,0,0,1,0,1,7,3,4
COMANCHE COUNTY,093,87 Years,53,21,32,47,18,29,0,0,0,0,0,0,0,0,0,6,3,3
COMANCHE COUNTY,093,88 Years,40,15,25,36,14,22,0,0,0,0,0,0,1,1,0,3,0,3
COMANCHE COUNTY,093,89 Years,30,11,19,28,11,17,0,0,0,0,0,0,0,0,0,2,0,2
COMANCHE COUNTY,093,90 Years,30,10,20,27,9,18,0,0,0,0,0,0,1,1,0,2,0,2
COMANCHE COUNTY,093,91 Years,25,10,15,24,9,15,0,0,0,0,0,0,0,0,0,1,1,0
COMANCHE COUNTY,093,92 Years,20,6,14,19,6,13,0,0,0,0,0,0,1,0,1,0,0,0
COMANCHE COUNTY,093,93 Years,17,6,11,15,5,10,0,0,0,0,0,0,0,0,0,2,1,1
COMANCHE COUNTY,093,94 Years,17,7,10,12,4,8,0,0,0,1,0,1,0,0,0,4,3,1
COMANCHE COUNTY,093,95 Years +,33,9,24,26,7,19,0,0,0,0,0,0,1,0,1,6,2,4
CONCHO COUNTY,095,All Ages,2239,1527,712,956,476,480,35,32,3,6,3,3,15,10,5,1227,1006,221
CONCHO COUNTY,095,< 1 Year,16,10,6,11,8,3,0,0,0,0,0,0,1,1,0,4,1,3
CONCHO COUNTY,095,1 Years,14,8,6,9,6,3,0,0,0,0,0,0,0,0,0,5,2,3
CONCHO COUNTY,095,2 Years,15,9,6,8,5,3,1,1,0,0,0,0,0,0,0,6,3,3
CONCHO COUNTY,095,3 Years,16,7,9,9,4,5,1,0,1,0,0,0,0,0,0,6,3,3
CONCHO COUNTY,095,4 Years,15,9,6,9,5,4,0,0,0,0,0,0,0,0,0,6,4,2
CONCHO COUNTY,095,5 Years,15,10,5,9,5,4,0,0,0,0,0,0,0,0,0,6,5,1
CONCHO COUNTY,095,6 Years,16,9,7,10,5,5,0,0,0,0,0,0,0,0,0,6,4,2
CONCHO COUNTY,095,7 Years,17,10,7,10,5,5,0,0,0,0,0,0,0,0,0,7,5,2
CONCHO COUNTY,095,8 Years,14,7,7,8,4,4,0,0,0,0,0,0,0,0,0,6,3,3
CONCHO COUNTY,095,9 Years,21,14,7,9,4,5,1,1,0,0,0,0,0,0,0,11,9,2
CONCHO COUNTY,095,10 Years,22,12,10,12,5,7,0,0,0,0,0,0,0,0,0,10,7,3
CONCHO COUNTY,095,11 Years,20,8,12,11,5,6,0,0,0,0,0,0,0,0,0,9,3,6
CONCHO COUNTY,095,12 Years,15,6,9,8,3,5,1,1,0,0,0,0,0,0,0,6,2,4
CONCHO COUNTY,095,13 Years,25,14,11,9,3,6,0,0,0,0,0,0,0,0,0,16,11,5
CONCHO COUNTY,095,14 Years,17,9,8,6,2,4,1,1,0,0,0,0,0,0,0,10,6,4
CONCHO COUNTY,095,15 Years,17,6,11,9,2,7,1,1,0,0,0,0,0,0,0,7,3,4
CONCHO COUNTY,095,16 Years,15,9,6,7,4,3,0,0,0,0,0,0,0,0,0,8,5,3
CONCHO COUNTY,095,17 Years,11,7,4,5,2,3,0,0,0,0,0,0,0,0,0,6,5,1
CONCHO COUNTY,095,18 Years,16,8,8,6,2,4,0,0,0,0,0,0,0,0,0,10,6,4
CONCHO COUNTY,095,19 Years,20,11,9,7,3,4,0,0,0,0,0,0,0,0,0,13,8,5
CONCHO COUNTY,095,20 Years,23,15,8,6,2,4,1,1,0,0,0,0,1,1,0,15,11,4
CONCHO COUNTY,095,21 Years,16,10,6,6,2,4,0,0,0,0,0,0,0,0,0,10,8,2
CONCHO COUNTY,095,22 Years,35,26,9,5,1,4,1,1,0,0,0,0,1,1,0,28,23,5
CONCHO COUNTY,095,23 Years,28,19,9,6,2,4,2,2,0,0,0,0,0,0,0,20,15,5
CONCHO COUNTY,095,24 Years,22,14,8,5,2,3,1,1,0,0,0,0,0,0,0,16,11,5
CONCHO COUNTY,095,25 Years,46,39,7,6,3,3,2,2,0,0,0,0,1,0,1,37,34,3
CONCHO COUNTY,095,26 Years,41,33,8,10,5,5,1,1,0,0,0,0,1,1,0,29,26,3
CONCHO COUNTY,095,27 Years,43,34,9,11,6,5,2,1,1,0,0,0,1,0,1,29,27,2
CONCHO COUNTY,095,28 Years,41,36,5,9,7,2,1,1,0,0,0,0,1,1,0,30,27,3
CONCHO COUNTY,095,29 Years,25,20,5,7,4,3,0,0,0,0,0,0,0,0,0,18,16,2
CONCHO COUNTY,095,30 Years,39,35,4,9,6,3,0,0,0,0,0,0,0,0,0,30,29,1
CONCHO COUNTY,095,31 Years,32,27,5,8,6,2,0,0,0,0,0,0,0,0,0,24,21,3
CONCHO COUNTY,095,32 Years,24,21,3,6,4,2,0,0,0,0,0,0,0,0,0,18,17,1
CONCHO COUNTY,095,33 Years,32,28,4,5,3,2,0,0,0,0,0,0,0,0,0,27,25,2
CONCHO COUNTY,095,34 Years,41,35,6,6,3,3,1,1,0,0,0,0,0,0,0,34,31,3
CONCHO COUNTY,095,35 Years,42,37,5,8,6,2,1,1,0,0,0,0,1,1,0,32,29,3
CONCHO COUNTY,095,36 Years,38,32,6,9,5,4,2,2,0,0,0,0,0,0,0,27,25,2
CONCHO COUNTY,095,37 Years,28,18,10,8,3,5,0,0,0,1,0,1,0,0,0,19,15,4
CONCHO COUNTY,095,38 Years,44,38,6,8,4,4,0,0,0,1,1,0,0,0,0,35,33,2
CONCHO COUNTY,095,39 Years,52,45,7,9,5,4,2,2,0,0,0,0,0,0,0,41,38,3
CONCHO COUNTY,095,40 Years,35,30,5,7,4,3,0,0,0,1,1,0,0,0,0,27,25,2
CONCHO COUNTY,095,41 Years,53,48,5,7,5,2,2,2,0,1,0,1,1,1,0,42,40,2
CONCHO COUNTY,095,42 Years,50,44,6,10,5,5,0,0,0,1,1,0,0,0,0,39,38,1
CONCHO COUNTY,095,43 Years,40,32,8,11,6,5,0,0,0,0,0,0,0,0,0,29,26,3
CONCHO COUNTY,095,44 Years,40,33,7,13,8,5,1,1,0,0,0,0,1,1,0,25,23,2
CONCHO COUNTY,095,45 Years,33,26,7,9,5,4,1,1,0,0,0,0,0,0,0,23,20,3
CONCHO COUNTY,095,46 Years,48,38,10,12,5,7,2,2,0,0,0,0,0,0,0,34,31,3
CONCHO COUNTY,095,47 Years,36,30,6,8,4,4,1,1,0,0,0,0,0,0,0,27,25,2
CONCHO COUNTY,095,48 Years,32,25,7,10,5,5,0,0,0,0,0,0,0,0,0,22,20,2
CONCHO COUNTY,095,49 Years,38,30,8,9,5,4,0,0,0,1,0,1,0,0,0,28,25,3
CONCHO COUNTY,095,50 Years,23,15,8,9,5,4,0,0,0,0,0,0,0,0,0,14,10,4
CONCHO COUNTY,095,51 Years,20,12,8,7,4,3,0,0,0,0,0,0,0,0,0,13,8,5
CONCHO COUNTY,095,52 Years,17,13,4,8,6,2,1,1,0,0,0,0,0,0,0,8,6,2
CONCHO COUNTY,095,53 Years,29,19,10,15,7,8,0,0,0,0,0,0,0,0,0,14,12,2
CONCHO COUNTY,095,54 Years,32,17,15,16,6,10,0,0,0,0,0,0,0,0,0,16,11,5
CONCHO COUNTY,095,55 Years,36,25,11,13,6,7,1,1,0,0,0,0,1,0,1,21,18,3
CONCHO COUNTY,095,56 Years,22,15,7,11,6,5,0,0,0,0,0,0,1,1,0,10,8,2
CONCHO COUNTY,095,57 Years,19,13,6,11,6,5,0,0,0,0,0,0,0,0,0,8,7,1
CONCHO COUNTY,095,58 Years,24,16,8,16,9,7,0,0,0,0,0,0,0,0,0,8,7,1
CONCHO COUNTY,095,59 Years,28,15,13,16,7,9,1,1,0,0,0,0,1,0,1,10,7,3
CONCHO COUNTY,095,60 Years,28,16,12,14,6,8,1,1,0,0,0,0,1,0,1,12,9,3
CONCHO COUNTY,095,61 Years,27,15,12,15,7,8,1,0,1,0,0,0,0,0,0,11,8,3
CONCHO COUNTY,095,62 Years,26,15,11,18,10,8,0,0,0,0,0,0,0,0,0,8,5,3
CONCHO COUNTY,095,63 Years,27,16,11,16,7,9,0,0,0,0,0,0,0,0,0,11,9,2
CONCHO COUNTY,095,64 Years,24,13,11,18,9,9,0,0,0,0,0,0,0,0,0,6,4,2
CONCHO COUNTY,095,65 Years,16,8,8,11,6,5,0,0,0,0,0,0,0,0,0,5,2,3
CONCHO COUNTY,095,66 Years,19,13,6,15,11,4,0,0,0,0,0,0,0,0,0,4,2,2
CONCHO COUNTY,095,67 Years,21,11,10,17,9,8,0,0,0,0,0,0,0,0,0,4,2,2
CONCHO COUNTY,095,68 Years,23,10,13,18,7,11,0,0,0,0,0,0,0,0,0,5,3,2
CONCHO COUNTY,095,69 Years,26,12,14,22,10,12,0,0,0,0,0,0,0,0,0,4,2,2
CONCHO COUNTY,095,70 Years,28,15,13,25,14,11,0,0,0,0,0,0,0,0,0,3,1,2
CONCHO COUNTY,095,71 Years,20,10,10,17,9,8,0,0,0,0,0,0,0,0,0,3,1,2
CONCHO COUNTY,095,72 Years,17,7,10,15,6,9,0,0,0,0,0,0,0,0,0,2,1,1
CONCHO COUNTY,095,73 Years,22,12,10,16,8,8,0,0,0,0,0,0,0,0,0,6,4,2
CONCHO COUNTY,095,74 Years,20,14,6,16,11,5,0,0,0,0,0,0,0,0,0,4,3,1
CONCHO COUNTY,095,75 Years,24,14,10,17,9,8,0,0,0,0,0,0,1,1,0,6,4,2
CONCHO COUNTY,095,76 Years,19,11,8,15,8,7,0,0,0,0,0,0,0,0,0,4,3,1
CONCHO COUNTY,095,77 Years,16,8,8,12,6,6,0,0,0,0,0,0,0,0,0,4,2,2
CONCHO COUNTY,095,78 Years,17,9,8,14,7,7,0,0,0,0,0,0,0,0,0,3,2,1
CONCHO COUNTY,095,79 Years,14,5,9,11,4,7,0,0,0,0,0,0,0,0,0,3,1,2
CONCHO COUNTY,095,80 Years,15,8,7,11,6,5,0,0,0,0,0,0,0,0,0,4,2,2
CONCHO COUNTY,095,81 Years,13,7,6,11,5,6,0,0,0,0,0,0,0,0,0,2,2,0
CONCHO COUNTY,095,82 Years,13,7,6,11,5,6,0,0,0,0,0,0,0,0,0,2,2,0
CONCHO COUNTY,095,83 Years,10,5,5,9,4,5,0,0,0,0,0,0,0,0,0,1,1,0
CONCHO COUNTY,095,84 Years,8,3,5,7,2,5,0,0,0,0,0,0,0,0,0,1,1,0
CONCHO COUNTY,095,85 Years,9,3,6,7,2,5,0,0,0,0,0,0,0,0,0,2,1,1
CONCHO COUNTY,095,86 Years,10,4,6,8,2,6,0,0,0,0,0,0,0,0,0,2,2,0
CONCHO COUNTY,095,87 Years,5,3,2,4,2,2,0,0,0,0,0,0,0,0,0,1,1,0
CONCHO COUNTY,095,88 Years,5,1,4,4,1,3,0,0,0,0,0,0,0,0,0,1,0,1
CONCHO COUNTY,095,89 Years,6,2,4,5,2,3,0,0,0,0,0,0,0,0,0,1,0,1
CONCHO COUNTY,095,90 Years,4,1,3,4,1,3,0,0,0,0,0,0,0,0,0,0,0,0
CONCHO COUNTY,095,91 Years,5,2,3,4,1,3,0,0,0,0,0,0,0,0,0,1,1,0
CONCHO COUNTY,095,92 Years,4,1,3,3,1,2,0,0,0,0,0,0,0,0,0,1,0,1
CONCHO COUNTY,095,93 Years,3,1,2,2,1,1,0,0,0,0,0,0,0,0,0,1,0,1
CONCHO COUNTY,095,94 Years,3,2,1,2,1,1,0,0,0,0,0,0,0,0,0,1,1,0
CONCHO COUNTY,095,95 Years +,8,2,6,5,1,4,0,0,0,0,0,0,0,0,0,3,1,2
COOKE COUNTY,097,All Ages,40095,19685,20410,29972,14520,15452,1157,636,521,298,139,159,1092,521,571,7576,3869,3707
COOKE COUNTY,097,< 1 Year,485,243,242,283,136,147,11,6,5,3,2,1,29,19,10,159,80,79
COOKE COUNTY,097,1 Years,499,251,248,287,140,147,13,7,6,4,3,1,31,19,12,164,82,82
COOKE COUNTY,097,2 Years,499,255,244,285,145,140,16,8,8,4,3,1,32,17,15,162,82,80
COOKE COUNTY,097,3 Years,504,258,246,295,152,143,18,9,9,2,1,1,30,15,15,159,81,78
COOKE COUNTY,097,4 Years,479,241,238,284,143,141,18,8,10,1,1,0,23,13,10,153,76,77
COOKE COUNTY,097,5 Years,483,247,236,291,142,149,18,10,8,3,2,1,19,13,6,152,80,72
COOKE COUNTY,097,6 Years,459,227,232,276,131,145,16,9,7,2,2,0,19,12,7,146,73,73
COOKE COUNTY,097,7 Years,455,229,226,275,135,140,15,9,6,1,1,0,19,11,8,145,73,72
COOKE COUNTY,097,8 Years,449,223,226,272,143,129,13,6,7,1,0,1,19,11,8,144,63,81
COOKE COUNTY,097,9 Years,508,257,251,296,156,140,16,9,7,4,1,3,26,14,12,166,77,89
COOKE COUNTY,097,10 Years,536,271,265,316,163,153,11,7,4,6,2,4,25,12,13,178,87,91
COOKE COUNTY,097,11 Years,522,248,274,307,138,169,13,8,5,6,2,4,23,9,14,173,91,82
COOKE COUNTY,097,12 Years,532,255,277,324,153,171,16,8,8,3,1,2,21,11,10,168,82,86
COOKE COUNTY,097,13 Years,497,247,250,293,154,139,17,8,9,3,0,3,25,13,12,159,72,87
COOKE COUNTY,097,14 Years,486,244,242,287,146,141,17,9,8,2,0,2,20,12,8,160,77,83
COOKE COUNTY,097,15 Years,574,319,255,345,176,169,37,27,10,3,2,1,27,15,12,162,99,63
COOKE COUNTY,097,16 Years,598,337,261,353,183,170,55,45,10,8,5,3,24,14,10,158,90,68
COOKE COUNTY,097,17 Years,637,357,280,366,189,177,67,58,9,3,1,2,25,16,9,176,93,83
COOKE COUNTY,097,18 Years,514,260,254,303,148,155,33,24,9,1,0,1,21,10,11,156,78,78
COOKE COUNTY,097,19 Years,446,240,206,264,141,123,18,15,3,1,0,1,19,6,13,144,78,66
COOKE COUNTY,097,20 Years,462,231,231,292,151,141,13,5,8,4,1,3,15,5,10,138,69,69
COOKE COUNTY,097,21 Years,472,243,229,310,160,150,8,4,4,3,1,2,21,11,10,130,67,63
COOKE COUNTY,097,22 Years,481,239,242,320,163,157,10,6,4,4,2,2,18,8,10,129,60,69
COOKE COUNTY,097,23 Years,475,230,245,311,157,154,10,4,6,4,2,2,11,3,8,139,64,75
COOKE COUNTY,097,24 Years,496,253,243,333,166,167,11,7,4,1,1,0,12,3,9,139,76,63
COOKE COUNTY,097,25 Years,493,257,236,336,159,177,15,10,5,4,3,1,11,2,9,127,83,44
COOKE COUNTY,097,26 Years,548,275,273,387,201,186,17,6,11,2,2,0,19,6,13,123,60,63
COOKE COUNTY,097,27 Years,564,256,308,417,195,222,11,2,9,2,1,1,15,4,11,119,54,65
COOKE COUNTY,097,28 Years,565,272,293,425,209,216,19,7,12,1,1,0,10,4,6,110,51,59
COOKE COUNTY,097,29 Years,510,266,244,382,200,182,19,9,10,1,1,0,10,7,3,98,49,49
COOKE COUNTY,097,30 Years,512,253,259,380,192,188,14,6,8,2,2,0,12,6,6,104,47,57
COOKE COUNTY,097,31 Years,481,242,239,368,181,187,10,6,4,1,0,1,7,2,5,95,53,42
COOKE COUNTY,097,32 Years,473,252,221,347,172,175,13,7,6,3,3,0,10,3,7,100,67,33
COOKE COUNTY,097,33 Years,436,223,213,323,164,159,11,5,6,3,2,1,7,3,4,92,49,43
COOKE COUNTY,097,34 Years,446,217,229,322,162,160,11,5,6,5,2,3,5,1,4,103,47,56
COOKE COUNTY,097,35 Years,494,222,272,355,165,190,15,7,8,11,2,9,10,2,8,103,46,57
COOKE COUNTY,097,36 Years,472,226,246,329,150,179,13,8,5,6,2,4,7,4,3,117,62,55
COOKE COUNTY,097,37 Years,461,230,231,338,168,170,10,8,2,5,2,3,15,4,11,93,48,45
COOKE COUNTY,097,38 Years,459,227,232,329,164,165,7,5,2,6,3,3,10,2,8,107,53,54
COOKE COUNTY,097,39 Years,438,220,218,294,149,145,7,4,3,7,4,3,8,3,5,122,60,62
COOKE COUNTY,097,40 Years,435,216,219,302,148,154,11,8,3,5,4,1,9,5,4,108,51,57
COOKE COUNTY,097,41 Years,405,197,208,284,138,146,10,4,6,8,2,6,6,5,1,97,48,49
COOKE COUNTY,097,42 Years,396,190,206,271,131,140,11,7,4,5,1,4,8,5,3,101,46,55
COOKE COUNTY,097,43 Years,423,205,218,301,145,156,14,8,6,10,4,6,9,6,3,89,42,47
COOKE COUNTY,097,44 Years,429,198,231,310,149,161,9,6,3,6,3,3,5,1,4,99,39,60
COOKE COUNTY,097,45 Years,409,200,209,302,145,157,8,6,2,3,1,2,4,1,3,92,47,45
COOKE COUNTY,097,46 Years,429,207,222,322,145,177,13,7,6,4,2,2,9,5,4,81,48,33
COOKE COUNTY,097,47 Years,457,208,249,363,158,205,11,6,5,4,2,2,8,6,2,71,36,35
COOKE COUNTY,097,48 Years,459,219,240,371,169,202,13,7,6,1,1,0,4,2,2,70,40,30
COOKE COUNTY,097,49 Years,459,218,241,368,175,193,14,6,8,2,0,2,9,4,5,66,33,33
COOKE COUNTY,097,50 Years,462,244,218,362,191,171,12,8,4,8,2,6,7,5,2,73,38,35
COOKE COUNTY,097,51 Years,492,251,241,395,205,190,12,5,7,4,1,3,8,3,5,73,37,36
COOKE COUNTY,097,52 Years,496,241,255,405,195,210,10,3,7,3,1,2,12,5,7,66,37,29
COOKE COUNTY,097,53 Years,497,246,251,406,197,209,8,2,6,3,1,2,11,7,4,69,39,30
COOKE COUNTY,097,54 Years,526,260,266,437,217,220,8,3,5,3,1,2,14,6,8,64,33,31
COOKE COUNTY,097,55 Years,592,280,312,495,234,261,9,5,4,5,2,3,15,4,11,68,35,33
COOKE COUNTY,097,56 Years,548,288,260,453,234,219,10,5,5,6,4,2,13,7,6,66,38,28
COOKE COUNTY,097,57 Years,575,292,283,497,242,255,13,9,4,6,5,1,10,7,3,49,29,20
COOKE COUNTY,097,58 Years,585,293,292,491,244,247,16,5,11,7,5,2,10,5,5,61,34,27
COOKE COUNTY,097,59 Years,593,270,323,514,233,281,13,4,9,6,2,4,10,4,6,50,27,23
COOKE COUNTY,097,60 Years,604,289,315,527,253,274,13,5,8,5,1,4,12,3,9,47,27,20
COOKE COUNTY,097,61 Years,546,266,280,477,229,248,14,8,6,5,2,3,11,3,8,39,24,15
COOKE COUNTY,097,62 Years,550,276,274,483,240,243,17,9,8,4,2,2,6,2,4,40,23,17
COOKE COUNTY,097,63 Years,559,282,277,478,240,238,20,10,10,4,2,2,10,3,7,47,27,20
COOKE COUNTY,097,64 Years,562,283,279,504,249,255,12,6,6,4,3,1,8,5,3,34,20,14
COOKE COUNTY,097,65 Years,538,266,272,477,233,244,12,8,4,2,1,1,9,3,6,38,21,17
COOKE COUNTY,097,66 Years,499,249,250,439,215,224,9,5,4,4,3,1,15,8,7,32,18,14
COOKE COUNTY,097,67 Years,462,243,219,413,219,194,10,6,4,3,1,2,9,5,4,27,12,15
COOKE COUNTY,097,68 Years,470,239,231,420,215,205,16,6,10,2,0,2,5,3,2,27,15,12
COOKE COUNTY,097,69 Years,476,223,253,422,200,222,13,3,10,2,1,1,12,6,6,27,13,14
COOKE COUNTY,097,70 Years,431,194,237,388,175,213,7,2,5,5,3,2,6,3,3,25,11,14
COOKE COUNTY,097,71 Years,447,214,233,405,195,210,11,5,6,2,1,1,8,5,3,21,8,13
COOKE COUNTY,097,72 Years,387,188,199,350,168,182,10,5,5,0,0,0,10,6,4,17,9,8
COOKE COUNTY,097,73 Years,368,176,192,338,161,177,8,3,5,2,1,1,8,4,4,12,7,5
COOKE COUNTY,097,74 Years,344,150,194,322,142,180,2,0,2,3,1,2,4,2,2,13,5,8
COOKE COUNTY,097,75 Years,340,166,174,309,148,161,8,5,3,1,1,0,5,2,3,17,10,7
COOKE COUNTY,097,76 Years,291,137,154,263,125,138,7,3,4,2,1,1,5,1,4,14,7,7
COOKE COUNTY,097,77 Years,271,122,149,245,110,135,5,2,3,1,0,1,7,3,4,13,7,6
COOKE COUNTY,097,78 Years,269,124,145,250,117,133,6,1,5,2,2,0,5,1,4,6,3,3
COOKE COUNTY,097,79 Years,238,109,129,215,97,118,4,1,3,1,1,0,6,1,5,12,9,3
COOKE COUNTY,097,80 Years,215,97,118,196,87,109,6,2,4,0,0,0,4,2,2,9,6,3
COOKE COUNTY,097,81 Years,206,88,118,186,80,106,5,1,4,0,0,0,7,3,4,8,4,4
COOKE COUNTY,097,82 Years,192,85,107,182,82,100,1,0,1,1,0,1,3,1,2,5,2,3
COOKE COUNTY,097,83 Years,177,76,101,164,71,93,3,0,3,1,1,0,1,1,0,8,3,5
COOKE COUNTY,097,84 Years,171,70,101,159,63,96,2,1,1,0,0,0,3,2,1,7,4,3
COOKE COUNTY,097,85 Years,148,59,89,134,51,83,3,2,1,1,0,1,4,2,2,6,4,2
COOKE COUNTY,097,86 Years,128,52,76,112,43,69,5,4,1,0,0,0,4,2,2,7,3,4
COOKE COUNTY,097,87 Years,114,40,74,103,37,66,3,1,2,0,0,0,4,1,3,4,1,3
COOKE COUNTY,097,88 Years,96,35,61,87,33,54,3,1,2,0,0,0,2,0,2,4,1,3
COOKE COUNTY,097,89 Years,82,26,56,73,24,49,2,1,1,2,1,1,2,0,2,3,0,3
COOKE COUNTY,097,90 Years,73,20,53,66,18,48,2,1,1,0,0,0,2,0,2,3,1,2
COOKE COUNTY,097,91 Years,62,20,42,57,18,39,0,0,0,1,0,1,0,0,0,4,2,2
COOKE COUNTY,097,92 Years,53,16,37,49,15,34,1,1,0,0,0,0,1,0,1,2,0,2
COOKE COUNTY,097,93 Years,43,11,32,36,9,27,3,1,2,0,0,0,1,0,1,3,1,2
COOKE COUNTY,097,94 Years,41,11,30,33,8,25,3,1,2,0,0,0,1,0,1,4,2,2
COOKE COUNTY,097,95 Years +,75,17,58,61,13,48,4,1,3,3,0,3,1,0,1,6,3,3
CORYELL COUNTY,099,All Ages,73992,36906,37086,41944,20865,21079,11622,5729,5893,1307,477,830,5098,2601,2497,14021,7234,6787
CORYELL COUNTY,099,< 1 Year,1017,503,514,490,244,246,134,66,68,4,2,2,90,49,41,299,142,157
CORYELL COUNTY,099,1 Years,984,489,495,486,241,245,122,60,62,5,3,2,93,47,46,278,138,140
CORYELL COUNTY,099,2 Years,1033,508,525,524,258,266,129,60,69,5,2,3,112,55,57,263,133,130
CORYELL COUNTY,099,3 Years,1052,526,526,559,280,279,126,59,67,5,2,3,124,65,59,238,120,118
CORYELL COUNTY,099,4 Years,1093,558,535,595,306,289,133,68,65,5,2,3,133,69,64,227,113,114
CORYELL COUNTY,099,5 Years,1035,537,498,567,295,272,123,66,57,7,4,3,120,66,54,218,106,112
CORYELL COUNTY,099,6 Years,1006,529,477,563,289,274,113,68,45,5,3,2,123,67,56,202,102,100
CORYELL COUNTY,099,7 Years,988,522,466,539,280,259,111,64,47,5,3,2,136,79,57,197,96,101
CORYELL COUNTY,099,8 Years,1119,539,580,613,303,310,128,56,72,7,3,4,158,80,78,213,97,116
CORYELL COUNTY,099,9 Years,1121,543,578,605,295,310,134,58,76,14,7,7,141,72,69,227,111,116
CORYELL COUNTY,099,10 Years,1080,528,552,588,282,306,121,60,61,12,7,5,138,69,69,221,110,111
CORYELL COUNTY,099,11 Years,1105,568,537,615,326,289,114,54,60,19,11,8,150,81,69,207,96,111
CORYELL COUNTY,099,12 Years,1165,606,559,648,345,303,130,63,67,20,14,6,142,71,71,225,113,112
CORYELL COUNTY,099,13 Years,1037,542,495,565,303,262,115,57,58,18,9,9,121,66,55,218,107,111
CORYELL COUNTY,099,14 Years,980,503,477,537,279,258,108,51,57,14,4,10,116,61,55,205,108,97
CORYELL COUNTY,099,15 Years,1055,526,529,575,286,289,131,64,67,12,3,9,133,65,68,204,108,96
CORYELL COUNTY,099,16 Years,1020,525,495,569,299,270,118,53,65,10,2,8,114,62,52,209,109,100
CORYELL COUNTY,099,17 Years,1128,616,512,599,334,265,137,74,63,14,11,3,125,62,63,253,135,118
CORYELL COUNTY,099,18 Years,1128,596,532,589,317,272,153,80,73,14,7,7,116,59,57,256,133,123
CORYELL COUNTY,099,19 Years,1064,577,487,533,300,233,145,73,72,12,7,5,107,55,52,267,142,125
CORYELL COUNTY,099,20 Years,1351,792,559,675,423,252,232,137,95,21,13,8,118,58,60,305,161,144
CORYELL COUNTY,099,21 Years,1400,856,544,695,457,238,253,153,100,20,12,8,103,50,53,329,184,145
CORYELL COUNTY,099,22 Years,1455,833,622,737,452,285,256,140,116,18,13,5,95,42,53,349,186,163
CORYELL COUNTY,099,23 Years,1519,871,648,743,449,294,303,157,146,16,10,6,107,54,53,350,201,149
CORYELL COUNTY,099,24 Years,1504,853,651,740,431,309,314,173,141,20,13,7,99,47,52,331,189,142
CORYELL COUNTY,099,25 Years,1315,676,639,601,306,295,316,171,145,13,10,3,106,46,60,279,143,136
CORYELL COUNTY,099,26 Years,1308,658,650,613,295,318,316,177,139,17,11,6,94,38,56,268,137,131
CORYELL COUNTY,099,27 Years,1363,710,653,619,310,309,323,171,152,20,11,9,85,41,44,316,177,139
CORYELL COUNTY,099,28 Years,1227,589,638,641,317,324,214,75,139,20,10,10,77,34,43,275,153,122
CORYELL COUNTY,099,29 Years,1343,667,676,735,376,359,212,80,132,17,9,8,92,44,48,287,158,129
CORYELL COUNTY,099,30 Years,1444,729,715,714,351,363,284,149,135,19,11,8,122,59,63,305,159,146
CORYELL COUNTY,099,31 Years,1344,659,685,655,308,347,281,139,142,21,9,12,102,55,47,285,148,137
CORYELL COUNTY,099,32 Years,1351,639,712,691,313,378,262,135,127,20,8,12,103,50,53,275,133,142
CORYELL COUNTY,099,33 Years,1387,744,643,744,393,351,240,126,114,25,13,12,88,44,44,290,168,122
CORYELL COUNTY,099,34 Years,1334,682,652,719,359,360,248,128,120,28,14,14,70,33,37,269,148,121
CORYELL COUNTY,099,35 Years,1346,694,652,727,370,357,234,123,111,22,7,15,75,48,27,288,146,142
CORYELL COUNTY,099,36 Years,1251,636,615,669,334,335,219,106,113,32,10,22,73,46,27,258,140,118
CORYELL COUNTY,099,37 Years,1227,602,625,666,329,337,231,105,126,26,8,18,66,34,32,238,126,112
CORYELL COUNTY,099,38 Years,1259,629,630,688,344,344,220,110,110,30,14,16,69,40,29,252,121,131
CORYELL COUNTY,099,39 Years,1179,586,593,646,315,331,213,104,109,24,9,15,62,35,27,234,123,111
CORYELL COUNTY,099,40 Years,1182,567,615,640,296,344,221,112,109,20,6,14,66,28,38,235,125,110
CORYELL COUNTY,099,41 Years,1066,523,543,593,277,316,206,104,102,15,8,7,50,26,24,202,108,94
CORYELL COUNTY,099,42 Years,1024,485,539,548,246,302,204,97,107,20,7,13,46,24,22,206,111,95
CORYELL COUNTY,099,43 Years,975,469,506,553,261,292,179,84,95,19,4,15,41,20,21,183,100,83
CORYELL COUNTY,099,44 Years,936,442,494,540,244,296,171,79,92,18,6,12,35,15,20,172,98,74
CORYELL COUNTY,099,45 Years,965,469,496,546,261,285,192,90,102,19,6,13,39,16,23,169,96,73
CORYELL COUNTY,099,46 Years,952,447,505,563,254,309,186,90,96,18,6,12,32,14,18,153,83,70
CORYELL COUNTY,099,47 Years,944,438,506,580,264,316,167,73,94,22,10,12,29,14,15,146,77,69
CORYELL COUNTY,099,48 Years,888,396,492,560,247,313,153,69,84,19,6,13,28,13,15,128,61,67
CORYELL COUNTY,099,49 Years,805,360,445,513,228,285,143,64,79,16,6,10,27,14,13,106,48,58
CORYELL COUNTY,099,50 Years,752,354,398,478,221,257,141,65,76,11,6,5,22,13,9,100,49,51
CORYELL COUNTY,099,51 Years,721,347,374,447,218,229,138,63,75,16,7,9,18,10,8,102,49,53
CORYELL COUNTY,099,52 Years,705,325,380,444,206,238,129,56,73,12,3,9,20,10,10,100,50,50
CORYELL COUNTY,099,53 Years,759,367,392,481,232,249,132,62,70,18,6,12,22,15,7,106,52,54
CORYELL COUNTY,099,54 Years,737,349,388,471,220,251,118,54,64,13,3,10,21,12,9,114,60,54
CORYELL COUNTY,099,55 Years,656,308,348,429,201,228,102,45,57,9,3,6,15,9,6,101,50,51
CORYELL COUNTY,099,56 Years,662,315,347,430,206,224,101,49,52,8,3,5,13,7,6,110,50,60
CORYELL COUNTY,099,57 Years,614,288,326,398,192,206,90,40,50,13,1,12,17,11,6,96,44,52
CORYELL COUNTY,099,58 Years,632,294,338,411,194,217,90,45,45,23,4,19,15,8,7,93,43,50
CORYELL COUNTY,099,59 Years,603,268,335,392,176,216,86,44,42,23,4,19,17,10,7,85,34,51
CORYELL COUNTY,099,60 Years,564,252,312,384,176,208,79,36,43,17,5,12,16,8,8,68,27,41
CORYELL COUNTY,099,61 Years,567,255,312,391,165,226,77,39,38,15,6,9,15,11,4,69,34,35
CORYELL COUNTY,099,62 Years,519,241,278,363,163,200,68,36,32,15,2,13,16,11,5,57,29,28
CORYELL COUNTY,099,63 Years,530,249,281,361,169,192,73,35,38,16,2,14,17,10,7,63,33,30
CORYELL COUNTY,099,64 Years,508,237,271,336,158,178,65,34,31,26,5,21,15,5,10,66,35,31
CORYELL COUNTY,099,65 Years,454,208,246,330,159,171,52,21,31,24,3,21,11,4,7,37,21,16
CORYELL COUNTY,099,66 Years,444,219,225,319,162,157,53,23,30,15,1,14,11,5,6,46,28,18
CORYELL COUNTY,099,67 Years,419,203,216,296,150,146,47,20,27,16,4,12,14,9,5,46,20,26
CORYELL COUNTY,099,68 Years,385,176,209,285,137,148,43,20,23,15,2,13,9,5,4,33,12,21
CORYELL COUNTY,099,69 Years,376,170,206,295,138,157,32,14,18,12,2,10,9,4,5,28,12,16
CORYELL COUNTY,099,70 Years,390,173,217,304,136,168,28,13,15,12,1,11,9,4,5,37,19,18
CORYELL COUNTY,099,71 Years,407,188,219,321,153,168,30,14,16,13,2,11,9,4,5,34,15,19
CORYELL COUNTY,099,72 Years,304,133,171,240,108,132,19,10,9,8,2,6,6,3,3,31,10,21
CORYELL COUNTY,099,73 Years,308,131,177,231,104,127,32,14,18,12,1,11,5,2,3,28,10,18
CORYELL COUNTY,099,74 Years,308,137,171,239,112,127,32,11,21,11,2,9,6,2,4,20,10,10
CORYELL COUNTY,099,75 Years,299,137,162,229,109,120,29,10,19,9,0,9,6,4,2,26,14,12
CORYELL COUNTY,099,76 Years,281,128,153,217,104,113,27,9,18,8,1,7,6,2,4,23,12,11
CORYELL COUNTY,099,77 Years,251,110,141,201,93,108,19,8,11,5,0,5,6,2,4,20,7,13
CORYELL COUNTY,099,78 Years,224,96,128,169,78,91,25,11,14,7,0,7,7,2,5,16,5,11
CORYELL COUNTY,099,79 Years,221,88,133,156,65,91,26,9,17,8,1,7,7,3,4,24,10,14
CORYELL COUNTY,099,80 Years,219,94,125,167,78,89,23,5,18,9,1,8,4,3,1,16,7,9
CORYELL COUNTY,099,81 Years,207,90,117,164,72,92,15,6,9,7,2,5,5,3,2,16,7,9
CORYELL COUNTY,099,82 Years,166,69,97,130,52,78,10,5,5,6,1,5,5,3,2,15,8,7
CORYELL COUNTY,099,83 Years,140,55,85,113,46,67,8,3,5,5,0,5,2,0,2,12,6,6
CORYELL COUNTY,099,84 Years,120,51,69,97,45,52,7,2,5,7,1,6,2,0,2,7,3,4
CORYELL COUNTY,099,85 Years,110,49,61,84,40,44,7,3,4,9,1,8,3,1,2,7,4,3
CORYELL COUNTY,099,86 Years,103,42,61,78,32,46,9,5,4,6,1,5,1,0,1,9,4,5
CORYELL COUNTY,099,87 Years,96,36,60,72,26,46,8,4,4,6,0,6,1,1,0,9,5,4
CORYELL COUNTY,099,88 Years,83,35,48,63,26,37,7,4,3,4,0,4,1,1,0,8,4,4
CORYELL COUNTY,099,89 Years,61,20,41,46,14,32,4,2,2,3,1,2,1,0,1,7,3,4
CORYELL COUNTY,099,90 Years,53,17,36,41,13,28,3,1,2,3,1,2,1,1,0,5,1,4
CORYELL COUNTY,099,91 Years,44,16,28,33,13,20,3,1,2,3,0,3,0,0,0,5,2,3
CORYELL COUNTY,099,92 Years,35,12,23,27,10,17,4,1,3,1,0,1,0,0,0,3,1,2
CORYELL COUNTY,099,93 Years,29,11,18,21,8,13,4,1,3,2,0,2,0,0,0,2,2,0
CORYELL COUNTY,099,94 Years,22,7,15,14,5,9,2,0,2,2,0,2,0,0,0,4,2,2
CORYELL COUNTY,099,95 Years +,50,14,36,33,8,25,7,1,6,2,0,2,1,1,0,7,4,3
COTTLE COUNTY,101,All Ages,1375,666,709,883,429,454,134,60,74,0,0,0,15,10,5,343,167,176
COTTLE COUNTY,101,< 1 Year,15,3,12,6,2,4,2,0,2,0,0,0,0,0,0,7,1,6
COTTLE COUNTY,101,1 Years,16,6,10,5,2,3,3,1,2,0,0,0,0,0,0,8,3,5
COTTLE COUNTY,101,2 Years,13,6,7,5,2,3,2,1,1,0,0,0,0,0,0,6,3,3
COTTLE COUNTY,101,3 Years,13,7,6,6,3,3,2,1,1,0,0,0,0,0,0,5,3,2
COTTLE COUNTY,101,4 Years,16,9,7,8,5,3,3,2,1,0,0,0,0,0,0,5,2,3
COTTLE COUNTY,101,5 Years,15,9,6,6,4,2,3,2,1,0,0,0,0,0,0,6,3,3
COTTLE COUNTY,101,6 Years,14,8,6,6,4,2,2,1,1,0,0,0,0,0,0,6,3,3
COTTLE COUNTY,101,7 Years,17,9,8,8,5,3,1,0,1,0,0,0,0,0,0,8,4,4
COTTLE COUNTY,101,8 Years,16,7,9,8,2,6,0,0,0,0,0,0,1,0,1,7,5,2
COTTLE COUNTY,101,9 Years,17,9,8,9,6,3,0,0,0,0,0,0,1,0,1,7,3,4
COTTLE COUNTY,101,10 Years,11,7,4,5,4,1,0,0,0,0,0,0,1,1,0,5,2,3
COTTLE COUNTY,101,11 Years,13,8,5,5,4,1,1,1,0,0,0,0,0,0,0,7,3,4
COTTLE COUNTY,101,12 Years,16,6,10,7,3,4,3,0,3,0,0,0,0,0,0,6,3,3
COTTLE COUNTY,101,13 Years,12,7,5,8,5,3,0,0,0,0,0,0,0,0,0,4,2,2
COTTLE COUNTY,101,14 Years,18,8,10,12,5,7,1,1,0,0,0,0,0,0,0,5,2,3
COTTLE COUNTY,101,15 Years,24,12,12,16,8,8,1,1,0,0,0,0,0,0,0,7,3,4
COTTLE COUNTY,101,16 Years,21,14,7,14,9,5,2,2,0,0,0,0,1,1,0,4,2,2
COTTLE COUNTY,101,17 Years,23,12,11,16,8,8,1,0,1,0,0,0,0,0,0,6,4,2
COTTLE COUNTY,101,18 Years,18,10,8,11,6,5,0,0,0,0,0,0,0,0,0,7,4,3
COTTLE COUNTY,101,19 Years,16,7,9,8,4,4,2,0,2,0,0,0,0,0,0,6,3,3
COTTLE COUNTY,101,20 Years,13,6,7,6,2,4,1,1,0,0,0,0,0,0,0,6,3,3
COTTLE COUNTY,101,21 Years,15,9,6,9,4,5,1,1,0,0,0,0,0,0,0,5,4,1
COTTLE COUNTY,101,22 Years,14,8,6,6,3,3,1,0,1,0,0,0,1,1,0,6,4,2
COTTLE COUNTY,101,23 Years,16,7,9,4,2,2,4,1,3,0,0,0,1,1,0,7,3,4
COTTLE COUNTY,101,24 Years,16,8,8,6,3,3,6,2,4,0,0,0,1,1,0,3,2,1
COTTLE COUNTY,101,25 Years,20,11,9,8,4,4,7,5,2,0,0,0,0,0,0,5,2,3
COTTLE COUNTY,101,26 Years,19,10,9,7,5,2,5,4,1,0,0,0,1,1,0,6,0,6
COTTLE COUNTY,101,27 Years,13,7,6,7,4,3,2,1,1,0,0,0,1,0,1,3,2,1
COTTLE COUNTY,101,28 Years,11,5,6,7,3,4,1,0,1,0,0,0,0,0,0,3,2,1
COTTLE COUNTY,101,29 Years,9,4,5,4,1,3,2,1,1,0,0,0,0,0,0,3,2,1
COTTLE COUNTY,101,30 Years,7,3,4,4,2,2,1,0,1,0,0,0,0,0,0,2,1,1
COTTLE COUNTY,101,31 Years,10,5,5,5,2,3,1,1,0,0,0,0,0,0,0,4,2,2
COTTLE COUNTY,101,32 Years,13,4,9,8,4,4,2,0,2,0,0,0,0,0,0,3,0,3
COTTLE COUNTY,101,33 Years,11,8,3,7,5,2,0,0,0,0,0,0,0,0,0,4,3,1
COTTLE COUNTY,101,34 Years,9,6,3,6,4,2,1,0,1,0,0,0,0,0,0,2,2,0
COTTLE COUNTY,101,35 Years,15,6,9,8,4,4,2,1,1,0,0,0,1,0,1,4,1,3
COTTLE COUNTY,101,36 Years,13,7,6,10,6,4,0,0,0,0,0,0,0,0,0,3,1,2
COTTLE COUNTY,101,37 Years,10,4,6,6,3,3,0,0,0,0,0,0,0,0,0,4,1,3
COTTLE COUNTY,101,38 Years,16,6,10,10,5,5,0,0,0,0,0,0,0,0,0,6,1,5
COTTLE COUNTY,101,39 Years,12,5,7,7,3,4,0,0,0,0,0,0,0,0,0,5,2,3
COTTLE COUNTY,101,40 Years,12,6,6,7,4,3,0,0,0,0,0,0,0,0,0,5,2,3
COTTLE COUNTY,101,41 Years,10,2,8,5,1,4,1,0,1,0,0,0,0,0,0,4,1,3
COTTLE COUNTY,101,42 Years,10,4,6,6,2,4,1,1,0,0,0,0,0,0,0,3,1,2
COTTLE COUNTY,101,43 Years,14,4,10,9,2,7,1,1,0,0,0,0,0,0,0,4,1,3
COTTLE COUNTY,101,44 Years,16,5,11,8,2,6,4,1,3,0,0,0,0,0,0,4,2,2
COTTLE COUNTY,101,45 Years,9,6,3,4,2,2,3,2,1,0,0,0,0,0,0,2,2,0
COTTLE COUNTY,101,46 Years,9,4,5,6,3,3,2,1,1,0,0,0,0,0,0,1,0,1
COTTLE COUNTY,101,47 Years,8,4,4,5,3,2,2,0,2,0,0,0,0,0,0,1,1,0
COTTLE COUNTY,101,48 Years,13,6,7,8,4,4,2,1,1,0,0,0,0,0,0,3,1,2
COTTLE COUNTY,101,49 Years,11,5,6,8,3,5,1,1,0,0,0,0,0,0,0,2,1,1
COTTLE COUNTY,101,50 Years,17,8,9,13,5,8,2,2,0,0,0,0,0,0,0,2,1,1
COTTLE COUNTY,101,51 Years,13,6,7,9,5,4,2,0,2,0,0,0,0,0,0,2,1,1
COTTLE COUNTY,101,52 Years,12,5,7,8,4,4,1,0,1,0,0,0,0,0,0,3,1,2
COTTLE COUNTY,101,53 Years,16,6,10,9,5,4,3,0,3,0,0,0,0,0,0,4,1,3
COTTLE COUNTY,101,54 Years,20,9,11,15,8,7,2,0,2,0,0,0,0,0,0,3,1,2
COTTLE COUNTY,101,55 Years,25,12,13,16,7,9,2,1,1,0,0,0,1,1,0,6,3,3
COTTLE COUNTY,101,56 Years,20,11,9,14,7,7,3,2,1,0,0,0,0,0,0,3,2,1
COTTLE COUNTY,101,57 Years,24,12,12,15,7,8,2,1,1,0,0,0,0,0,0,7,4,3
COTTLE COUNTY,101,58 Years,21,11,10,15,7,8,1,1,0,0,0,0,0,0,0,5,3,2
COTTLE COUNTY,101,59 Years,18,12,6,13,8,5,0,0,0,0,0,0,0,0,0,5,4,1
COTTLE COUNTY,101,60 Years,19,10,9,12,6,6,1,0,1,0,0,0,0,0,0,6,4,2
COTTLE COUNTY,101,61 Years,19,9,10,14,6,8,2,1,1,0,0,0,0,0,0,3,2,1
COTTLE COUNTY,101,62 Years,14,9,5,9,5,4,1,1,0,0,0,0,1,0,1,3,3,0
COTTLE COUNTY,101,63 Years,19,9,10,10,4,6,2,1,1,0,0,0,0,0,0,7,4,3
COTTLE COUNTY,101,64 Years,19,7,12,13,6,7,2,0,2,0,0,0,0,0,0,4,1,3
COTTLE COUNTY,101,65 Years,16,5,11,14,5,9,1,0,1,0,0,0,0,0,0,1,0,1
COTTLE COUNTY,101,66 Years,19,9,10,13,5,8,3,2,1,0,0,0,0,0,0,3,2,1
COTTLE COUNTY,101,67 Years,26,14,12,21,11,10,2,1,1,0,0,0,0,0,0,3,2,1
COTTLE COUNTY,101,68 Years,21,12,9,17,10,7,1,1,0,0,0,0,0,0,0,3,1,2
COTTLE COUNTY,101,69 Years,16,7,9,12,5,7,1,1,0,0,0,0,0,0,0,3,1,2
COTTLE COUNTY,101,70 Years,18,8,10,15,6,9,0,0,0,0,0,0,0,0,0,3,2,1
COTTLE COUNTY,101,71 Years,18,8,10,16,6,10,0,0,0,0,0,0,0,0,0,2,2,0
COTTLE COUNTY,101,72 Years,16,8,8,14,7,7,1,1,0,0,0,0,0,0,0,1,0,1
COTTLE COUNTY,101,73 Years,17,12,5,11,8,3,2,1,1,0,0,0,1,1,0,3,2,1
COTTLE COUNTY,101,74 Years,20,10,10,15,7,8,1,0,1,0,0,0,1,1,0,3,2,1
COTTLE COUNTY,101,75 Years,15,7,8,13,6,7,1,0,1,0,0,0,0,0,0,1,1,0
COTTLE COUNTY,101,76 Years,13,6,7,12,6,6,1,0,1,0,0,0,0,0,0,0,0,0
COTTLE COUNTY,101,77 Years,16,7,9,14,6,8,0,0,0,0,0,0,0,0,0,2,1,1
COTTLE COUNTY,101,78 Years,14,6,8,10,4,6,2,1,1,0,0,0,1,1,0,1,0,1
COTTLE COUNTY,101,79 Years,16,9,7,13,8,5,3,1,2,0,0,0,0,0,0,0,0,0
COTTLE COUNTY,101,80 Years,12,6,6,11,6,5,1,0,1,0,0,0,0,0,0,0,0,0
COTTLE COUNTY,101,81 Years,11,5,6,9,4,5,0,0,0,0,0,0,0,0,0,2,1,1
COTTLE COUNTY,101,82 Years,11,6,5,10,5,5,0,0,0,0,0,0,0,0,0,1,1,0
COTTLE COUNTY,101,83 Years,10,6,4,9,5,4,0,0,0,0,0,0,0,0,0,1,1,0
COTTLE COUNTY,101,84 Years,12,6,6,11,5,6,0,0,0,0,0,0,0,0,0,1,1,0
COTTLE COUNTY,101,85 Years,14,5,9,12,5,7,0,0,0,0,0,0,0,0,0,2,0,2
COTTLE COUNTY,101,86 Years,13,6,7,10,4,6,0,0,0,0,0,0,0,0,0,3,2,1
COTTLE COUNTY,101,87 Years,11,5,6,8,3,5,1,1,0,0,0,0,0,0,0,2,1,1
COTTLE COUNTY,101,88 Years,7,2,5,6,2,4,1,0,1,0,0,0,0,0,0,0,0,0
COTTLE COUNTY,101,89 Years,6,2,4,5,2,3,1,0,1,0,0,0,0,0,0,0,0,0
COTTLE COUNTY,101,90 Years,6,2,4,5,2,3,0,0,0,0,0,0,0,0,0,1,0,1
COTTLE COUNTY,101,91 Years,6,2,4,4,1,3,0,0,0,0,0,0,0,0,0,2,1,1
COTTLE COUNTY,101,92 Years,5,2,3,4,2,2,1,0,1,0,0,0,0,0,0,0,0,0
COTTLE COUNTY,101,93 Years,3,2,1,3,2,1,0,0,0,0,0,0,0,0,0,0,0,0
COTTLE COUNTY,101,94 Years,3,2,1,3,2,1,0,0,0,0,0,0,0,0,0,0,0,0
COTTLE COUNTY,101,95 Years +,10,4,6,8,3,5,1,1,0,0,0,0,0,0,0,1,0,1
CRANE COUNTY,103,All Ages,4711,2391,2320,1455,699,756,113,48,65,12,3,9,59,31,28,3072,1610,1462
CRANE COUNTY,103,< 1 Year,59,24,35,9,6,3,5,1,4,0,0,0,0,0,0,45,17,28
CRANE COUNTY,103,1 Years,62,30,32,10,6,4,2,0,2,0,0,0,0,0,0,50,24,26
CRANE COUNTY,103,2 Years,72,41,31,9,6,3,3,2,1,0,0,0,0,0,0,60,33,27
CRANE COUNTY,103,3 Years,79,46,33,12,7,5,3,2,1,0,0,0,0,0,0,64,37,27
CRANE COUNTY,103,4 Years,83,47,36,13,7,6,3,2,1,0,0,0,0,0,0,67,38,29
CRANE COUNTY,103,5 Years,87,43,44,16,8,8,0,0,0,0,0,0,0,0,0,71,35,36
CRANE COUNTY,103,6 Years,83,41,42,15,7,8,0,0,0,0,0,0,0,0,0,68,34,34
CRANE COUNTY,103,7 Years,79,34,45,12,5,7,4,2,2,0,0,0,0,0,0,63,27,36
CRANE COUNTY,103,8 Years,90,37,53,14,5,9,4,0,4,0,0,0,0,0,0,72,32,40
CRANE COUNTY,103,9 Years,74,38,36,12,5,7,2,1,1,0,0,0,2,2,0,58,30,28
CRANE COUNTY,103,10 Years,70,38,32,14,5,9,0,0,0,0,0,0,1,1,0,55,32,23
CRANE COUNTY,103,11 Years,62,32,30,8,5,3,3,2,1,0,0,0,2,2,0,49,23,26
CRANE COUNTY,103,12 Years,65,32,33,11,5,6,2,1,1,0,0,0,1,1,0,51,25,26
CRANE COUNTY,103,13 Years,76,44,32,17,9,8,0,0,0,0,0,0,0,0,0,59,35,24
CRANE COUNTY,103,14 Years,80,37,43,18,10,8,2,0,2,0,0,0,0,0,0,60,27,33
CRANE COUNTY,103,15 Years,68,35,33,18,12,6,1,0,1,0,0,0,0,0,0,49,23,26
CRANE COUNTY,103,16 Years,62,36,26,19,10,9,3,1,2,0,0,0,2,0,2,38,25,13
CRANE COUNTY,103,17 Years,72,38,34,17,8,9,2,1,1,1,1,0,1,0,1,51,28,23
CRANE COUNTY,103,18 Years,87,47,40,23,9,14,1,1,0,0,0,0,1,1,0,62,36,26
CRANE COUNTY,103,19 Years,71,39,32,17,9,8,1,1,0,0,0,0,0,0,0,53,29,24
CRANE COUNTY,103,20 Years,68,35,33,13,7,6,0,0,0,0,0,0,1,0,1,54,28,26
CRANE COUNTY,103,21 Years,67,31,36,14,7,7,3,1,2,0,0,0,0,0,0,50,23,27
CRANE COUNTY,103,22 Years,66,32,34,16,9,7,3,0,3,0,0,0,0,0,0,47,23,24
CRANE COUNTY,103,23 Years,69,31,38,16,8,8,1,0,1,0,0,0,1,0,1,51,23,28
CRANE COUNTY,103,24 Years,82,40,42,22,10,12,2,0,2,0,0,0,2,1,1,56,29,27
CRANE COUNTY,103,25 Years,76,38,38,19,7,12,2,0,2,0,0,0,2,2,0,53,29,24
CRANE COUNTY,103,26 Years,80,43,37,16,9,7,1,1,0,1,0,1,3,2,1,59,31,28
CRANE COUNTY,103,27 Years,66,35,31,11,5,6,1,1,0,0,0,0,4,3,1,50,26,24
CRANE COUNTY,103,28 Years,47,28,19,9,4,5,1,1,0,0,0,0,1,1,0,36,22,14
CRANE COUNTY,103,29 Years,56,28,28,16,6,10,0,0,0,0,0,0,1,1,0,39,21,18
CRANE COUNTY,103,30 Years,57,29,28,13,7,6,0,0,0,0,0,0,1,1,0,43,21,22
CRANE COUNTY,103,31 Years,45,27,18,10,5,5,3,2,1,0,0,0,1,0,1,31,20,11
CRANE COUNTY,103,32 Years,57,31,26,15,8,7,2,1,1,0,0,0,0,0,0,40,22,18
CRANE COUNTY,103,33 Years,59,28,31,16,6,10,2,2,0,0,0,0,2,2,0,39,18,21
CRANE COUNTY,103,34 Years,57,26,31,10,4,6,1,1,0,0,0,0,1,0,1,45,21,24
CRANE COUNTY,103,35 Years,57,24,33,13,6,7,0,0,0,0,0,0,2,0,2,42,18,24
CRANE COUNTY,103,36 Years,47,22,25,14,5,9,2,1,1,0,0,0,1,0,1,30,16,14
CRANE COUNTY,103,37 Years,58,29,29,18,7,11,1,1,0,0,0,0,1,1,0,38,20,18
CRANE COUNTY,103,38 Years,40,20,20,14,8,6,1,0,1,0,0,0,1,1,0,24,11,13
CRANE COUNTY,103,39 Years,39,25,14,14,10,4,1,1,0,0,0,0,0,0,0,24,14,10
CRANE COUNTY,103,40 Years,51,31,20,17,9,8,2,1,1,0,0,0,0,0,0,32,21,11
CRANE COUNTY,103,41 Years,45,28,17,11,5,6,2,1,1,0,0,0,0,0,0,32,22,10
CRANE COUNTY,103,42 Years,53,30,23,11,7,4,1,1,0,0,0,0,0,0,0,41,22,19
CRANE COUNTY,103,43 Years,54,28,26,11,6,5,0,0,0,0,0,0,1,0,1,42,22,20
CRANE COUNTY,103,44 Years,42,29,13,7,5,2,1,1,0,0,0,0,0,0,0,34,23,11
CRANE COUNTY,103,45 Years,43,24,19,12,4,8,1,1,0,0,0,0,0,0,0,30,19,11
CRANE COUNTY,103,46 Years,57,29,28,13,6,7,0,0,0,0,0,0,0,0,0,44,23,21
CRANE COUNTY,103,47 Years,64,24,40,19,6,13,0,0,0,0,0,0,0,0,0,45,18,27
CRANE COUNTY,103,48 Years,45,19,26,19,9,10,1,0,1,0,0,0,1,1,0,24,9,15
CRANE COUNTY,103,49 Years,53,33,20,17,9,8,1,0,1,0,0,0,2,0,2,33,24,9
CRANE COUNTY,103,50 Years,55,32,23,20,9,11,1,0,1,0,0,0,0,0,0,34,23,11
CRANE COUNTY,103,51 Years,66,32,34,26,11,15,0,0,0,0,0,0,0,0,0,40,21,19
CRANE COUNTY,103,52 Years,67,29,38,23,11,12,0,0,0,0,0,0,0,0,0,44,18,26
CRANE COUNTY,103,53 Years,59,32,27,24,11,13,2,1,1,0,0,0,0,0,0,33,20,13
CRANE COUNTY,103,54 Years,69,32,37,25,9,16,2,1,1,0,0,0,1,0,1,41,22,19
CRANE COUNTY,103,55 Years,75,35,40,34,17,17,1,0,1,0,0,0,1,0,1,39,18,21
CRANE COUNTY,103,56 Years,67,38,29,33,17,16,1,1,0,1,0,1,0,0,0,32,20,12
CRANE COUNTY,103,57 Years,62,33,29,25,11,14,1,0,1,1,1,0,2,0,2,33,21,12
CRANE COUNTY,103,58 Years,63,37,26,27,14,13,1,1,0,0,0,0,2,0,2,33,22,11
CRANE COUNTY,103,59 Years,67,31,36,27,11,16,0,0,0,0,0,0,2,1,1,38,19,19
CRANE COUNTY,103,60 Years,51,27,24,29,15,14,1,0,1,0,0,0,1,1,0,20,11,9
CRANE COUNTY,103,61 Years,53,22,31,23,13,10,1,0,1,2,0,2,1,1,0,26,8,18
CRANE COUNTY,103,62 Years,54,31,23,24,14,10,2,1,1,1,0,1,0,0,0,27,16,11
CRANE COUNTY,103,63 Years,56,30,26,22,9,13,3,1,2,1,1,0,1,0,1,29,19,10
CRANE COUNTY,103,64 Years,44,21,23,24,11,13,1,0,1,0,0,0,0,0,0,19,10,9
CRANE COUNTY,103,65 Years,40,23,17,22,12,10,2,1,1,0,0,0,1,1,0,15,9,6
CRANE COUNTY,103,66 Years,45,24,21,26,13,13,1,0,1,0,0,0,1,1,0,17,10,7
CRANE COUNTY,103,67 Years,35,19,16,22,12,10,1,0,1,0,0,0,0,0,0,12,7,5
CRANE COUNTY,103,68 Years,39,18,21,19,9,10,2,1,1,0,0,0,1,0,1,17,8,9
CRANE COUNTY,103,69 Years,35,20,15,15,10,5,1,1,0,0,0,0,2,1,1,17,8,9
CRANE COUNTY,103,70 Years,31,15,16,21,11,10,2,0,2,0,0,0,2,1,1,6,3,3
CRANE COUNTY,103,71 Years,31,15,16,21,10,11,0,0,0,1,0,1,1,1,0,8,4,4
CRANE COUNTY,103,72 Years,31,13,18,18,8,10,0,0,0,0,0,0,1,0,1,12,5,7
CRANE COUNTY,103,73 Years,25,10,15,13,6,7,1,0,1,0,0,0,0,0,0,11,4,7
CRANE COUNTY,103,74 Years,25,11,14,12,5,7,1,1,0,0,0,0,0,0,0,12,5,7
CRANE COUNTY,103,75 Years,26,14,12,17,8,9,1,1,0,0,0,0,0,0,0,8,5,3
CRANE COUNTY,103,76 Years,20,9,11,14,6,8,0,0,0,0,0,0,0,0,0,6,3,3
CRANE COUNTY,103,77 Years,25,12,13,14,7,7,1,0,1,0,0,0,0,0,0,10,5,5
CRANE COUNTY,103,78 Years,23,11,12,14,6,8,1,0,1,0,0,0,0,0,0,8,5,3
CRANE COUNTY,103,79 Years,21,10,11,14,6,8,0,0,0,0,0,0,0,0,0,7,4,3
CRANE COUNTY,103,80 Years,18,7,11,13,4,9,0,0,0,0,0,0,0,0,0,5,3,2
CRANE COUNTY,103,81 Years,17,9,8,9,5,4,1,1,0,0,0,0,0,0,0,7,3,4
CRANE COUNTY,103,82 Years,17,9,8,9,4,5,1,1,0,0,0,0,0,0,0,7,4,3
CRANE COUNTY,103,83 Years,16,6,10,10,4,6,0,0,0,1,0,1,0,0,0,5,2,3
CRANE COUNTY,103,84 Years,13,6,7,7,4,3,0,0,0,0,0,0,0,0,0,6,2,4
CRANE COUNTY,103,85 Years,12,5,7,7,3,4,0,0,0,0,0,0,0,0,0,5,2,3
CRANE COUNTY,103,86 Years,11,4,7,6,2,4,0,0,0,0,0,0,0,0,0,5,2,3
CRANE COUNTY,103,87 Years,11,4,7,6,2,4,0,0,0,0,0,0,0,0,0,5,2,3
CRANE COUNTY,103,88 Years,9,4,5,5,2,3,0,0,0,0,0,0,0,0,0,4,2,2
CRANE COUNTY,103,89 Years,6,2,4,4,1,3,0,0,0,1,0,1,0,0,0,1,1,0
CRANE COUNTY,103,90 Years,6,2,4,4,1,3,0,0,0,0,0,0,0,0,0,2,1,1
CRANE COUNTY,103,91 Years,9,4,5,3,2,1,1,0,1,0,0,0,0,0,0,5,2,3
CRANE COUNTY,103,92 Years,7,1,6,4,1,3,1,0,1,0,0,0,0,0,0,2,0,2
CRANE COUNTY,103,93 Years,3,1,2,2,1,1,0,0,0,0,0,0,0,0,0,1,0,1
CRANE COUNTY,103,94 Years,4,1,3,2,1,1,0,0,0,1,0,1,0,0,0,1,0,1
CRANE COUNTY,103,95 Years +,11,4,7,6,2,4,1,0,1,0,0,0,0,0,0,4,2,2
CROCKETT COUNTY,105,All Ages,3456,1698,1758,1201,586,615,13,8,5,10,3,7,27,20,7,2205,1081,1124
CROCKETT COUNTY,105,< 1 Year,34,16,18,12,6,6,0,0,0,0,0,0,0,0,0,22,10,12
CROCKETT COUNTY,105,1 Years,37,19,18,10,4,6,0,0,0,0,0,0,0,0,0,27,15,12
CROCKETT COUNTY,105,2 Years,44,22,22,12,7,5,0,0,0,0,0,0,0,0,0,32,15,17
CROCKETT COUNTY,105,3 Years,54,28,26,13,7,6,0,0,0,0,0,0,0,0,0,41,21,20
CROCKETT COUNTY,105,4 Years,55,27,28,14,7,7,0,0,0,0,0,0,1,1,0,40,19,21
CROCKETT COUNTY,105,5 Years,54,25,29,15,6,9,0,0,0,0,0,0,0,0,0,39,19,20
CROCKETT COUNTY,105,6 Years,54,27,27,16,6,10,0,0,0,0,0,0,0,0,0,38,21,17
CROCKETT COUNTY,105,7 Years,57,29,28,19,7,12,0,0,0,0,0,0,0,0,0,38,22,16
CROCKETT COUNTY,105,8 Years,52,28,24,18,8,10,0,0,0,0,0,0,0,0,0,34,20,14
CROCKETT COUNTY,105,9 Years,46,22,24,12,5,7,0,0,0,0,0,0,1,0,1,33,17,16
CROCKETT COUNTY,105,10 Years,48,20,28,16,7,9,0,0,0,0,0,0,1,0,1,31,13,18
CROCKETT COUNTY,105,11 Years,52,24,28,15,7,8,0,0,0,0,0,0,0,0,0,37,17,20
CROCKETT COUNTY,105,12 Years,46,17,29,10,5,5,0,0,0,0,0,0,0,0,0,36,12,24
CROCKETT COUNTY,105,13 Years,44,20,24,9,5,4,0,0,0,0,0,0,1,1,0,34,14,20
CROCKETT COUNTY,105,14 Years,48,24,24,10,6,4,0,0,0,0,0,0,0,0,0,38,18,20
CROCKETT COUNTY,105,15 Years,48,24,24,6,5,1,0,0,0,0,0,0,1,1,0,41,18,23
CROCKETT COUNTY,105,16 Years,44,23,21,6,3,3,0,0,0,0,0,0,1,1,0,37,19,18
CROCKETT COUNTY,105,17 Years,38,21,17,6,4,2,0,0,0,0,0,0,1,1,0,31,16,15
CROCKETT COUNTY,105,18 Years,35,20,15,6,5,1,0,0,0,0,0,0,0,0,0,29,15,14
CROCKETT COUNTY,105,19 Years,34,17,17,7,2,5,0,0,0,0,0,0,0,0,0,27,15,12
CROCKETT COUNTY,105,20 Years,36,16,20,10,7,3,0,0,0,0,0,0,0,0,0,26,9,17
CROCKETT COUNTY,105,21 Years,34,15,19,8,3,5,0,0,0,0,0,0,0,0,0,26,12,14
CROCKETT COUNTY,105,22 Years,36,16,20,6,3,3,0,0,0,0,0,0,0,0,0,30,13,17
CROCKETT COUNTY,105,23 Years,37,17,20,8,4,4,0,0,0,0,0,0,0,0,0,29,13,16
CROCKETT COUNTY,105,24 Years,50,24,26,9,4,5,0,0,0,0,0,0,0,0,0,41,20,21
CROCKETT COUNTY,105,25 Years,47,25,22,12,5,7,1,1,0,0,0,0,0,0,0,34,19,15
CROCKETT COUNTY,105,26 Years,49,22,27,13,6,7,0,0,0,0,0,0,0,0,0,36,16,20
CROCKETT COUNTY,105,27 Years,37,19,18,12,5,7,0,0,0,0,0,0,0,0,0,25,14,11
CROCKETT COUNTY,105,28 Years,30,14,16,11,6,5,0,0,0,1,0,1,0,0,0,18,8,10
CROCKETT COUNTY,105,29 Years,19,10,9,6,4,2,0,0,0,0,0,0,0,0,0,13,6,7
CROCKETT COUNTY,105,30 Years,30,18,12,10,7,3,0,0,0,0,0,0,0,0,0,20,11,9
CROCKETT COUNTY,105,31 Years,37,18,19,13,9,4,0,0,0,0,0,0,0,0,0,24,9,15
CROCKETT COUNTY,105,32 Years,36,13,23,9,4,5,0,0,0,0,0,0,0,0,0,27,9,18
CROCKETT COUNTY,105,33 Years,32,16,16,9,4,5,0,0,0,0,0,0,0,0,0,23,12,11
CROCKETT COUNTY,105,34 Years,33,15,18,13,5,8,0,0,0,0,0,0,0,0,0,20,10,10
CROCKETT COUNTY,105,35 Years,37,15,22,14,6,8,0,0,0,0,0,0,0,0,0,23,9,14
CROCKETT COUNTY,105,36 Years,47,25,22,16,9,7,0,0,0,0,0,0,0,0,0,31,16,15
CROCKETT COUNTY,105,37 Years,48,28,20,18,9,9,0,0,0,0,0,0,0,0,0,30,19,11
CROCKETT COUNTY,105,38 Years,49,22,27,17,7,10,0,0,0,0,0,0,1,1,0,31,14,17
CROCKETT COUNTY,105,39 Years,35,14,21,13,6,7,0,0,0,0,0,0,0,0,0,22,8,14
CROCKETT COUNTY,105,40 Years,34,16,18,12,7,5,0,0,0,0,0,0,0,0,0,22,9,13
CROCKETT COUNTY,105,41 Years,36,17,19,8,5,3,1,0,1,0,0,0,0,0,0,27,12,15
CROCKETT COUNTY,105,42 Years,40,17,23,10,4,6,1,0,1,0,0,0,0,0,0,29,13,16
CROCKETT COUNTY,105,43 Years,30,14,16,7,3,4,0,0,0,0,0,0,0,0,0,23,11,12
CROCKETT COUNTY,105,44 Years,31,16,15,9,5,4,0,0,0,0,0,0,1,1,0,21,10,11
CROCKETT COUNTY,105,45 Years,43,20,23,12,5,7,0,0,0,1,0,1,0,0,0,30,15,15
CROCKETT COUNTY,105,46 Years,45,23,22,14,8,6,1,1,0,1,1,0,0,0,0,29,13,16
CROCKETT COUNTY,105,47 Years,43,28,15,11,7,4,0,0,0,1,1,0,0,0,0,31,20,11
CROCKETT COUNTY,105,48 Years,34,18,16,9,3,6,0,0,0,0,0,0,0,0,0,25,15,10
CROCKETT COUNTY,105,49 Years,37,20,17,12,6,6,0,0,0,0,0,0,0,0,0,25,14,11
CROCKETT COUNTY,105,50 Years,36,19,17,11,5,6,0,0,0,0,0,0,0,0,0,25,14,11
CROCKETT COUNTY,105,51 Years,36,17,19,9,6,3,0,0,0,0,0,0,1,0,1,26,11,15
CROCKETT COUNTY,105,52 Years,48,25,23,15,8,7,0,0,0,1,0,1,2,2,0,30,15,15
CROCKETT COUNTY,105,53 Years,43,21,22,19,7,12,1,1,0,0,0,0,2,1,1,21,12,9
CROCKETT COUNTY,105,54 Years,40,17,23,20,9,11,1,1,0,0,0,0,1,1,0,18,6,12
CROCKETT COUNTY,105,55 Years,46,22,24,24,11,13,0,0,0,0,0,0,0,0,0,22,11,11
CROCKETT COUNTY,105,56 Years,43,24,19,16,9,7,0,0,0,1,0,1,0,0,0,26,15,11
CROCKETT COUNTY,105,57 Years,44,23,21,22,12,10,0,0,0,1,0,1,0,0,0,21,11,10
CROCKETT COUNTY,105,58 Years,49,25,24,24,12,12,0,0,0,0,0,0,1,1,0,24,12,12
CROCKETT COUNTY,105,59 Years,50,27,23,27,13,14,0,0,0,0,0,0,1,1,0,22,13,9
CROCKETT COUNTY,105,60 Years,54,28,26,24,10,14,0,0,0,0,0,0,2,2,0,28,16,12
CROCKETT COUNTY,105,61 Years,48,25,23,21,10,11,0,0,0,1,0,1,1,1,0,25,14,11
CROCKETT COUNTY,105,62 Years,57,31,26,29,14,15,0,0,0,1,0,1,0,0,0,27,17,10
CROCKETT COUNTY,105,63 Years,59,32,27,29,13,16,0,0,0,0,0,0,0,0,0,30,19,11
CROCKETT COUNTY,105,64 Years,49,27,22,26,14,12,0,0,0,0,0,0,1,0,1,22,13,9
CROCKETT COUNTY,105,65 Years,47,23,24,19,11,8,0,0,0,0,0,0,0,0,0,28,12,16
CROCKETT COUNTY,105,66 Years,41,22,19,18,12,6,0,0,0,0,0,0,0,0,0,23,10,13
CROCKETT COUNTY,105,67 Years,37,21,16,17,9,8,0,0,0,0,0,0,2,2,0,18,10,8
CROCKETT COUNTY,105,68 Years,37,14,23,16,5,11,0,0,0,0,0,0,1,0,1,20,9,11
CROCKETT COUNTY,105,69 Years,37,19,18,20,10,10,0,0,0,0,0,0,1,0,1,16,9,7
CROCKETT COUNTY,105,70 Years,34,18,16,21,11,10,0,0,0,1,1,0,0,0,0,12,6,6
CROCKETT COUNTY,105,71 Years,38,19,19,19,10,9,0,0,0,0,0,0,1,1,0,18,8,10
CROCKETT COUNTY,105,72 Years,28,13,15,12,6,6,0,0,0,0,0,0,0,0,0,16,7,9
CROCKETT COUNTY,105,73 Years,30,13,17,17,8,9,0,0,0,0,0,0,0,0,0,13,5,8
CROCKETT COUNTY,105,74 Years,35,18,17,14,7,7,0,0,0,0,0,0,1,1,0,20,10,10
CROCKETT COUNTY,105,75 Years,34,17,17,16,8,8,0,0,0,0,0,0,0,0,0,18,9,9
CROCKETT COUNTY,105,76 Years,27,13,14,12,5,7,1,1,0,0,0,0,0,0,0,14,7,7
CROCKETT COUNTY,105,77 Years,24,9,15,12,4,8,1,0,1,0,0,0,0,0,0,11,5,6
CROCKETT COUNTY,105,78 Years,22,10,12,9,3,6,0,0,0,0,0,0,0,0,0,13,7,6
CROCKETT COUNTY,105,79 Years,20,10,10,8,4,4,1,1,0,0,0,0,0,0,0,11,5,6
CROCKETT COUNTY,105,80 Years,21,11,10,8,4,4,1,1,0,0,0,0,0,0,0,12,6,6
CROCKETT COUNTY,105,81 Years,17,8,9,11,5,6,0,0,0,0,0,0,0,0,0,6,3,3
CROCKETT COUNTY,105,82 Years,18,9,9,9,4,5,0,0,0,0,0,0,0,0,0,9,5,4
CROCKETT COUNTY,105,83 Years,17,9,8,7,3,4,0,0,0,0,0,0,0,0,0,10,6,4
CROCKETT COUNTY,105,84 Years,16,8,8,7,4,3,0,0,0,0,0,0,0,0,0,9,4,5
CROCKETT COUNTY,105,85 Years,16,7,9,7,3,4,0,0,0,0,0,0,0,0,0,9,4,5
CROCKETT COUNTY,105,86 Years,16,5,11,7,3,4,0,0,0,0,0,0,0,0,0,9,2,7
CROCKETT COUNTY,105,87 Years,15,5,10,6,2,4,0,0,0,0,0,0,0,0,0,9,3,6
CROCKETT COUNTY,105,88 Years,12,6,6,6,3,3,0,0,0,0,0,0,0,0,0,6,3,3
CROCKETT COUNTY,105,89 Years,7,4,3,5,3,2,0,0,0,0,0,0,0,0,0,2,1,1
CROCKETT COUNTY,105,90 Years,9,5,4,4,2,2,0,0,0,0,0,0,0,0,0,5,3,2
CROCKETT COUNTY,105,91 Years,8,3,5,4,2,2,0,0,0,0,0,0,0,0,0,4,1,3
CROCKETT COUNTY,105,92 Years,4,2,2,1,1,0,1,0,1,0,0,0,0,0,0,2,1,1
CROCKETT COUNTY,105,93 Years,8,2,6,3,1,2,1,0,1,0,0,0,0,0,0,4,1,3
CROCKETT COUNTY,105,94 Years,6,3,3,2,1,1,0,0,0,0,0,0,0,0,0,4,2,2
CROCKETT COUNTY,105,95 Years +,17,5,12,5,1,4,1,1,0,0,0,0,0,0,0,11,3,8
CROSBY COUNTY,107,All Ages,5796,2782,3014,2158,1010,1148,186,81,105,6,3,3,58,31,27,3388,1657,1731
CROSBY COUNTY,107,< 1 Year,70,35,35,10,5,5,1,1,0,0,0,0,2,1,1,57,28,29
CROSBY COUNTY,107,1 Years,73,40,33,12,6,6,1,1,0,1,1,0,1,1,0,58,31,27
CROSBY COUNTY,107,2 Years,77,42,35,13,7,6,2,1,1,0,0,0,0,0,0,62,34,28
CROSBY COUNTY,107,3 Years,89,50,39,19,10,9,2,1,1,0,0,0,0,0,0,68,39,29
CROSBY COUNTY,107,4 Years,83,43,40,16,8,8,1,0,1,0,0,0,1,1,0,65,34,31
CROSBY COUNTY,107,5 Years,78,37,41,15,7,8,0,0,0,0,0,0,1,1,0,62,29,33
CROSBY COUNTY,107,6 Years,72,31,41,16,8,8,0,0,0,0,0,0,2,1,1,54,22,32
CROSBY COUNTY,107,7 Years,80,36,44,13,6,7,1,1,0,0,0,0,0,0,0,66,29,37
CROSBY COUNTY,107,8 Years,103,59,44,18,10,8,2,2,0,0,0,0,1,1,0,82,46,36
CROSBY COUNTY,107,9 Years,82,42,40,22,10,12,2,1,1,0,0,0,1,1,0,57,30,27
CROSBY COUNTY,107,10 Years,93,50,43,25,17,8,5,1,4,0,0,0,1,0,1,62,32,30
CROSBY COUNTY,107,11 Years,97,44,53,26,12,14,6,2,4,0,0,0,2,0,2,63,30,33
CROSBY COUNTY,107,12 Years,95,48,47,25,12,13,4,2,2,0,0,0,2,1,1,64,33,31
CROSBY COUNTY,107,13 Years,84,48,36,21,11,10,2,1,1,0,0,0,2,1,1,59,35,24
CROSBY COUNTY,107,14 Years,91,44,47,24,13,11,2,1,1,0,0,0,1,1,0,64,29,35
CROSBY COUNTY,107,15 Years,85,40,45,24,11,13,2,1,1,0,0,0,0,0,0,59,28,31
CROSBY COUNTY,107,16 Years,84,44,40,19,11,8,4,3,1,0,0,0,1,1,0,60,29,31
CROSBY COUNTY,107,17 Years,75,39,36,19,10,9,2,2,0,0,0,0,1,1,0,53,26,27
CROSBY COUNTY,107,18 Years,77,35,42,18,8,10,3,1,2,0,0,0,0,0,0,56,26,30
CROSBY COUNTY,107,19 Years,66,30,36,15,6,9,2,0,2,0,0,0,0,0,0,49,24,25
CROSBY COUNTY,107,20 Years,70,32,38,15,8,7,3,1,2,0,0,0,0,0,0,52,23,29
CROSBY COUNTY,107,21 Years,72,42,30,14,7,7,6,4,2,0,0,0,1,1,0,51,30,21
CROSBY COUNTY,107,22 Years,66,32,34,14,6,8,1,1,0,0,0,0,1,1,0,50,24,26
CROSBY COUNTY,107,23 Years,73,35,38,16,10,6,1,1,0,0,0,0,2,0,2,54,24,30
CROSBY COUNTY,107,24 Years,87,43,44,26,17,9,2,2,0,0,0,0,1,0,1,58,24,34
CROSBY COUNTY,107,25 Years,109,50,59,35,20,15,2,0,2,1,0,1,2,0,2,69,30,39
CROSBY COUNTY,107,26 Years,93,43,50,28,16,12,2,1,1,0,0,0,0,0,0,63,26,37
CROSBY COUNTY,107,27 Years,63,28,35,11,5,6,1,1,0,0,0,0,1,1,0,50,21,29
CROSBY COUNTY,107,28 Years,63,30,33,16,8,8,1,1,0,0,0,0,2,2,0,44,19,25
CROSBY COUNTY,107,29 Years,69,38,31,20,13,7,3,2,1,0,0,0,2,2,0,44,21,23
CROSBY COUNTY,107,30 Years,55,25,30,11,5,6,2,1,1,0,0,0,0,0,0,42,19,23
CROSBY COUNTY,107,31 Years,55,26,29,16,8,8,2,0,2,0,0,0,2,1,1,35,17,18
CROSBY COUNTY,107,32 Years,45,22,23,16,7,9,1,0,1,0,0,0,1,0,1,27,15,12
CROSBY COUNTY,107,33 Years,58,24,34,26,11,15,1,0,1,0,0,0,0,0,0,31,13,18
CROSBY COUNTY,107,34 Years,58,27,31,22,11,11,3,0,3,0,0,0,0,0,0,33,16,17
CROSBY COUNTY,107,35 Years,54,26,28,20,12,8,2,0,2,0,0,0,0,0,0,32,14,18
CROSBY COUNTY,107,36 Years,58,25,33,24,8,16,1,1,0,0,0,0,0,0,0,33,16,17
CROSBY COUNTY,107,37 Years,55,25,30,18,5,13,4,2,2,0,0,0,0,0,0,33,18,15
CROSBY COUNTY,107,38 Years,55,27,28,16,6,10,1,0,1,0,0,0,0,0,0,38,21,17
CROSBY COUNTY,107,39 Years,57,30,27,21,11,10,3,2,1,0,0,0,0,0,0,33,17,16
CROSBY COUNTY,107,40 Years,64,28,36,17,7,10,4,1,3,1,0,1,1,0,1,41,20,21
CROSBY COUNTY,107,41 Years,65,26,39,17,5,12,1,0,1,0,0,0,1,0,1,46,21,25
CROSBY COUNTY,107,42 Years,53,26,27,18,8,10,1,1,0,0,0,0,0,0,0,34,17,17
CROSBY COUNTY,107,43 Years,52,26,26,16,6,10,1,1,0,0,0,0,2,1,1,33,18,15
CROSBY COUNTY,107,44 Years,45,20,25,16,7,9,1,1,0,1,1,0,0,0,0,27,11,16
CROSBY COUNTY,107,45 Years,58,29,29,19,8,11,2,1,1,1,1,0,0,0,0,36,19,17
CROSBY COUNTY,107,46 Years,57,26,31,22,10,12,0,0,0,1,0,1,0,0,0,34,16,18
CROSBY COUNTY,107,47 Years,64,31,33,24,11,13,2,1,1,0,0,0,0,0,0,38,19,19
CROSBY COUNTY,107,48 Years,59,28,31,23,11,12,3,0,3,0,0,0,0,0,0,33,17,16
CROSBY COUNTY,107,49 Years,54,23,31,19,9,10,1,0,1,0,0,0,0,0,0,34,14,20
CROSBY COUNTY,107,50 Years,64,30,34,29,14,15,0,0,0,0,0,0,0,0,0,35,16,19
CROSBY COUNTY,107,51 Years,59,28,31,20,10,10,2,2,0,0,0,0,1,0,1,36,16,20
CROSBY COUNTY,107,52 Years,66,37,29,21,12,9,4,2,2,0,0,0,1,0,1,40,23,17
CROSBY COUNTY,107,53 Years,67,33,34,32,16,16,2,1,1,0,0,0,1,0,1,32,16,16
CROSBY COUNTY,107,54 Years,56,28,28,30,15,15,1,1,0,0,0,0,0,0,0,25,12,13
CROSBY COUNTY,107,55 Years,60,24,36,32,13,19,1,1,0,0,0,0,1,0,1,26,10,16
CROSBY COUNTY,107,56 Years,69,33,36,30,16,14,3,1,2,0,0,0,0,0,0,36,16,20
CROSBY COUNTY,107,57 Years,69,37,32,35,20,15,1,0,1,0,0,0,1,1,0,32,16,16
CROSBY COUNTY,107,58 Years,87,43,44,43,19,24,2,2,0,0,0,0,0,0,0,42,22,20
CROSBY COUNTY,107,59 Years,70,32,38,36,13,23,1,1,0,0,0,0,0,0,0,33,18,15
CROSBY COUNTY,107,60 Years,73,32,41,39,16,23,3,1,2,0,0,0,1,1,0,30,14,16
CROSBY COUNTY,107,61 Years,78,38,40,39,17,22,2,1,1,0,0,0,1,1,0,36,19,17
CROSBY COUNTY,107,62 Years,83,41,42,47,26,21,2,1,1,0,0,0,1,0,1,33,14,19
CROSBY COUNTY,107,63 Years,63,32,31,34,15,19,0,0,0,0,0,0,2,2,0,27,15,12
CROSBY COUNTY,107,64 Years,69,30,39,34,14,20,2,1,1,0,0,0,0,0,0,33,15,18
CROSBY COUNTY,107,65 Years,67,33,34,37,19,18,3,1,2,0,0,0,1,0,1,26,13,13
CROSBY COUNTY,107,66 Years,71,38,33,37,18,19,2,1,1,0,0,0,1,0,1,31,19,12
CROSBY COUNTY,107,67 Years,70,38,32,40,20,20,1,0,1,0,0,0,0,0,0,29,18,11
CROSBY COUNTY,107,68 Years,59,27,32,39,17,22,0,0,0,0,0,0,0,0,0,20,10,10
CROSBY COUNTY,107,69 Years,70,32,38,41,18,23,2,0,2,0,0,0,1,0,1,26,14,12
CROSBY COUNTY,107,70 Years,72,29,43,41,18,23,2,0,2,0,0,0,1,0,1,28,11,17
CROSBY COUNTY,107,71 Years,49,25,24,27,15,12,3,1,2,0,0,0,0,0,0,19,9,10
CROSBY COUNTY,107,72 Years,54,30,24,27,14,13,3,1,2,0,0,0,1,1,0,23,14,9
CROSBY COUNTY,107,73 Years,70,29,41,37,15,22,2,0,2,0,0,0,2,2,0,29,12,17
CROSBY COUNTY,107,74 Years,62,25,37,40,18,22,1,0,1,0,0,0,1,1,0,20,6,14
CROSBY COUNTY,107,75 Years,66,30,36,40,17,23,2,1,1,0,0,0,1,0,1,23,12,11
CROSBY COUNTY,107,76 Years,59,31,28,39,19,20,3,1,2,0,0,0,0,0,0,17,11,6
CROSBY COUNTY,107,77 Years,50,21,29,31,15,16,2,0,2,0,0,0,0,0,0,17,6,11
CROSBY COUNTY,107,78 Years,45,20,25,28,12,16,1,0,1,0,0,0,0,0,0,16,8,8
CROSBY COUNTY,107,79 Years,42,16,26,29,9,20,2,2,0,0,0,0,1,1,0,10,4,6
CROSBY COUNTY,107,80 Years,30,11,19,20,7,13,2,1,1,0,0,0,0,0,0,8,3,5
CROSBY COUNTY,107,81 Years,38,18,20,22,11,11,2,1,1,0,0,0,0,0,0,14,6,8
CROSBY COUNTY,107,82 Years,31,15,16,16,7,9,1,1,0,0,0,0,0,0,0,14,7,7
CROSBY COUNTY,107,83 Years,27,14,13,17,9,8,2,0,2,0,0,0,0,0,0,8,5,3
CROSBY COUNTY,107,84 Years,27,13,14,14,6,8,3,1,2,0,0,0,0,0,0,10,6,4
CROSBY COUNTY,107,85 Years,21,7,14,10,4,6,3,0,3,0,0,0,0,0,0,8,3,5
CROSBY COUNTY,107,86 Years,26,8,18,14,3,11,4,1,3,0,0,0,0,0,0,8,4,4
CROSBY COUNTY,107,87 Years,21,7,14,11,3,8,3,2,1,0,0,0,0,0,0,7,2,5
CROSBY COUNTY,107,88 Years,17,6,11,9,2,7,1,1,0,0,0,0,0,0,0,7,3,4
CROSBY COUNTY,107,89 Years,12,5,7,6,2,4,0,0,0,0,0,0,0,0,0,6,3,3
CROSBY COUNTY,107,90 Years,15,5,10,9,2,7,3,1,2,0,0,0,0,0,0,3,2,1
CROSBY COUNTY,107,91 Years,10,5,5,6,2,4,1,0,1,0,0,0,0,0,0,3,3,0
CROSBY COUNTY,107,92 Years,10,4,6,5,2,3,1,0,1,0,0,0,0,0,0,4,2,2
CROSBY COUNTY,107,93 Years,6,2,4,3,1,2,0,0,0,0,0,0,0,0,0,3,1,2
CROSBY COUNTY,107,94 Years,5,2,3,4,1,3,0,0,0,0,0,0,0,0,0,1,1,0
CROSBY COUNTY,107,95 Years +,21,8,13,12,4,8,3,1,2,0,0,0,0,0,0,6,3,3
CULBERSON COUNTY,109,All Ages,2175,1019,1156,502,261,241,7,4,3,22,9,13,38,21,17,1606,724,882
CULBERSON COUNTY,109,< 1 Year,33,13,20,3,2,1,0,0,0,0,0,0,0,0,0,30,11,19
CULBERSON COUNTY,109,1 Years,32,13,19,6,2,4,0,0,0,1,0,1,1,0,1,24,11,13
CULBERSON COUNTY,109,2 Years,34,16,18,6,2,4,0,0,0,0,0,0,1,1,0,27,13,14
CULBERSON COUNTY,109,3 Years,31,17,14,7,3,4,0,0,0,0,0,0,1,1,0,23,13,10
CULBERSON COUNTY,109,4 Years,28,15,13,5,3,2,0,0,0,0,0,0,1,0,1,22,12,10
CULBERSON COUNTY,109,5 Years,26,13,13,5,3,2,0,0,0,0,0,0,0,0,0,21,10,11
CULBERSON COUNTY,109,6 Years,25,11,14,4,2,2,0,0,0,0,0,0,1,0,1,20,9,11
CULBERSON COUNTY,109,7 Years,23,7,16,4,1,3,0,0,0,0,0,0,1,0,1,18,6,12
CULBERSON COUNTY,109,8 Years,25,7,18,4,2,2,0,0,0,0,0,0,0,0,0,21,5,16
CULBERSON COUNTY,109,9 Years,27,10,17,5,3,2,0,0,0,0,0,0,0,0,0,22,7,15
CULBERSON COUNTY,109,10 Years,29,15,14,4,2,2,0,0,0,0,0,0,0,0,0,25,13,12
CULBERSON COUNTY,109,11 Years,20,9,11,3,1,2,0,0,0,0,0,0,0,0,0,17,8,9
CULBERSON COUNTY,109,12 Years,20,8,12,4,2,2,0,0,0,0,0,0,0,0,0,16,6,10
CULBERSON COUNTY,109,13 Years,20,7,13,4,1,3,0,0,0,0,0,0,0,0,0,16,6,10
CULBERSON COUNTY,109,14 Years,18,8,10,1,0,1,0,0,0,0,0,0,0,0,0,17,8,9
CULBERSON COUNTY,109,15 Years,25,12,13,5,4,1,0,0,0,1,0,1,0,0,0,19,8,11
CULBERSON COUNTY,109,16 Years,21,9,12,4,2,2,0,0,0,1,0,1,0,0,0,16,7,9
CULBERSON COUNTY,109,17 Years,22,13,9,6,4,2,0,0,0,0,0,0,0,0,0,16,9,7
CULBERSON COUNTY,109,18 Years,20,11,9,6,4,2,0,0,0,0,0,0,1,1,0,13,6,7
CULBERSON COUNTY,109,19 Years,18,11,7,5,3,2,0,0,0,0,0,0,1,1,0,12,7,5
CULBERSON COUNTY,109,20 Years,22,13,9,5,3,2,0,0,0,1,1,0,1,1,0,15,8,7
CULBERSON COUNTY,109,21 Years,23,14,9,8,5,3,0,0,0,0,0,0,2,2,0,13,7,6
CULBERSON COUNTY,109,22 Years,23,11,12,5,1,4,0,0,0,0,0,0,1,1,0,17,9,8
CULBERSON COUNTY,109,23 Years,28,14,14,8,3,5,0,0,0,0,0,0,1,1,0,19,10,9
CULBERSON COUNTY,109,24 Years,26,14,12,5,3,2,0,0,0,0,0,0,2,1,1,19,10,9
CULBERSON COUNTY,109,25 Years,24,12,12,3,2,1,0,0,0,1,1,0,1,0,1,19,9,10
CULBERSON COUNTY,109,26 Years,27,10,17,6,3,3,0,0,0,0,0,0,1,0,1,20,7,13
CULBERSON COUNTY,109,27 Years,25,10,15,3,1,2,0,0,0,0,0,0,0,0,0,22,9,13
CULBERSON COUNTY,109,28 Years,31,15,16,3,0,3,0,0,0,0,0,0,2,1,1,26,14,12
CULBERSON COUNTY,109,29 Years,32,14,18,5,3,2,0,0,0,0,0,0,1,0,1,26,11,15
CULBERSON COUNTY,109,30 Years,22,12,10,2,2,0,0,0,0,1,1,0,0,0,0,19,9,10
CULBERSON COUNTY,109,31 Years,23,13,10,4,2,2,1,1,0,1,1,0,0,0,0,17,9,8
CULBERSON COUNTY,109,32 Years,23,9,14,5,1,4,0,0,0,0,0,0,0,0,0,18,8,10
CULBERSON COUNTY,109,33 Years,22,8,14,8,4,4,0,0,0,1,0,1,0,0,0,13,4,9
CULBERSON COUNTY,109,34 Years,17,10,7,5,4,1,0,0,0,0,0,0,0,0,0,12,6,6
CULBERSON COUNTY,109,35 Years,23,10,13,4,2,2,0,0,0,0,0,0,1,1,0,18,7,11
CULBERSON COUNTY,109,36 Years,27,14,13,6,4,2,0,0,0,0,0,0,0,0,0,21,10,11
CULBERSON COUNTY,109,37 Years,25,11,14,6,4,2,0,0,0,1,0,1,0,0,0,18,7,11
CULBERSON COUNTY,109,38 Years,27,12,15,5,3,2,0,0,0,0,0,0,1,0,1,21,9,12
CULBERSON COUNTY,109,39 Years,21,10,11,1,0,1,0,0,0,1,0,1,0,0,0,19,10,9
CULBERSON COUNTY,109,40 Years,25,9,16,6,2,4,0,0,0,1,0,1,0,0,0,18,7,11
CULBERSON COUNTY,109,41 Years,23,12,11,6,3,3,0,0,0,0,0,0,0,0,0,17,9,8
CULBERSON COUNTY,109,42 Years,19,12,7,6,3,3,0,0,0,1,1,0,0,0,0,12,8,4
CULBERSON COUNTY,109,43 Years,19,8,11,3,1,2,0,0,0,0,0,0,1,0,1,15,7,8
CULBERSON COUNTY,109,44 Years,24,8,16,6,2,4,0,0,0,1,0,1,0,0,0,17,6,11
CULBERSON COUNTY,109,45 Years,24,13,11,3,2,1,0,0,0,0,0,0,0,0,0,21,11,10
CULBERSON COUNTY,109,46 Years,26,15,11,5,4,1,0,0,0,0,0,0,0,0,0,21,11,10
CULBERSON COUNTY,109,47 Years,25,14,11,5,3,2,0,0,0,0,0,0,0,0,0,20,11,9
CULBERSON COUNTY,109,48 Years,23,11,12,6,4,2,1,1,0,0,0,0,1,0,1,15,6,9
CULBERSON COUNTY,109,49 Years,22,10,12,3,2,1,1,1,0,0,0,0,0,0,0,18,7,11
CULBERSON COUNTY,109,50 Years,26,13,13,2,2,0,0,0,0,1,0,1,0,0,0,23,11,12
CULBERSON COUNTY,109,51 Years,29,14,15,6,4,2,0,0,0,0,0,0,1,0,1,22,10,12
CULBERSON COUNTY,109,52 Years,30,15,15,7,5,2,0,0,0,0,0,0,0,0,0,23,10,13
CULBERSON COUNTY,109,53 Years,34,18,16,8,4,4,0,0,0,1,1,0,0,0,0,25,13,12
CULBERSON COUNTY,109,54 Years,29,13,16,6,3,3,0,0,0,0,0,0,0,0,0,23,10,13
CULBERSON COUNTY,109,55 Years,26,11,15,6,3,3,0,0,0,0,0,0,1,0,1,19,8,11
CULBERSON COUNTY,109,56 Years,33,18,15,8,5,3,0,0,0,1,1,0,1,0,1,23,12,11
CULBERSON COUNTY,109,57 Years,31,16,15,3,2,1,0,0,0,0,0,0,0,0,0,28,14,14
CULBERSON COUNTY,109,58 Years,27,12,15,5,3,2,0,0,0,0,0,0,0,0,0,22,9,13
CULBERSON COUNTY,109,59 Years,27,15,12,6,4,2,0,0,0,0,0,0,1,1,0,20,10,10
CULBERSON COUNTY,109,60 Years,35,18,17,10,4,6,0,0,0,0,0,0,1,1,0,24,13,11
CULBERSON COUNTY,109,61 Years,33,16,17,8,2,6,0,0,0,0,0,0,2,1,1,23,13,10
CULBERSON COUNTY,109,62 Years,31,15,16,8,4,4,0,0,0,0,0,0,0,0,0,23,11,12
CULBERSON COUNTY,109,63 Years,33,16,17,9,6,3,0,0,0,1,1,0,0,0,0,23,9,14
CULBERSON COUNTY,109,64 Years,27,11,16,9,4,5,0,0,0,0,0,0,1,1,0,17,6,11
CULBERSON COUNTY,109,65 Years,29,11,18,10,4,6,0,0,0,0,0,0,2,1,1,17,6,11
CULBERSON COUNTY,109,66 Years,32,14,18,10,5,5,0,0,0,0,0,0,0,0,0,22,9,13
CULBERSON COUNTY,109,67 Years,29,12,17,7,2,5,0,0,0,1,0,1,0,0,0,21,10,11
CULBERSON COUNTY,109,68 Years,29,12,17,8,3,5,0,0,0,1,0,1,0,0,0,20,9,11
CULBERSON COUNTY,109,69 Years,30,16,14,10,6,4,0,0,0,0,0,0,1,1,0,19,9,10
CULBERSON COUNTY,109,70 Years,28,14,14,8,6,2,0,0,0,0,0,0,0,0,0,20,8,12
CULBERSON COUNTY,109,71 Years,25,10,15,6,4,2,0,0,0,1,1,0,0,0,0,18,5,13
CULBERSON COUNTY,109,72 Years,21,6,15,5,2,3,0,0,0,0,0,0,0,0,0,16,4,12
CULBERSON COUNTY,109,73 Years,19,8,11,7,3,4,0,0,0,0,0,0,0,0,0,12,5,7
CULBERSON COUNTY,109,74 Years,24,15,9,11,7,4,0,0,0,0,0,0,1,1,0,12,7,5
CULBERSON COUNTY,109,75 Years,18,10,8,7,5,2,0,0,0,0,0,0,1,1,0,10,4,6
CULBERSON COUNTY,109,76 Years,14,7,7,6,3,3,0,0,0,0,0,0,0,0,0,8,4,4
CULBERSON COUNTY,109,77 Years,16,6,10,6,2,4,1,0,1,0,0,0,0,0,0,9,4,5
CULBERSON COUNTY,109,78 Years,11,3,8,3,1,2,0,0,0,0,0,0,0,0,0,8,2,6
CULBERSON COUNTY,109,79 Years,16,10,6,6,5,1,2,1,1,0,0,0,0,0,0,8,4,4
CULBERSON COUNTY,109,80 Years,14,5,9,4,2,2,1,0,1,0,0,0,0,0,0,9,3,6
CULBERSON COUNTY,109,81 Years,18,6,12,8,3,5,0,0,0,1,0,1,0,0,0,9,3,6
CULBERSON COUNTY,109,82 Years,16,6,10,7,2,5,0,0,0,0,0,0,0,0,0,9,4,5
CULBERSON COUNTY,109,83 Years,13,6,7,2,1,1,0,0,0,0,0,0,0,0,0,11,5,6
CULBERSON COUNTY,109,84 Years,12,5,7,2,1,1,0,0,0,1,0,1,1,1,0,8,3,5
CULBERSON COUNTY,109,85 Years,8,2,6,3,1,2,0,0,0,0,0,0,0,0,0,5,1,4
CULBERSON COUNTY,109,86 Years,13,7,6,4,4,0,0,0,0,0,0,0,0,0,0,9,3,6
CULBERSON COUNTY,109,87 Years,12,4,8,4,2,2,0,0,0,0,0,0,0,0,0,8,2,6
CULBERSON COUNTY,109,88 Years,10,6,4,4,2,2,0,0,0,0,0,0,0,0,0,6,4,2
CULBERSON COUNTY,109,89 Years,10,6,4,4,3,1,0,0,0,0,0,0,0,0,0,6,3,3
CULBERSON COUNTY,109,90 Years,10,4,6,4,1,3,0,0,0,0,0,0,0,0,0,6,3,3
CULBERSON COUNTY,109,91 Years,7,3,4,3,1,2,0,0,0,0,0,0,0,0,0,4,2,2
CULBERSON COUNTY,109,92 Years,6,4,2,2,2,0,0,0,0,0,0,0,0,0,0,4,2,2
CULBERSON COUNTY,109,93 Years,4,2,2,0,0,0,0,0,0,0,0,0,0,0,0,4,2,2
CULBERSON COUNTY,109,94 Years,3,2,1,0,0,0,0,0,0,0,0,0,0,0,0,3,2,1
CULBERSON COUNTY,109,95 Years +,9,3,6,3,1,2,0,0,0,0,0,0,0,0,0,6,2,4
DALLAM COUNTY,111,All Ages,7311,3772,3539,3576,1813,1763,86,40,46,40,19,21,255,148,107,3354,1752,1602
DALLAM COUNTY,111,< 1 Year,129,70,59,38,19,19,0,0,0,1,1,0,20,11,9,70,39,31
DALLAM COUNTY,111,1 Years,136,72,64,39,19,20,0,0,0,1,1,0,22,14,8,74,38,36
DALLAM COUNTY,111,2 Years,135,70,65,38,18,20,1,0,1,0,0,0,16,11,5,80,41,39
DALLAM COUNTY,111,3 Years,133,69,64,41,19,22,1,0,1,0,0,0,16,11,5,75,39,36
DALLAM COUNTY,111,4 Years,123,66,57,43,22,21,0,0,0,0,0,0,13,7,6,67,37,30
DALLAM COUNTY,111,5 Years,119,62,57,47,23,24,0,0,0,0,0,0,12,7,5,60,32,28
DALLAM COUNTY,111,6 Years,127,66,61,52,26,26,2,1,1,0,0,0,8,4,4,65,35,30
DALLAM COUNTY,111,7 Years,129,62,67,58,26,32,2,1,1,0,0,0,4,2,2,65,33,32
DALLAM COUNTY,111,8 Years,107,53,54,46,22,24,0,0,0,0,0,0,4,2,2,57,29,28
DALLAM COUNTY,111,9 Years,128,68,60,56,29,27,0,0,0,0,0,0,2,1,1,70,38,32
DALLAM COUNTY,111,10 Years,131,69,62,54,26,28,1,0,1,2,0,2,4,3,1,70,40,30
DALLAM COUNTY,111,11 Years,128,60,68,50,23,27,0,0,0,1,0,1,5,3,2,72,34,38
DALLAM COUNTY,111,12 Years,141,70,71,57,28,29,3,2,1,0,0,0,5,3,2,76,37,39
DALLAM COUNTY,111,13 Years,114,60,54,54,29,25,1,1,0,0,0,0,8,4,4,51,26,25
DALLAM COUNTY,111,14 Years,126,69,57,45,23,22,0,0,0,2,0,2,7,6,1,72,40,32
DALLAM COUNTY,111,15 Years,130,68,62,54,29,25,1,0,1,2,1,1,4,3,1,69,35,34
DALLAM COUNTY,111,16 Years,117,64,53,45,23,22,1,0,1,1,1,0,1,1,0,69,39,30
DALLAM COUNTY,111,17 Years,104,52,52,39,17,22,1,0,1,0,0,0,1,0,1,63,35,28
DALLAM COUNTY,111,18 Years,107,49,58,49,19,30,2,1,1,0,0,0,2,0,2,54,29,25
DALLAM COUNTY,111,19 Years,101,48,53,37,18,19,2,0,2,2,1,1,4,1,3,56,28,28
DALLAM COUNTY,111,20 Years,90,46,44,31,15,16,1,0,1,1,1,0,4,1,3,53,29,24
DALLAM COUNTY,111,21 Years,94,50,44,37,17,20,1,1,0,0,0,0,2,1,1,54,31,23
DALLAM COUNTY,111,22 Years,98,52,46,44,22,22,1,0,1,0,0,0,2,1,1,51,29,22
DALLAM COUNTY,111,23 Years,101,55,46,40,23,17,3,0,3,0,0,0,1,1,0,57,31,26
DALLAM COUNTY,111,24 Years,106,57,49,51,31,20,3,2,1,0,0,0,1,1,0,51,23,28
DALLAM COUNTY,111,25 Years,123,64,59,64,33,31,1,1,0,0,0,0,3,2,1,55,28,27
DALLAM COUNTY,111,26 Years,114,59,55,61,33,28,1,0,1,0,0,0,2,1,1,50,25,25
DALLAM COUNTY,111,27 Years,111,55,56,53,27,26,2,0,2,0,0,0,0,0,0,56,28,28
DALLAM COUNTY,111,28 Years,103,52,51,42,23,19,1,0,1,0,0,0,0,0,0,60,29,31
DALLAM COUNTY,111,29 Years,99,54,45,42,23,19,2,1,1,0,0,0,1,1,0,54,29,25
DALLAM COUNTY,111,30 Years,103,50,53,52,27,25,2,0,2,0,0,0,2,2,0,47,21,26
DALLAM COUNTY,111,31 Years,87,36,51,42,19,23,1,0,1,2,1,1,1,0,1,41,16,25
DALLAM COUNTY,111,32 Years,110,48,62,59,23,36,1,1,0,1,1,0,2,1,1,47,22,25
DALLAM COUNTY,111,33 Years,108,46,62,61,24,37,3,1,2,2,1,1,3,2,1,39,18,21
DALLAM COUNTY,111,34 Years,107,49,58,62,25,37,1,0,1,1,1,0,2,1,1,41,22,19
DALLAM COUNTY,111,35 Years,103,48,55,61,24,37,1,1,0,0,0,0,1,1,0,40,22,18
DALLAM COUNTY,111,36 Years,92,52,40,50,25,25,1,1,0,1,0,1,1,1,0,39,25,14
DALLAM COUNTY,111,37 Years,92,52,40,50,26,24,0,0,0,1,1,0,1,1,0,40,24,16
DALLAM COUNTY,111,38 Years,101,63,38,50,32,18,2,2,0,1,0,1,4,2,2,44,27,17
DALLAM COUNTY,111,39 Years,87,47,40,47,25,22,1,1,0,1,0,1,1,0,1,37,21,16
DALLAM COUNTY,111,40 Years,85,41,44,40,19,21,1,0,1,1,0,1,1,0,1,42,22,20
DALLAM COUNTY,111,41 Years,76,34,42,37,13,24,1,1,0,1,0,1,4,2,2,33,18,15
DALLAM COUNTY,111,42 Years,79,42,37,33,16,17,2,2,0,0,0,0,1,1,0,43,23,20
DALLAM COUNTY,111,43 Years,93,50,43,46,26,20,1,0,1,2,0,2,0,0,0,44,24,20
DALLAM COUNTY,111,44 Years,96,42,54,50,23,27,1,0,1,2,1,1,1,0,1,42,18,24
DALLAM COUNTY,111,45 Years,102,53,49,52,30,22,0,0,0,1,1,0,2,1,1,47,21,26
DALLAM COUNTY,111,46 Years,94,45,49,51,26,25,0,0,0,0,0,0,3,1,2,40,18,22
DALLAM COUNTY,111,47 Years,90,44,46,48,22,26,1,0,1,0,0,0,2,1,1,39,21,18
DALLAM COUNTY,111,48 Years,87,48,39,48,27,21,0,0,0,0,0,0,2,1,1,37,20,17
DALLAM COUNTY,111,49 Years,93,59,34,51,30,21,1,1,0,0,0,0,1,1,0,40,27,13
DALLAM COUNTY,111,50 Years,97,49,48,54,29,25,1,1,0,0,0,0,1,1,0,41,18,23
DALLAM COUNTY,111,51 Years,87,43,44,48,26,22,0,0,0,2,2,0,1,0,1,36,15,21
DALLAM COUNTY,111,52 Years,90,50,40,46,23,23,1,0,1,0,0,0,3,3,0,40,24,16
DALLAM COUNTY,111,53 Years,96,57,39,53,29,24,2,1,1,0,0,0,2,2,0,39,25,14
DALLAM COUNTY,111,54 Years,86,49,37,51,27,24,2,2,0,0,0,0,4,2,2,29,18,11
DALLAM COUNTY,111,55 Years,105,66,39,56,33,23,2,2,0,1,0,1,1,0,1,45,31,14
DALLAM COUNTY,111,56 Years,99,60,39,60,37,23,1,0,1,2,0,2,1,1,0,35,22,13
DALLAM COUNTY,111,57 Years,74,42,32,43,23,20,1,1,0,0,0,0,3,2,1,27,16,11
DALLAM COUNTY,111,58 Years,73,44,29,41,23,18,1,0,1,0,0,0,2,2,0,29,19,10
DALLAM COUNTY,111,59 Years,73,39,34,48,29,19,0,0,0,1,1,0,1,1,0,23,8,15
DALLAM COUNTY,111,60 Years,70,38,32,48,29,19,0,0,0,1,1,0,1,0,1,20,8,12
DALLAM COUNTY,111,61 Years,71,33,38,46,22,24,1,1,0,0,0,0,2,1,1,22,9,13
DALLAM COUNTY,111,62 Years,61,30,31,39,20,19,0,0,0,0,0,0,1,0,1,21,10,11
DALLAM COUNTY,111,63 Years,59,33,26,36,20,16,3,2,1,1,1,0,1,0,1,18,10,8
DALLAM COUNTY,111,64 Years,71,38,33,50,26,24,2,1,1,1,0,1,1,0,1,17,11,6
DALLAM COUNTY,111,65 Years,73,44,29,52,33,19,2,1,1,0,0,0,1,0,1,18,10,8
DALLAM COUNTY,111,66 Years,53,29,24,37,22,15,1,0,1,0,0,0,1,0,1,14,7,7
DALLAM COUNTY,111,67 Years,49,26,23,32,18,14,1,1,0,0,0,0,2,1,1,14,6,8
DALLAM COUNTY,111,68 Years,52,28,24,36,20,16,1,1,0,0,0,0,1,1,0,14,6,8
DALLAM COUNTY,111,69 Years,48,23,25,34,17,17,0,0,0,0,0,0,1,1,0,13,5,8
DALLAM COUNTY,111,70 Years,43,19,24,31,14,17,0,0,0,0,0,0,0,0,0,12,5,7
DALLAM COUNTY,111,71 Years,39,19,20,25,13,12,0,0,0,0,0,0,2,1,1,12,5,7
DALLAM COUNTY,111,72 Years,28,12,16,16,7,9,1,0,1,1,1,0,1,0,1,9,4,5
DALLAM COUNTY,111,73 Years,28,12,16,19,9,10,1,0,1,0,0,0,0,0,0,8,3,5
DALLAM COUNTY,111,74 Years,28,11,17,17,8,9,2,0,2,0,0,0,0,0,0,9,3,6
DALLAM COUNTY,111,75 Years,25,7,18,16,4,12,0,0,0,0,0,0,0,0,0,9,3,6
DALLAM COUNTY,111,76 Years,25,12,13,16,8,8,0,0,0,0,0,0,1,1,0,8,3,5
DALLAM COUNTY,111,77 Years,27,15,12,16,9,7,1,1,0,0,0,0,2,2,0,8,3,5
DALLAM COUNTY,111,78 Years,21,11,10,11,6,5,1,1,0,0,0,0,1,1,0,8,3,5
DALLAM COUNTY,111,79 Years,15,8,7,9,4,5,0,0,0,0,0,0,1,1,0,5,3,2
DALLAM COUNTY,111,80 Years,15,6,9,9,3,6,0,0,0,0,0,0,0,0,0,6,3,3
DALLAM COUNTY,111,81 Years,14,6,8,10,5,5,0,0,0,0,0,0,0,0,0,4,1,3
DALLAM COUNTY,111,82 Years,12,5,7,8,4,4,0,0,0,0,0,0,0,0,0,4,1,3
DALLAM COUNTY,111,83 Years,9,6,3,3,3,0,0,0,0,0,0,0,0,0,0,6,3,3
DALLAM COUNTY,111,84 Years,12,8,4,6,3,3,2,2,0,0,0,0,1,1,0,3,2,1
DALLAM COUNTY,111,85 Years,14,8,6,7,3,4,0,0,0,0,0,0,1,1,0,6,4,2
DALLAM COUNTY,111,86 Years,11,4,7,6,2,4,0,0,0,0,0,0,0,0,0,5,2,3
DALLAM COUNTY,111,87 Years,7,2,5,5,2,3,0,0,0,0,0,0,0,0,0,2,0,2
DALLAM COUNTY,111,88 Years,12,3,9,8,2,6,0,0,0,0,0,0,1,0,1,3,1,2
DALLAM COUNTY,111,89 Years,12,4,8,7,2,5,0,0,0,0,0,0,1,0,1,4,2,2
DALLAM COUNTY,111,90 Years,7,2,5,4,1,3,0,0,0,0,0,0,1,0,1,2,1,1
DALLAM COUNTY,111,91 Years,5,3,2,4,2,2,0,0,0,0,0,0,0,0,0,1,1,0
DALLAM COUNTY,111,92 Years,6,2,4,4,2,2,0,0,0,0,0,0,0,0,0,2,0,2
DALLAM COUNTY,111,93 Years,6,1,5,3,1,2,0,0,0,0,0,0,1,0,1,2,0,2
DALLAM COUNTY,111,94 Years,5,2,3,4,1,3,0,0,0,0,0,0,0,0,0,1,1,0
DALLAM COUNTY,111,95 Years +,9,3,6,5,2,3,1,0,1,0,0,0,1,0,1,2,1,1
DALLAS COUNTY,113,All Ages,2646173,1301454,1344719,762406,374600,387806,596498,276053,320445,172630,85600,87030,54173,26040,28133,1060466,539161,521305
DALLAS COUNTY,113,< 1 Year,40261,20551,19710,7163,3627,3536,8446,4330,4116,2409,1229,1180,1604,813,791,20639,10552,10087
DALLAS COUNTY,113,1 Years,40422,20653,19769,7187,3659,3528,8519,4343,4176,2363,1209,1154,1604,816,788,20749,10626,10123
DALLAS COUNTY,113,2 Years,41273,21072,20201,7413,3777,3636,8723,4457,4266,2487,1265,1222,1628,825,803,21022,10748,10274
DALLAS COUNTY,113,3 Years,41502,21204,20298,7601,3899,3702,8813,4477,4336,2476,1260,1216,1594,813,781,21018,10755,10263
DALLAS COUNTY,113,4 Years,41070,21012,20058,7550,3889,3661,8767,4446,4321,2519,1303,1216,1529,787,742,20705,10587,10118
DALLAS COUNTY,113,5 Years,40713,20921,19792,7367,3815,3552,8730,4457,4273,2504,1304,1200,1491,774,717,20621,10571,10050
DALLAS COUNTY,113,6 Years,40371,20707,19664,7231,3728,3503,8710,4452,4258,2452,1286,1166,1419,740,679,20559,10501,10058
DALLAS COUNTY,113,7 Years,40734,20783,19951,7178,3687,3491,8835,4503,4332,2411,1256,1155,1362,711,651,20948,10626,10322
DALLAS COUNTY,113,8 Years,37450,18963,18487,6445,3322,3123,8113,4137,3976,2056,1069,987,1152,580,572,19684,9855,9829
DALLAS COUNTY,113,9 Years,38871,19656,19215,6583,3347,3236,8530,4306,4224,2131,1085,1046,1175,573,602,20452,10345,10107
DALLAS COUNTY,113,10 Years,39783,20219,19564,6647,3352,3295,8778,4497,4281,2154,1082,1072,1205,596,609,20999,10692,10307
DALLAS COUNTY,113,11 Years,39783,20290,19493,6621,3402,3219,8826,4550,4276,2110,1049,1061,1094,524,570,21132,10765,10367
DALLAS COUNTY,113,12 Years,39147,19873,19274,6495,3336,3159,8739,4448,4291,2091,1053,1038,1044,508,536,20778,10528,10250
DALLAS COUNTY,113,13 Years,38306,19428,18878,6466,3305,3161,8478,4303,4175,2062,1047,1015,939,460,479,20361,10313,10048
DALLAS COUNTY,113,14 Years,37485,19045,18440,6404,3259,3145,8275,4159,4116,2053,1072,981,900,444,456,19853,10111,9742
DALLAS COUNTY,113,15 Years,36773,18721,18052,6302,3244,3058,8087,4068,4019,2030,1031,999,866,436,430,19488,9942,9546
DALLAS COUNTY,113,16 Years,37681,19207,18474,6592,3373,3219,8229,4159,4070,2046,1026,1020,802,407,395,20012,10242,9770
DALLAS COUNTY,113,17 Years,38437,19619,18818,7024,3620,3404,8165,4158,4007,2254,1149,1105,782,378,404,20212,10314,9898
DALLAS COUNTY,113,18 Years,37272,18987,18285,6978,3591,3387,7975,4016,3959,2155,1077,1078,768,386,382,19396,9917,9479
DALLAS COUNTY,113,19 Years,34405,17434,16971,6520,3331,3189,7378,3730,3648,1952,999,953,762,362,400,17793,9012,8781
DALLAS COUNTY,113,20 Years,33992,17220,16772,6665,3408,3257,7403,3785,3618,1975,1019,956,792,371,421,17157,8637,8520
DALLAS COUNTY,113,21 Years,34919,17513,17406,7316,3713,3603,7837,3903,3934,2127,1045,1082,783,369,414,16856,8483,8373
DALLAS COUNTY,113,22 Years,36254,18029,18225,7952,4001,3951,8392,4211,4181,2343,1145,1198,843,417,426,16724,8255,8469
DALLAS COUNTY,113,23 Years,38558,19246,19312,9045,4579,4466,9318,4627,4691,2616,1304,1312,934,447,487,16645,8289,8356
DALLAS COUNTY,113,24 Years,40081,19902,20179,9832,5002,4830,9900,4848,5052,2874,1367,1507,950,450,500,16525,8235,8290
DALLAS COUNTY,113,25 Years,41286,20397,20889,10315,5248,5067,10714,5186,5528,2770,1312,1458,978,438,540,16509,8213,8296
DALLAS COUNTY,113,26 Years,41340,20510,20830,10706,5431,5275,10758,5249,5509,2804,1344,1460,911,415,496,16161,8071,8090
DALLAS COUNTY,113,27 Years,41496,20578,20918,10863,5531,5332,10765,5156,5609,2878,1438,1440,917,434,483,16073,8019,8054
DALLAS COUNTY,113,28 Years,41445,20705,20740,11097,5756,5341,10641,5002,5639,3039,1519,1520,914,428,486,15754,8000,7754
DALLAS COUNTY,113,29 Years,40438,20143,20295,10883,5484,5399,10178,4753,5425,3232,1593,1639,830,362,468,15315,7951,7364
DALLAS COUNTY,113,30 Years,40719,20337,20382,11375,5671,5704,9751,4493,5258,3280,1752,1528,837,360,477,15476,8061,7415
DALLAS COUNTY,113,31 Years,41091,20346,20745,11906,5863,6043,9445,4322,5123,3298,1682,1616,824,332,492,15618,8147,7471
DALLAS COUNTY,113,32 Years,41489,20385,21104,12299,6037,6262,9346,4175,5171,3452,1723,1729,820,370,450,15572,8080,7492
DALLAS COUNTY,113,33 Years,40390,20021,20369,11962,5892,6070,8998,4043,4955,3345,1785,1560,767,342,425,15318,7959,7359
DALLAS COUNTY,113,34 Years,39604,19605,19999,11446,5781,5665,8732,3929,4803,3548,1724,1824,739,343,396,15139,7828,7311
DALLAS COUNTY,113,35 Years,40392,19924,20468,11342,5779,5563,8906,3956,4950,3693,1777,1916,781,353,428,15670,8059,7611
DALLAS COUNTY,113,36 Years,39872,19816,20056,11001,5597,5404,8776,3911,4865,3555,1761,1794,782,360,422,15758,8187,7571
DALLAS COUNTY,113,37 Years,39505,19529,19976,10677,5412,5265,8813,3899,4914,3356,1605,1751,674,321,353,15985,8292,7693
DALLAS COUNTY,113,38 Years,39407,19549,19858,10185,5215,4970,8839,3878,4961,3338,1645,1693,700,341,359,16345,8470,7875
DALLAS COUNTY,113,39 Years,36958,18407,18551,9391,4824,4567,8371,3685,4686,3082,1540,1542,636,315,321,15478,8043,7435
DALLAS COUNTY,113,40 Years,36029,17883,18146,9011,4601,4410,7985,3474,4511,2880,1451,1429,581,265,316,15572,8092,7480
DALLAS COUNTY,113,41 Years,35568,17488,18080,8849,4564,4285,7863,3395,4468,2772,1379,1393,565,262,303,15519,7888,7631
DALLAS COUNTY,113,42 Years,35324,17212,18112,8677,4445,4232,7630,3251,4379,2927,1434,1493,551,271,280,15539,7811,7728
DALLAS COUNTY,113,43 Years,35852,17675,18177,8860,4542,4318,7606,3293,4313,2909,1467,1442,542,262,280,15935,8111,7824
DALLAS COUNTY,113,44 Years,34534,16894,17640,8643,4393,4250,7502,3222,4280,2768,1410,1358,467,226,241,15154,7643,7511
DALLAS COUNTY,113,45 Years,34347,16937,17410,8791,4531,4260,7630,3322,4308,2655,1340,1315,515,249,266,14756,7495,7261
DALLAS COUNTY,113,46 Years,34777,17171,17606,9309,4770,4539,7842,3449,4393,2582,1331,1251,495,239,256,14549,7382,7167
DALLAS COUNTY,113,47 Years,35321,17327,17994,10124,5195,4929,8098,3523,4575,2535,1314,1221,503,228,275,14061,7067,6994
DALLAS COUNTY,113,48 Years,35424,17464,17960,10408,5342,5066,7970,3477,4493,2419,1202,1217,499,236,263,14128,7207,6921
DALLAS COUNTY,113,49 Years,33307,16688,16619,9978,5122,4856,7434,3349,4085,2279,1159,1120,452,215,237,13164,6843,6321
DALLAS COUNTY,113,50 Years,32300,16110,16190,9675,4930,4745,7440,3343,4097,2111,1078,1033,453,211,242,12621,6548,6073
DALLAS COUNTY,113,51 Years,31461,15687,15774,9661,4962,4699,7355,3290,4065,1909,917,992,405,194,211,12131,6324,5807
DALLAS COUNTY,113,52 Years,31348,15637,15711,9793,5008,4785,7563,3362,4201,1835,899,936,406,197,209,11751,6171,5580
DALLAS COUNTY,113,53 Years,32462,16279,16183,10725,5532,5193,7987,3553,4434,1835,912,923,452,212,240,11463,6070,5393
DALLAS COUNTY,113,54 Years,32217,16135,16082,11405,5787,5618,7827,3470,4357,1838,918,920,451,227,224,10696,5733,4963
DALLAS COUNTY,113,55 Years,31982,15778,16204,12034,6060,5974,7659,3355,4304,1792,877,915,451,226,225,10046,5260,4786
DALLAS COUNTY,113,56 Years,31426,15414,16012,12438,6172,6266,7553,3362,4191,1646,793,853,403,196,207,9386,4891,4495
DALLAS COUNTY,113,57 Years,31320,15403,15917,12557,6234,6323,7555,3365,4190,1657,817,840,415,196,219,9136,4791,4345
DALLAS COUNTY,113,58 Years,31155,15331,15824,12702,6278,6424,7530,3382,4148,1685,798,887,423,215,208,8815,4658,4157
DALLAS COUNTY,113,59 Years,29693,14446,15247,12517,6202,6315,7138,3159,3979,1592,722,870,379,185,194,8067,4178,3889
DALLAS COUNTY,113,60 Years,28902,13982,14920,12587,6224,6363,6898,3055,3843,1609,732,877,388,192,196,7420,3779,3641
DALLAS COUNTY,113,61 Years,27887,13346,14541,12295,5990,6305,6638,2892,3746,1636,762,874,367,173,194,6951,3529,3422
DALLAS COUNTY,113,62 Years,26600,12755,13845,11975,5886,6089,6224,2706,3518,1547,706,841,356,173,183,6498,3284,3214
DALLAS COUNTY,113,63 Years,25319,12100,13219,11732,5715,6017,5814,2516,3298,1459,683,776,328,147,181,5986,3039,2947
DALLAS COUNTY,113,64 Years,23166,10844,12322,11021,5214,5807,5175,2208,2967,1399,651,748,308,140,168,5263,2631,2632
DALLAS COUNTY,113,65 Years,22109,10298,11811,10680,5061,5619,4860,2049,2811,1450,666,784,313,135,178,4806,2387,2419
DALLAS COUNTY,113,66 Years,20729,9519,11210,10121,4748,5373,4663,1906,2757,1282,602,680,294,134,160,4369,2129,2240
DALLAS COUNTY,113,67 Years,19641,9027,10614,9445,4441,5004,4557,1845,2712,1267,587,680,257,122,135,4115,2032,2083
DALLAS COUNTY,113,68 Years,18548,8464,10084,9087,4226,4861,4263,1745,2518,1240,581,659,241,108,133,3717,1804,1913
DALLAS COUNTY,113,69 Years,17566,8008,9558,8806,4072,4734,4058,1678,2380,1085,512,573,216,92,124,3401,1654,1747
DALLAS COUNTY,113,70 Years,17086,7700,9386,9015,4131,4884,3863,1609,2254,931,435,496,200,95,105,3077,1430,1647
DALLAS COUNTY,113,71 Years,16338,7331,9007,9121,4199,4922,3391,1396,1995,825,388,437,194,82,112,2807,1266,1541
DALLAS COUNTY,113,72 Years,13445,5985,7460,7194,3266,3928,2875,1173,1702,715,332,383,147,68,79,2514,1146,1368
DALLAS COUNTY,113,73 Years,12483,5454,7029,6624,2934,3690,2759,1079,1680,698,331,367,149,63,86,2253,1047,1206
DALLAS COUNTY,113,74 Years,11948,5244,6704,6558,2967,3591,2503,995,1508,643,299,344,137,54,83,2107,929,1178
DALLAS COUNTY,113,75 Years,11233,4862,6371,6359,2816,3543,2318,918,1400,610,287,323,101,45,56,1845,796,1049
DALLAS COUNTY,113,76 Years,9924,4213,5711,5654,2449,3205,2069,805,1264,512,225,287,90,38,52,1599,696,903
DALLAS COUNTY,113,77 Years,9167,3848,5319,5212,2249,2963,1889,696,1193,463,206,257,73,29,44,1530,668,862
DALLAS COUNTY,113,78 Years,8366,3475,4891,4781,2034,2747,1667,617,1050,430,199,231,65,22,43,1423,603,820
DALLAS COUNTY,113,79 Years,7663,3188,4475,4489,1918,2571,1469,546,923,392,186,206,57,18,39,1256,520,736
DALLAS COUNTY,113,80 Years,6999,2913,4086,4166,1774,2392,1296,483,813,356,170,186,47,16,31,1134,470,664
DALLAS COUNTY,113,81 Years,6383,2581,3802,3806,1568,2238,1191,428,763,337,155,182,40,14,26,1009,416,593
DALLAS COUNTY,113,82 Years,5961,2375,3586,3620,1482,2138,1086,364,722,293,135,158,42,11,31,920,383,537
DALLAS COUNTY,113,83 Years,5660,2171,3489,3523,1362,2161,1009,355,654,244,111,133,36,9,27,848,334,514
DALLAS COUNTY,113,84 Years,5128,1958,3170,3236,1247,1989,922,312,610,199,89,110,26,7,19,745,303,442
DALLAS COUNTY,113,85 Years,4644,1724,2920,2981,1137,1844,843,255,588,169,77,92,24,7,17,627,248,379
DALLAS COUNTY,113,86 Years,4227,1554,2673,2815,1064,1751,667,196,471,162,64,98,21,6,15,562,224,338
DALLAS COUNTY,113,87 Years,3882,1389,2493,2603,954,1649,596,172,424,140,57,83,22,5,17,521,201,320
DALLAS COUNTY,113,88 Years,3540,1212,2328,2354,829,1525,564,146,418,131,51,80,19,4,15,472,182,290
DALLAS COUNTY,113,89 Years,3065,1027,2038,2094,732,1362,485,118,367,108,43,65,14,3,11,364,131,233
DALLAS COUNTY,113,90 Years,2522,817,1705,1750,576,1174,371,99,272,84,36,48,16,4,12,301,102,199
DALLAS COUNTY,113,91 Years,2108,675,1433,1486,484,1002,292,70,222,57,21,36,12,3,9,261,97,164
DALLAS COUNTY,113,92 Years,1805,556,1249,1274,409,865,263,60,203,52,18,34,8,2,6,208,67,141
DALLAS COUNTY,113,93 Years,1454,411,1043,1050,297,753,200,46,154,40,15,25,7,2,5,157,51,106
DALLAS COUNTY,113,94 Years,1126,297,829,810,215,595,153,27,126,35,11,24,5,1,4,123,43,80
DALLAS COUNTY,113,95 Years +,2727,685,2042,1900,473,1427,441,85,356,84,28,56,13,3,10,289,96,193
DAWSON COUNTY,115,All Ages,12581,7006,5575,4408,2352,2056,839,617,222,46,25,21,214,114,100,7074,3898,3176
DAWSON COUNTY,115,< 1 Year,170,86,84,40,19,21,6,4,2,0,0,0,16,8,8,108,55,53
DAWSON COUNTY,115,1 Years,165,83,82,38,16,22,6,3,3,0,0,0,13,8,5,108,56,52
DAWSON COUNTY,115,2 Years,167,83,84,38,18,20,7,4,3,0,0,0,17,9,8,105,52,53
DAWSON COUNTY,115,3 Years,164,79,85,39,16,23,6,4,2,1,0,1,16,8,8,102,51,51
DAWSON COUNTY,115,4 Years,165,80,85,41,19,22,7,5,2,0,0,0,13,6,7,104,50,54
DAWSON COUNTY,115,5 Years,160,80,80,42,22,20,7,4,3,1,0,1,9,4,5,101,50,51
DAWSON COUNTY,115,6 Years,165,87,78,44,23,21,8,5,3,0,0,0,8,6,2,105,53,52
DAWSON COUNTY,115,7 Years,164,87,77,47,24,23,7,4,3,0,0,0,5,4,1,105,55,50
DAWSON COUNTY,115,8 Years,172,89,83,41,24,17,7,2,5,0,0,0,5,2,3,119,61,58
DAWSON COUNTY,115,9 Years,184,92,92,55,27,28,6,3,3,0,0,0,4,1,3,119,61,58
DAWSON COUNTY,115,10 Years,181,93,88,45,21,24,5,4,1,0,0,0,2,1,1,129,67,62
DAWSON COUNTY,115,11 Years,181,93,88,38,19,19,5,2,3,0,0,0,2,1,1,136,71,65
DAWSON COUNTY,115,12 Years,181,91,90,48,24,24,3,1,2,1,1,0,2,1,1,127,64,63
DAWSON COUNTY,115,13 Years,163,80,83,46,21,25,5,2,3,2,2,0,3,1,2,107,54,53
DAWSON COUNTY,115,14 Years,154,86,68,40,21,19,5,2,3,1,1,0,2,1,1,106,61,45
DAWSON COUNTY,115,15 Years,163,85,78,38,20,18,7,3,4,1,1,0,0,0,0,117,61,56
DAWSON COUNTY,115,16 Years,156,79,77,40,21,19,5,3,2,1,0,1,2,1,1,108,54,54
DAWSON COUNTY,115,17 Years,171,80,91,45,21,24,6,3,3,1,0,1,1,0,1,118,56,62
DAWSON COUNTY,115,18 Years,179,102,77,55,27,28,8,5,3,1,0,1,3,1,2,112,69,43
DAWSON COUNTY,115,19 Years,172,103,69,45,25,20,24,20,4,0,0,0,5,4,1,98,54,44
DAWSON COUNTY,115,20 Years,180,122,58,51,37,14,15,14,1,0,0,0,3,2,1,111,69,42
DAWSON COUNTY,115,21 Years,207,146,61,56,41,15,29,26,3,0,0,0,3,3,0,119,76,43
DAWSON COUNTY,115,22 Years,226,153,73,59,40,19,31,27,4,1,1,0,1,1,0,134,84,50
DAWSON COUNTY,115,23 Years,228,151,77,61,41,20,22,16,6,0,0,0,7,4,3,138,90,48
DAWSON COUNTY,115,24 Years,255,184,71,71,56,15,23,20,3,2,2,0,3,3,0,156,103,53
DAWSON COUNTY,115,25 Years,267,185,82,83,58,25,28,25,3,1,1,0,1,1,0,154,100,54
DAWSON COUNTY,115,26 Years,242,162,80,70,46,24,25,23,2,1,0,1,4,3,1,142,90,52
DAWSON COUNTY,115,27 Years,238,172,66,75,56,19,25,23,2,0,0,0,1,0,1,137,93,44
DAWSON COUNTY,115,28 Years,221,157,64,74,56,18,31,29,2,0,0,0,4,2,2,112,70,42
DAWSON COUNTY,115,29 Years,234,162,72,78,55,23,29,26,3,1,1,0,3,2,1,123,78,45
DAWSON COUNTY,115,30 Years,175,131,44,66,47,19,24,24,0,0,0,0,2,2,0,83,58,25
DAWSON COUNTY,115,31 Years,205,139,66,64,41,23,25,23,2,1,0,1,0,0,0,115,75,40
DAWSON COUNTY,115,32 Years,200,143,57,58,41,17,19,17,2,2,1,1,0,0,0,121,84,37
DAWSON COUNTY,115,33 Years,194,133,61,68,46,22,9,9,0,2,2,0,0,0,0,115,76,39
DAWSON COUNTY,115,34 Years,184,110,74,70,40,30,9,7,2,0,0,0,1,1,0,104,62,42
DAWSON COUNTY,115,35 Years,185,111,74,66,36,30,17,14,3,0,0,0,1,1,0,101,60,41
DAWSON COUNTY,115,36 Years,183,113,70,62,36,26,20,18,2,0,0,0,0,0,0,101,59,42
DAWSON COUNTY,115,37 Years,184,115,69,58,33,25,21,19,2,0,0,0,1,1,0,104,62,42
DAWSON COUNTY,115,38 Years,166,96,70,58,35,23,8,6,2,0,0,0,4,2,2,96,53,43
DAWSON COUNTY,115,39 Years,175,108,67,57,36,21,12,10,2,0,0,0,2,1,1,104,61,43
DAWSON COUNTY,115,40 Years,162,103,59,46,29,17,18,16,2,2,1,1,1,1,0,95,56,39
DAWSON COUNTY,115,41 Years,138,78,60,48,29,19,9,8,1,1,1,0,1,1,0,79,39,40
DAWSON COUNTY,115,42 Years,123,65,58,43,26,17,6,4,2,1,1,0,0,0,0,73,34,39
DAWSON COUNTY,115,43 Years,125,71,54,47,26,21,12,10,2,0,0,0,0,0,0,66,35,31
DAWSON COUNTY,115,44 Years,129,74,55,45,26,19,4,2,2,0,0,0,2,1,1,78,45,33
DAWSON COUNTY,115,45 Years,131,74,57,46,25,21,14,11,3,1,0,1,0,0,0,70,38,32
DAWSON COUNTY,115,46 Years,114,65,49,49,27,22,12,8,4,0,0,0,1,0,1,52,30,22
DAWSON COUNTY,115,47 Years,122,61,61,50,24,26,5,4,1,2,0,2,2,0,2,63,33,30
DAWSON COUNTY,115,48 Years,134,72,62,46,22,24,12,9,3,1,0,1,1,0,1,74,41,33
DAWSON COUNTY,115,49 Years,127,65,62,52,24,28,8,7,1,0,0,0,1,1,0,66,33,33
DAWSON COUNTY,115,50 Years,115,57,58,46,20,26,3,3,0,0,0,0,0,0,0,66,34,32
DAWSON COUNTY,115,51 Years,123,65,58,35,20,15,12,8,4,2,1,1,2,0,2,72,36,36
DAWSON COUNTY,115,52 Years,116,65,51,31,17,14,8,6,2,1,0,1,2,1,1,74,41,33
DAWSON COUNTY,115,53 Years,134,73,61,44,23,21,9,5,4,1,0,1,1,1,0,79,44,35
DAWSON COUNTY,115,54 Years,133,75,58,49,28,21,6,2,4,1,1,0,1,1,0,76,43,33
DAWSON COUNTY,115,55 Years,136,76,60,47,24,23,10,7,3,0,0,0,0,0,0,79,45,34
DAWSON COUNTY,115,56 Years,142,67,75,52,22,30,4,1,3,0,0,0,2,1,1,84,43,41
DAWSON COUNTY,115,57 Years,138,69,69,53,23,30,4,1,3,0,0,0,0,0,0,81,45,36
DAWSON COUNTY,115,58 Years,131,70,61,58,28,30,3,1,2,0,0,0,3,2,1,67,39,28
DAWSON COUNTY,115,59 Years,122,65,57,62,32,30,3,1,2,1,1,0,0,0,0,56,31,25
DAWSON COUNTY,115,60 Years,112,53,59,52,22,30,3,1,2,0,0,0,4,1,3,53,29,24
DAWSON COUNTY,115,61 Years,124,56,68,54,24,30,5,1,4,0,0,0,2,0,2,63,31,32
DAWSON COUNTY,115,62 Years,107,49,58,54,26,28,4,0,4,0,0,0,0,0,0,49,23,26
DAWSON COUNTY,115,63 Years,114,53,61,56,26,30,3,0,3,1,0,1,1,0,1,53,27,26
DAWSON COUNTY,115,64 Years,102,52,50,53,26,27,4,3,1,1,0,1,1,0,1,43,23,20
DAWSON COUNTY,115,65 Years,103,52,51,52,26,26,7,4,3,0,0,0,2,0,2,42,22,20
DAWSON COUNTY,115,66 Years,91,39,52,46,17,29,7,3,4,0,0,0,0,0,0,38,19,19
DAWSON COUNTY,115,67 Years,103,49,54,47,21,26,4,2,2,1,0,1,0,0,0,51,26,25
DAWSON COUNTY,115,68 Years,87,41,46,45,20,25,5,3,2,1,0,1,0,0,0,36,18,18
DAWSON COUNTY,115,69 Years,90,51,39,46,25,21,4,3,1,1,1,0,0,0,0,39,22,17
DAWSON COUNTY,115,70 Years,101,53,48,55,26,29,5,2,3,1,1,0,1,1,0,39,23,16
DAWSON COUNTY,115,71 Years,101,43,58,51,21,30,3,2,1,1,1,0,0,0,0,46,19,27
DAWSON COUNTY,115,72 Years,85,29,56,35,11,24,4,2,2,0,0,0,1,0,1,45,16,29
DAWSON COUNTY,115,73 Years,79,26,53,36,11,25,4,0,4,0,0,0,1,0,1,38,15,23
DAWSON COUNTY,115,74 Years,89,38,51,41,19,22,5,1,4,2,1,1,1,0,1,40,17,23
DAWSON COUNTY,115,75 Years,78,37,41,43,22,21,2,1,1,0,0,0,1,0,1,32,14,18
DAWSON COUNTY,115,76 Years,75,28,47,47,19,28,3,1,2,0,0,0,0,0,0,25,8,17
DAWSON COUNTY,115,77 Years,67,29,38,40,19,21,3,2,1,1,1,0,0,0,0,23,7,16
DAWSON COUNTY,115,78 Years,63,27,36,31,14,17,3,1,2,1,1,0,1,1,0,27,10,17
DAWSON COUNTY,115,79 Years,62,24,38,34,14,20,3,0,3,0,0,0,1,1,0,24,9,15
DAWSON COUNTY,115,80 Years,62,24,38,40,17,23,3,1,2,0,0,0,0,0,0,19,6,13
DAWSON COUNTY,115,81 Years,57,21,36,35,15,20,1,0,1,0,0,0,2,1,1,19,5,14
DAWSON COUNTY,115,82 Years,61,21,40,40,15,25,0,0,0,0,0,0,1,0,1,20,6,14
DAWSON COUNTY,115,83 Years,61,21,40,38,14,24,1,0,1,0,0,0,2,1,1,20,6,14
DAWSON COUNTY,115,84 Years,55,21,34,31,12,19,2,0,2,0,0,0,1,1,0,21,8,13
DAWSON COUNTY,115,85 Years,48,17,31,28,11,17,2,1,1,0,0,0,0,0,0,18,5,13
DAWSON COUNTY,115,86 Years,50,23,27,34,14,20,1,1,0,0,0,0,1,1,0,14,7,7
DAWSON COUNTY,115,87 Years,40,16,24,25,10,15,2,0,2,0,0,0,0,0,0,13,6,7
DAWSON COUNTY,115,88 Years,35,14,21,19,7,12,3,1,2,0,0,0,0,0,0,13,6,7
DAWSON COUNTY,115,89 Years,33,12,21,17,6,11,4,1,3,0,0,0,0,0,0,12,5,7
DAWSON COUNTY,115,90 Years,22,10,12,11,5,6,2,1,1,0,0,0,0,0,0,9,4,5
DAWSON COUNTY,115,91 Years,21,9,12,10,4,6,2,1,1,0,0,0,1,0,1,8,4,4
DAWSON COUNTY,115,92 Years,22,9,13,13,4,9,2,2,0,0,0,0,0,0,0,7,3,4
DAWSON COUNTY,115,93 Years,18,6,12,10,3,7,3,1,2,0,0,0,0,0,0,5,2,3
DAWSON COUNTY,115,94 Years,12,3,9,6,2,4,2,0,2,0,0,0,0,0,0,4,1,3
DAWSON COUNTY,115,95 Years +,30,9,21,14,4,10,4,2,2,0,0,0,0,0,0,12,3,9
DEAF SMITH COUNTY,117,All Ages,19538,9612,9926,4615,2199,2416,189,90,99,64,28,36,200,99,101,14470,7196,7274
DEAF SMITH COUNTY,117,< 1 Year,342,165,177,43,22,21,2,1,1,0,0,0,0,0,0,297,142,155
DEAF SMITH COUNTY,117,1 Years,340,169,171,41,20,21,2,1,1,0,0,0,2,2,0,295,146,149
DEAF SMITH COUNTY,117,2 Years,343,169,174,39,19,20,3,2,1,1,1,0,1,1,0,299,146,153
DEAF SMITH COUNTY,117,3 Years,333,165,168,38,18,20,2,1,1,1,0,1,1,1,0,291,145,146
DEAF SMITH COUNTY,117,4 Years,329,160,169,37,19,18,2,1,1,0,0,0,1,0,1,289,140,149
DEAF SMITH COUNTY,117,5 Years,325,161,164,40,19,21,2,1,1,2,1,1,1,0,1,280,140,140
DEAF SMITH COUNTY,117,6 Years,329,160,169,39,17,22,2,1,1,2,1,1,1,0,1,285,141,144
DEAF SMITH COUNTY,117,7 Years,322,163,159,38,17,21,3,2,1,3,2,1,2,1,1,276,141,135
DEAF SMITH COUNTY,117,8 Years,312,148,164,41,20,21,1,0,1,0,0,0,1,1,0,269,127,142
DEAF SMITH COUNTY,117,9 Years,325,154,171,43,22,21,1,0,1,2,2,0,3,2,1,276,128,148
DEAF SMITH COUNTY,117,10 Years,355,173,182,46,26,20,0,0,0,1,1,0,7,3,4,301,143,158
DEAF SMITH COUNTY,117,11 Years,355,194,161,38,19,19,3,2,1,1,1,0,4,3,1,309,169,140
DEAF SMITH COUNTY,117,12 Years,322,172,150,45,25,20,2,1,1,0,0,0,3,2,1,272,144,128
DEAF SMITH COUNTY,117,13 Years,316,162,154,49,28,21,2,1,1,0,0,0,6,4,2,259,129,130
DEAF SMITH COUNTY,117,14 Years,330,161,169,43,21,22,5,1,4,0,0,0,9,5,4,273,134,139
DEAF SMITH COUNTY,117,15 Years,331,156,175,55,23,32,2,1,1,0,0,0,3,2,1,271,130,141
DEAF SMITH COUNTY,117,16 Years,331,171,160,67,39,28,0,0,0,0,0,0,4,2,2,260,130,130
DEAF SMITH COUNTY,117,17 Years,331,163,168,67,33,34,1,1,0,1,0,1,4,0,4,258,129,129
DEAF SMITH COUNTY,117,18 Years,338,165,173,61,32,29,0,0,0,2,0,2,3,0,3,272,133,139
DEAF SMITH COUNTY,117,19 Years,308,156,152,65,34,31,2,1,1,1,1,0,2,1,1,238,119,119
DEAF SMITH COUNTY,117,20 Years,298,157,141,56,28,28,3,1,2,1,1,0,2,1,1,236,126,110
DEAF SMITH COUNTY,117,21 Years,273,138,135,46,27,19,2,1,1,0,0,0,3,3,0,222,107,115
DEAF SMITH COUNTY,117,22 Years,271,139,132,55,33,22,3,2,1,0,0,0,3,3,0,210,101,109
DEAF SMITH COUNTY,117,23 Years,272,142,130,50,25,25,2,2,0,0,0,0,1,1,0,219,114,105
DEAF SMITH COUNTY,117,24 Years,284,153,131,46,23,23,2,2,0,1,0,1,2,1,1,233,127,106
DEAF SMITH COUNTY,117,25 Years,289,151,138,54,25,29,4,3,1,0,0,0,4,1,3,227,122,105
DEAF SMITH COUNTY,117,26 Years,300,149,151,52,31,21,2,0,2,2,0,2,2,1,1,242,117,125
DEAF SMITH COUNTY,117,27 Years,277,125,152,40,21,19,1,0,1,2,0,2,3,1,2,231,103,128
DEAF SMITH COUNTY,117,28 Years,243,122,121,37,17,20,3,2,1,0,0,0,3,2,1,200,101,99
DEAF SMITH COUNTY,117,29 Years,242,122,120,40,19,21,1,1,0,1,0,1,1,1,0,199,101,98
DEAF SMITH COUNTY,117,30 Years,254,132,122,49,29,20,2,1,1,2,1,1,2,1,1,199,100,99
DEAF SMITH COUNTY,117,31 Years,223,116,107,41,21,20,2,0,2,1,1,0,1,0,1,178,94,84
DEAF SMITH COUNTY,117,32 Years,231,108,123,40,18,22,4,1,3,0,0,0,2,1,1,185,88,97
DEAF SMITH COUNTY,117,33 Years,236,121,115,46,22,24,3,2,1,1,1,0,3,2,1,183,94,89
DEAF SMITH COUNTY,117,34 Years,255,120,135,56,22,34,1,0,1,1,0,1,2,2,0,195,96,99
DEAF SMITH COUNTY,117,35 Years,250,123,127,48,25,23,1,0,1,4,2,2,3,1,2,194,95,99
DEAF SMITH COUNTY,117,36 Years,246,116,130,42,24,18,2,1,1,2,1,1,3,1,2,197,89,108
DEAF SMITH COUNTY,117,37 Years,243,119,124,52,26,26,0,0,0,1,0,1,1,0,1,189,93,96
DEAF SMITH COUNTY,117,38 Years,274,134,140,54,22,32,3,1,2,0,0,0,7,4,3,210,107,103
DEAF SMITH COUNTY,117,39 Years,252,123,129,46,21,25,2,1,1,0,0,0,3,2,1,201,99,102
DEAF SMITH COUNTY,117,40 Years,233,120,113,35,16,19,2,1,1,0,0,0,2,2,0,194,101,93
DEAF SMITH COUNTY,117,41 Years,242,112,130,39,17,22,3,2,1,2,1,1,3,3,0,195,89,106
DEAF SMITH COUNTY,117,42 Years,240,113,127,45,21,24,4,2,2,1,0,1,2,1,1,188,89,99
DEAF SMITH COUNTY,117,43 Years,227,111,116,42,19,23,3,1,2,0,0,0,1,0,1,181,91,90
DEAF SMITH COUNTY,117,44 Years,199,97,102,38,20,18,2,0,2,1,1,0,1,0,1,157,76,81
DEAF SMITH COUNTY,117,45 Years,193,99,94,39,19,20,1,0,1,1,0,1,2,1,1,150,79,71
DEAF SMITH COUNTY,117,46 Years,219,103,116,42,19,23,2,1,1,0,0,0,6,2,4,169,81,88
DEAF SMITH COUNTY,117,47 Years,225,114,111,58,27,31,4,3,1,0,0,0,5,2,3,158,82,76
DEAF SMITH COUNTY,117,48 Years,226,117,109,67,30,37,7,2,5,0,0,0,2,1,1,150,84,66
DEAF SMITH COUNTY,117,49 Years,223,107,116,54,24,30,2,1,1,0,0,0,3,1,2,164,81,83
DEAF SMITH COUNTY,117,50 Years,193,92,101,39,16,23,1,1,0,1,0,1,2,0,2,150,75,75
DEAF SMITH COUNTY,117,51 Years,211,109,102,53,31,22,2,1,1,1,1,0,2,1,1,153,75,78
DEAF SMITH COUNTY,117,52 Years,208,113,95,55,26,29,2,1,1,1,1,0,1,1,0,149,84,65
DEAF SMITH COUNTY,117,53 Years,228,113,115,63,31,32,5,3,2,2,1,1,3,2,1,155,76,79
DEAF SMITH COUNTY,117,54 Years,200,107,93,59,31,28,3,2,1,2,1,1,1,1,0,135,72,63
DEAF SMITH COUNTY,117,55 Years,196,105,91,57,30,27,3,1,2,1,1,0,2,0,2,133,73,60
DEAF SMITH COUNTY,117,56 Years,203,103,100,69,32,37,2,1,1,0,0,0,2,1,1,130,69,61
DEAF SMITH COUNTY,117,57 Years,223,102,121,78,36,42,3,2,1,3,1,2,3,0,3,136,63,73
DEAF SMITH COUNTY,117,58 Years,200,100,100,70,33,37,1,1,0,1,0,1,2,0,2,126,66,60
DEAF SMITH COUNTY,117,59 Years,197,107,90,70,33,37,5,2,3,1,1,0,0,0,0,121,71,50
DEAF SMITH COUNTY,117,60 Years,220,110,110,83,41,42,3,2,1,1,0,1,1,0,1,132,67,65
DEAF SMITH COUNTY,117,61 Years,210,109,101,88,47,41,3,2,1,0,0,0,0,0,0,119,60,59
DEAF SMITH COUNTY,117,62 Years,193,92,101,78,36,42,1,1,0,0,0,0,0,0,0,114,55,59
DEAF SMITH COUNTY,117,63 Years,189,91,98,74,32,42,2,2,0,0,0,0,0,0,0,113,57,56
DEAF SMITH COUNTY,117,64 Years,194,90,104,79,37,42,4,1,3,0,0,0,3,2,1,108,50,58
DEAF SMITH COUNTY,117,65 Years,176,89,87,81,41,40,3,2,1,1,0,1,3,3,0,88,43,45
DEAF SMITH COUNTY,117,66 Years,171,82,89,77,38,39,2,2,0,1,0,1,5,2,3,86,40,46
DEAF SMITH COUNTY,117,67 Years,166,79,87,69,31,38,2,1,1,0,0,0,3,1,2,92,46,46
DEAF SMITH COUNTY,117,68 Years,155,75,80,72,32,40,2,1,1,0,0,0,1,0,1,80,42,38
DEAF SMITH COUNTY,117,69 Years,151,76,75,72,34,38,2,1,1,0,0,0,3,1,2,74,40,34
DEAF SMITH COUNTY,117,70 Years,133,62,71,65,29,36,0,0,0,2,0,2,3,1,2,63,32,31
DEAF SMITH COUNTY,117,71 Years,114,52,62,62,28,34,1,0,1,0,0,0,3,1,2,48,23,25
DEAF SMITH COUNTY,117,72 Years,94,39,55,50,22,28,1,1,0,0,0,0,3,1,2,40,15,25
DEAF SMITH COUNTY,117,73 Years,101,32,69,44,16,28,3,1,2,2,1,1,1,0,1,51,14,37
DEAF SMITH COUNTY,117,74 Years,103,40,63,52,22,30,3,1,2,1,1,0,1,1,0,46,15,31
DEAF SMITH COUNTY,117,75 Years,97,51,46,44,23,21,2,1,1,1,0,1,2,2,0,48,25,23
DEAF SMITH COUNTY,117,76 Years,77,39,38,42,22,20,1,0,1,0,0,0,2,1,1,32,16,16
DEAF SMITH COUNTY,117,77 Years,81,37,44,45,20,25,1,0,1,0,0,0,0,0,0,35,17,18
DEAF SMITH COUNTY,117,78 Years,77,32,45,46,20,26,1,0,1,0,0,0,1,1,0,29,11,18
DEAF SMITH COUNTY,117,79 Years,72,29,43,41,19,22,1,0,1,0,0,0,1,1,0,29,9,20
DEAF SMITH COUNTY,117,80 Years,71,30,41,42,18,24,1,0,1,0,0,0,1,0,1,27,12,15
DEAF SMITH COUNTY,117,81 Years,74,30,44,39,17,22,1,0,1,0,0,0,1,0,1,33,13,20
DEAF SMITH COUNTY,117,82 Years,64,26,38,38,15,23,2,0,2,1,0,1,2,1,1,21,10,11
DEAF SMITH COUNTY,117,83 Years,55,26,29,33,15,18,1,0,1,0,0,0,0,0,0,21,11,10
DEAF SMITH COUNTY,117,84 Years,58,22,36,37,13,24,1,0,1,0,0,0,0,0,0,20,9,11
DEAF SMITH COUNTY,117,85 Years,48,20,28,29,12,17,1,0,1,0,0,0,0,0,0,18,8,10
DEAF SMITH COUNTY,117,86 Years,43,19,24,28,10,18,2,1,1,0,0,0,0,0,0,13,8,5
DEAF SMITH COUNTY,117,87 Years,41,15,26,28,9,19,1,0,1,0,0,0,0,0,0,12,6,6
DEAF SMITH COUNTY,117,88 Years,38,14,24,26,8,18,0,0,0,0,0,0,2,1,1,10,5,5
DEAF SMITH COUNTY,117,89 Years,35,14,21,23,7,16,0,0,0,0,0,0,1,1,0,11,6,5
DEAF SMITH COUNTY,117,90 Years,26,11,15,17,6,11,0,0,0,0,0,0,0,0,0,9,5,4
DEAF SMITH COUNTY,117,91 Years,21,10,11,12,4,8,2,2,0,0,0,0,0,0,0,7,4,3
DEAF SMITH COUNTY,117,92 Years,18,8,10,12,5,7,0,0,0,0,0,0,2,0,2,4,3,1
DEAF SMITH COUNTY,117,93 Years,15,5,10,9,2,7,0,0,0,0,0,0,0,0,0,6,3,3
DEAF SMITH COUNTY,117,94 Years,10,3,7,6,1,5,0,0,0,0,0,0,0,0,0,4,2,2
DEAF SMITH COUNTY,117,95 Years +,31,12,19,15,4,11,2,1,1,0,0,0,1,0,1,13,7,6
DELTA COUNTY,119,All Ages,5282,2623,2659,4235,2102,2133,424,199,225,33,16,17,208,94,114,382,212,170
DELTA COUNTY,119,< 1 Year,60,32,28,38,21,17,5,5,0,0,0,0,3,2,1,14,4,10
DELTA COUNTY,119,1 Years,64,37,27,40,22,18,7,5,2,0,0,0,2,1,1,15,9,6
DELTA COUNTY,119,2 Years,61,33,28,39,20,19,6,4,2,0,0,0,3,1,2,13,8,5
DELTA COUNTY,119,3 Years,64,35,29,41,23,18,8,2,6,0,0,0,0,0,0,15,10,5
DELTA COUNTY,119,4 Years,61,31,30,36,20,16,8,4,4,0,0,0,4,1,3,13,6,7
DELTA COUNTY,119,5 Years,58,27,31,34,17,17,8,3,5,0,0,0,4,3,1,12,4,8
DELTA COUNTY,119,6 Years,58,26,32,35,15,20,7,4,3,0,0,0,5,4,1,11,3,8
DELTA COUNTY,119,7 Years,60,24,36,41,16,25,8,4,4,0,0,0,4,3,1,7,1,6
DELTA COUNTY,119,8 Years,61,22,39,42,18,24,7,1,6,1,1,0,3,1,2,8,1,7
DELTA COUNTY,119,9 Years,67,31,36,44,18,26,7,3,4,2,1,1,5,4,1,9,5,4
DELTA COUNTY,119,10 Years,53,24,29,39,16,23,6,4,2,0,0,0,3,2,1,5,2,3
DELTA COUNTY,119,11 Years,66,30,36,50,21,29,7,4,3,1,0,1,3,1,2,5,4,1
DELTA COUNTY,119,12 Years,71,39,32,51,27,24,5,2,3,0,0,0,5,1,4,10,9,1
DELTA COUNTY,119,13 Years,61,29,32,48,23,25,2,0,2,1,0,1,4,2,2,6,4,2
DELTA COUNTY,119,14 Years,57,24,33,42,18,24,3,0,3,0,0,0,4,2,2,8,4,4
DELTA COUNTY,119,15 Years,67,33,34,46,24,22,4,1,3,0,0,0,6,3,3,11,5,6
DELTA COUNTY,119,16 Years,62,35,27,51,29,22,1,1,0,0,0,0,3,1,2,7,4,3
DELTA COUNTY,119,17 Years,57,32,25,44,26,18,4,2,2,1,0,1,6,3,3,2,1,1
DELTA COUNTY,119,18 Years,57,29,28,41,23,18,6,3,3,1,0,1,4,2,2,5,1,4
DELTA COUNTY,119,19 Years,49,21,28,35,17,18,6,2,4,0,0,0,3,1,2,5,1,4
DELTA COUNTY,119,20 Years,41,18,23,28,13,15,3,1,2,0,0,0,4,0,4,6,4,2
DELTA COUNTY,119,21 Years,44,26,18,30,15,15,5,4,1,0,0,0,5,3,2,4,4,0
DELTA COUNTY,119,22 Years,48,27,21,32,17,15,6,5,1,0,0,0,2,0,2,8,5,3
DELTA COUNTY,119,23 Years,58,29,29,35,18,17,10,3,7,0,0,0,5,4,1,8,4,4
DELTA COUNTY,119,24 Years,60,30,30,39,19,20,12,5,7,0,0,0,2,1,1,7,5,2
DELTA COUNTY,119,25 Years,54,27,27,41,20,21,7,4,3,0,0,0,3,1,2,3,2,1
DELTA COUNTY,119,26 Years,56,31,25,37,20,17,9,5,4,0,0,0,5,3,2,5,3,2
DELTA COUNTY,119,27 Years,52,30,22,37,22,15,8,3,5,0,0,0,2,1,1,5,4,1
DELTA COUNTY,119,28 Years,63,33,30,44,22,22,9,5,4,0,0,0,2,2,0,8,4,4
DELTA COUNTY,119,29 Years,58,32,26,49,25,24,5,4,1,1,1,0,1,1,0,2,1,1
DELTA COUNTY,119,30 Years,44,19,25,35,12,23,4,3,1,1,1,0,2,1,1,2,2,0
DELTA COUNTY,119,31 Years,63,30,33,49,25,24,9,2,7,1,1,0,1,1,0,3,1,2
DELTA COUNTY,119,32 Years,57,25,32,44,22,22,8,1,7,0,0,0,1,1,0,4,1,3
DELTA COUNTY,119,33 Years,55,28,27,47,26,21,3,0,3,0,0,0,2,0,2,3,2,1
DELTA COUNTY,119,34 Years,66,37,29,59,32,27,4,2,2,0,0,0,0,0,0,3,3,0
DELTA COUNTY,119,35 Years,67,37,30,54,29,25,3,1,2,1,1,0,2,2,0,7,4,3
DELTA COUNTY,119,36 Years,51,30,21,43,26,17,2,1,1,0,0,0,3,1,2,3,2,1
DELTA COUNTY,119,37 Years,44,17,27,35,14,21,3,1,2,1,0,1,2,1,1,3,1,2
DELTA COUNTY,119,38 Years,65,28,37,55,22,33,2,1,1,1,0,1,2,1,1,5,4,1
DELTA COUNTY,119,39 Years,53,30,23,47,25,22,1,1,0,0,0,0,1,1,0,4,3,1
DELTA COUNTY,119,40 Years,44,25,19,41,22,19,1,1,0,0,0,0,0,0,0,2,2,0
DELTA COUNTY,119,41 Years,45,23,22,37,18,19,3,1,2,1,1,0,0,0,0,4,3,1
DELTA COUNTY,119,42 Years,49,27,22,40,22,18,3,1,2,1,1,0,0,0,0,5,3,2
DELTA COUNTY,119,43 Years,47,24,23,42,21,21,3,2,1,0,0,0,0,0,0,2,1,1
DELTA COUNTY,119,44 Years,61,30,31,45,25,20,7,2,5,0,0,0,4,0,4,5,3,2
DELTA COUNTY,119,45 Years,53,30,23,41,25,16,7,2,5,0,0,0,1,0,1,4,3,1
DELTA COUNTY,119,46 Years,58,26,32,47,24,23,5,1,4,0,0,0,3,0,3,3,1,2
DELTA COUNTY,119,47 Years,61,29,32,52,26,26,4,2,2,0,0,0,2,0,2,3,1,2
DELTA COUNTY,119,48 Years,65,29,36,58,26,32,3,2,1,0,0,0,1,0,1,3,1,2
DELTA COUNTY,119,49 Years,74,35,39,59,27,32,9,5,4,0,0,0,3,1,2,3,2,1
DELTA COUNTY,119,50 Years,65,34,31,53,28,25,7,4,3,1,0,1,2,1,1,2,1,1
DELTA COUNTY,119,51 Years,69,34,35,58,28,30,6,4,2,1,0,1,1,1,0,3,1,2
DELTA COUNTY,119,52 Years,76,35,41,68,30,38,5,3,2,0,0,0,1,0,1,2,2,0
DELTA COUNTY,119,53 Years,81,35,46,72,31,41,4,2,2,0,0,0,1,0,1,4,2,2
DELTA COUNTY,119,54 Years,73,33,40,63,29,34,7,4,3,1,0,1,0,0,0,2,0,2
DELTA COUNTY,119,55 Years,69,33,36,58,28,30,5,1,4,1,0,1,1,0,1,4,4,0
DELTA COUNTY,119,56 Years,66,33,33,60,31,29,2,0,2,1,0,1,1,0,1,2,2,0
DELTA COUNTY,119,57 Years,76,43,33,67,38,29,4,3,1,0,0,0,3,1,2,2,1,1
DELTA COUNTY,119,58 Years,70,39,31,60,33,27,2,1,1,2,2,0,5,2,3,1,1,0
DELTA COUNTY,119,59 Years,76,32,44,60,25,35,7,4,3,1,1,0,2,1,1,6,1,5
DELTA COUNTY,119,60 Years,84,46,38,71,39,32,5,3,2,0,0,0,4,3,1,4,1,3
DELTA COUNTY,119,61 Years,91,46,45,78,39,39,5,3,2,1,1,0,5,2,3,2,1,1
DELTA COUNTY,119,62 Years,93,46,47,74,39,35,7,2,5,1,0,1,7,3,4,4,2,2
DELTA COUNTY,119,63 Years,67,36,31,55,29,26,5,3,2,0,0,0,4,2,2,3,2,1
DELTA COUNTY,119,64 Years,70,34,36,58,28,30,3,2,1,1,0,1,3,1,2,5,3,2
DELTA COUNTY,119,65 Years,77,39,38,71,35,36,3,2,1,0,0,0,2,1,1,1,1,0
DELTA COUNTY,119,66 Years,68,33,35,56,25,31,6,5,1,2,1,1,2,1,1,2,1,1
DELTA COUNTY,119,67 Years,65,31,34,59,27,32,3,1,2,1,1,0,1,1,0,1,1,0
DELTA COUNTY,119,68 Years,72,36,36,61,28,33,5,2,3,0,0,0,2,2,0,4,4,0
DELTA COUNTY,119,69 Years,74,31,43,66,28,38,5,1,4,0,0,0,2,1,1,1,1,0
DELTA COUNTY,119,70 Years,75,39,36,67,36,31,3,1,2,1,0,1,2,0,2,2,2,0
DELTA COUNTY,119,71 Years,76,39,37,69,34,35,3,2,1,0,0,0,2,1,1,2,2,0
DELTA COUNTY,119,72 Years,67,30,37,61,26,35,3,2,1,1,1,0,1,0,1,1,1,0
DELTA COUNTY,119,73 Years,63,30,33,57,28,29,4,1,3,0,0,0,2,1,1,0,0,0
DELTA COUNTY,119,74 Years,62,32,30,56,30,26,4,1,3,1,1,0,1,0,1,0,0,0
DELTA COUNTY,119,75 Years,67,33,34,55,28,27,5,2,3,0,0,0,5,2,3,2,1,1
DELTA COUNTY,119,76 Years,54,30,24,48,27,21,3,1,2,0,0,0,1,1,0,2,1,1
DELTA COUNTY,119,77 Years,46,25,21,40,21,19,3,2,1,0,0,0,2,1,1,1,1,0
DELTA COUNTY,119,78 Years,59,27,32,53,24,29,4,2,2,0,0,0,1,0,1,1,1,0
DELTA COUNTY,119,79 Years,42,23,19,40,22,18,1,0,1,0,0,0,1,1,0,0,0,0
DELTA COUNTY,119,80 Years,36,20,16,32,18,14,3,2,1,0,0,0,0,0,0,1,0,1
DELTA COUNTY,119,81 Years,38,19,19,33,18,15,3,1,2,0,0,0,1,0,1,1,0,1
DELTA COUNTY,119,82 Years,35,17,18,31,15,16,3,2,1,0,0,0,1,0,1,0,0,0
DELTA COUNTY,119,83 Years,31,19,12,26,15,11,3,2,1,0,0,0,0,0,0,2,2,0
DELTA COUNTY,119,84 Years,28,17,11,25,15,10,1,0,1,0,0,0,0,0,0,2,2,0
DELTA COUNTY,119,85 Years,21,11,10,19,11,8,1,0,1,0,0,0,1,0,1,0,0,0
DELTA COUNTY,119,86 Years,20,10,10,16,8,8,1,1,0,0,0,0,2,0,2,1,1,0
DELTA COUNTY,119,87 Years,16,7,9,13,5,8,1,1,0,0,0,0,1,0,1,1,1,0
DELTA COUNTY,119,88 Years,17,5,12,16,5,11,1,0,1,0,0,0,0,0,0,0,0,0
DELTA COUNTY,119,89 Years,13,4,9,12,4,8,1,0,1,0,0,0,0,0,0,0,0,0
DELTA COUNTY,119,90 Years,10,3,7,10,3,7,0,0,0,0,0,0,0,0,0,0,0,0
DELTA COUNTY,119,91 Years,14,3,11,13,3,10,0,0,0,1,0,1,0,0,0,0,0,0
DELTA COUNTY,119,92 Years,9,3,6,9,3,6,0,0,0,0,0,0,0,0,0,0,0,0
DELTA COUNTY,119,93 Years,8,2,6,7,2,5,1,0,1,0,0,0,0,0,0,0,0,0
DELTA COUNTY,119,94 Years,4,2,2,4,2,2,0,0,0,0,0,0,0,0,0,0,0,0
DELTA COUNTY,119,95 Years +,19,8,11,16,7,9,3,1,2,0,0,0,0,0,0,0,0,0
DENTON COUNTY,121,All Ages,851828,417360,434468,500838,246275,254563,87728,40668,47060,73250,36120,37130,25653,12454,13199,164359,81843,82516
DENTON COUNTY,121,< 1 Year,9657,4927,4730,4511,2308,2203,1015,522,493,943,490,453,632,328,304,2556,1279,1277
DENTON COUNTY,121,1 Years,9922,5081,4841,4675,2394,2281,1045,528,517,922,489,433,641,333,308,2639,1337,1302
DENTON COUNTY,121,2 Years,10214,5205,5009,4874,2505,2369,1069,531,538,939,491,448,636,315,321,2696,1363,1333
DENTON COUNTY,121,3 Years,10465,5346,5119,5076,2603,2473,1056,527,529,938,492,446,628,308,320,2767,1416,1351
DENTON COUNTY,121,4 Years,10527,5360,5167,5119,2604,2515,1056,545,511,973,502,471,603,293,310,2776,1416,1360
DENTON COUNTY,121,5 Years,10520,5341,5179,5127,2590,2537,1055,552,503,976,501,475,587,284,303,2775,1414,1361
DENTON COUNTY,121,6 Years,10491,5327,5164,5137,2606,2531,1066,549,517,958,486,472,565,276,289,2765,1410,1355
DENTON COUNTY,121,7 Years,10529,5366,5163,5163,2652,2511,1055,532,523,975,490,485,553,269,284,2783,1423,1360
DENTON COUNTY,121,8 Years,10140,5247,4893,4966,2563,2403,1021,535,486,927,481,446,513,254,259,2713,1414,1299
DENTON COUNTY,121,9 Years,11831,6061,5770,5769,2946,2823,1198,619,579,1029,527,502,670,334,336,3165,1635,1530
DENTON COUNTY,121,10 Years,12237,6137,6100,6048,3036,3012,1264,618,646,1059,532,527,631,312,319,3235,1639,1596
DENTON COUNTY,121,11 Years,12508,6308,6200,6354,3275,3079,1252,595,657,1054,525,529,610,309,301,3238,1604,1634
DENTON COUNTY,121,12 Years,12708,6424,6284,6656,3438,3218,1280,621,659,978,489,489,596,296,300,3198,1580,1618
DENTON COUNTY,121,13 Years,12957,6688,6269,6931,3591,3340,1287,663,624,1044,550,494,567,291,276,3128,1593,1535
DENTON COUNTY,121,14 Years,13042,6708,6334,7044,3621,3423,1373,706,667,999,512,487,525,279,246,3101,1590,1511
DENTON COUNTY,121,15 Years,13030,6567,6463,7173,3660,3513,1324,657,667,998,489,509,517,267,250,3018,1494,1524
DENTON COUNTY,121,16 Years,13035,6565,6470,7345,3759,3586,1342,654,688,1018,513,505,474,247,227,2856,1392,1464
DENTON COUNTY,121,17 Years,13304,6841,6463,7608,3906,3702,1357,739,618,1074,557,517,426,227,199,2839,1412,1427
DENTON COUNTY,121,18 Years,14046,7044,7002,8019,4055,3964,1533,738,795,1036,562,474,423,230,193,3035,1459,1576
DENTON COUNTY,121,19 Years,14294,7119,7175,8124,4052,4072,1418,655,763,1042,512,530,459,226,233,3251,1674,1577
DENTON COUNTY,121,20 Years,13881,6822,7059,8146,3989,4157,1324,611,713,993,486,507,438,222,216,2980,1514,1466
DENTON COUNTY,121,21 Years,14649,7078,7571,8639,4137,4502,1399,637,762,1049,536,513,424,195,229,3138,1573,1565
DENTON COUNTY,121,22 Years,14830,7235,7595,8786,4226,4560,1366,643,723,1165,586,579,454,223,231,3059,1557,1502
DENTON COUNTY,121,23 Years,14623,7022,7601,8503,4074,4429,1425,685,740,1263,578,685,417,193,224,3015,1492,1523
DENTON COUNTY,121,24 Years,14290,6907,7383,8068,3892,4176,1431,660,771,1349,600,749,425,205,220,3017,1550,1467
DENTON COUNTY,121,25 Years,13326,6534,6792,7158,3487,3671,1251,627,624,1314,550,764,498,256,242,3105,1614,1491
DENTON COUNTY,121,26 Years,12358,6062,6296,6534,3205,3329,1312,653,659,1093,469,624,461,212,249,2958,1523,1435
DENTON COUNTY,121,27 Years,11508,5255,6253,5907,2755,3152,1544,697,847,949,436,513,438,179,259,2670,1188,1482
DENTON COUNTY,121,28 Years,11254,5169,6085,5466,2568,2898,1676,739,937,1093,526,567,473,183,290,2546,1153,1393
DENTON COUNTY,121,29 Years,10760,5142,5618,4977,2413,2564,1658,725,933,1147,600,547,444,193,251,2534,1211,1323
DENTON COUNTY,121,30 Years,10042,4944,5098,4494,2309,2185,1614,761,853,1015,490,525,401,188,213,2518,1196,1322
DENTON COUNTY,121,31 Years,9774,5026,4748,4538,2426,2112,1453,680,773,980,533,447,362,170,192,2441,1217,1224
DENTON COUNTY,121,32 Years,10252,5339,4913,4981,2653,2328,1402,693,709,1136,646,490,366,171,195,2367,1176,1191
DENTON COUNTY,121,33 Years,10978,5510,5468,5558,2855,2703,1592,726,866,1126,612,514,356,180,176,2346,1137,1209
DENTON COUNTY,121,34 Years,11349,5736,5613,5660,2908,2752,1576,721,855,1341,693,648,346,171,175,2426,1243,1183
DENTON COUNTY,121,35 Years,12062,6028,6034,6174,3108,3066,1543,700,843,1405,688,717,344,170,174,2596,1362,1234
DENTON COUNTY,121,36 Years,12117,5910,6207,6228,3081,3147,1518,668,850,1395,628,767,314,162,152,2662,1371,1291
DENTON COUNTY,121,37 Years,12116,5934,6182,6346,3138,3208,1571,701,870,1281,607,674,303,160,143,2615,1328,1287
DENTON COUNTY,121,38 Years,12379,6139,6240,6505,3244,3261,1557,722,835,1265,615,650,352,172,180,2700,1386,1314
DENTON COUNTY,121,39 Years,12056,5820,6236,6346,3139,3207,1459,632,827,1338,619,719,320,146,174,2593,1284,1309
DENTON COUNTY,121,40 Years,11920,5649,6271,6354,3053,3301,1427,607,820,1276,573,703,307,138,169,2556,1278,1278
DENTON COUNTY,121,41 Years,12178,5853,6325,6523,3130,3393,1468,660,808,1286,600,686,301,147,154,2600,1316,1284
DENTON COUNTY,121,42 Years,12303,6045,6258,6635,3288,3347,1410,614,796,1332,635,697,336,190,146,2590,1318,1272
DENTON COUNTY,121,43 Years,12455,6066,6389,6753,3318,3435,1330,586,744,1411,669,742,303,155,148,2658,1338,1320
DENTON COUNTY,121,44 Years,12401,5980,6421,6875,3353,3522,1353,620,733,1445,685,760,258,120,138,2470,1202,1268
DENTON COUNTY,121,45 Years,12704,6248,6456,7052,3489,3563,1427,641,786,1494,741,753,285,139,146,2446,1238,1208
DENTON COUNTY,121,46 Years,13144,6517,6627,7644,3853,3791,1426,641,785,1379,686,693,277,131,146,2418,1206,1212
DENTON COUNTY,121,47 Years,13862,6794,7068,8510,4204,4306,1435,626,809,1360,690,670,271,125,146,2286,1149,1137
DENTON COUNTY,121,48 Years,13651,6702,6949,8569,4194,4375,1366,630,736,1229,623,606,276,125,151,2211,1130,1081
DENTON COUNTY,121,49 Years,12792,6289,6503,8079,3981,4098,1276,582,694,1140,580,560,227,109,118,2070,1037,1033
DENTON COUNTY,121,50 Years,11933,5899,6034,7537,3736,3801,1231,542,689,1014,534,480,209,95,114,1942,992,950
DENTON COUNTY,121,51 Years,11620,5733,5887,7431,3713,3718,1226,544,682,946,495,451,193,87,106,1824,894,930
DENTON COUNTY,121,52 Years,11449,5603,5846,7334,3597,3737,1256,581,675,884,453,431,212,91,121,1763,881,882
DENTON COUNTY,121,53 Years,11912,5806,6106,7791,3803,3988,1275,598,677,873,439,434,223,92,131,1750,874,876
DENTON COUNTY,121,54 Years,12205,6012,6193,8242,4112,4130,1209,536,673,873,447,426,202,91,111,1679,826,853
DENTON COUNTY,121,55 Years,11784,5821,5963,7995,4033,3962,1191,527,664,867,416,451,206,96,110,1525,749,776
DENTON COUNTY,121,56 Years,11453,5612,5841,7846,3926,3920,1122,497,625,792,368,424,208,92,116,1485,729,756
DENTON COUNTY,121,57 Years,11160,5508,5652,7844,3936,3908,1048,473,575,740,368,372,195,82,113,1333,649,684
DENTON COUNTY,121,58 Years,10718,5270,5448,7589,3781,3808,1027,466,561,704,335,369,163,78,85,1235,610,625
DENTON COUNTY,121,59 Years,9948,4858,5090,7095,3515,3580,943,408,535,634,312,322,164,75,89,1112,548,564
DENTON COUNTY,121,60 Years,9594,4724,4870,6906,3440,3466,856,373,483,621,309,312,170,91,79,1041,511,530
DENTON COUNTY,121,61 Years,9112,4391,4721,6607,3209,3398,804,356,448,584,285,299,155,78,77,962,463,499
DENTON COUNTY,121,62 Years,8515,4086,4429,6144,2987,3157,741,326,415,607,293,314,140,65,75,883,415,468
DENTON COUNTY,121,63 Years,8197,3972,4225,6016,2949,3067,665,291,374,576,271,305,119,57,62,821,404,417
DENTON COUNTY,121,64 Years,7757,3602,4155,5847,2714,3133,577,248,329,519,240,279,107,55,52,707,345,362
DENTON COUNTY,121,65 Years,7239,3388,3851,5469,2571,2898,517,213,304,500,242,258,98,42,56,655,320,335
DENTON COUNTY,121,66 Years,6798,3221,3577,5159,2480,2679,469,196,273,460,213,247,87,36,51,623,296,327
DENTON COUNTY,121,67 Years,6433,3001,3432,4858,2267,2591,467,201,266,432,203,229,79,33,46,597,297,300
DENTON COUNTY,121,68 Years,6385,2929,3456,4874,2247,2627,458,183,275,425,208,217,76,30,46,552,261,291
DENTON COUNTY,121,69 Years,6077,2819,3258,4737,2243,2494,396,148,248,376,175,201,74,31,43,494,222,272
DENTON COUNTY,121,70 Years,6024,2821,3203,4764,2260,2504,389,160,229,343,157,186,70,32,38,458,212,246
DENTON COUNTY,121,71 Years,5808,2695,3113,4748,2216,2532,306,132,174,274,122,152,57,29,28,423,196,227
DENTON COUNTY,121,72 Years,4569,2098,2471,3639,1686,1953,253,105,148,261,119,142,44,23,21,372,165,207
DENTON COUNTY,121,73 Years,4105,1867,2238,3323,1514,1809,174,70,104,240,114,126,43,24,19,325,145,180
DENTON COUNTY,121,74 Years,3999,1791,2208,3292,1498,1794,170,68,102,208,91,117,38,20,18,291,114,177
DENTON COUNTY,121,75 Years,3749,1690,2059,3117,1417,1700,142,56,86,189,92,97,40,18,22,261,107,154
DENTON COUNTY,121,76 Years,3222,1498,1724,2636,1230,1406,151,62,89,175,85,90,33,17,16,227,104,123
DENTON COUNTY,121,77 Years,2856,1320,1536,2339,1073,1266,118,49,69,151,79,72,28,12,16,220,107,113
DENTON COUNTY,121,78 Years,2536,1133,1403,2034,914,1120,120,41,79,149,80,69,28,13,15,205,85,120
DENTON COUNTY,121,79 Years,2260,1003,1257,1814,827,987,109,41,68,131,67,64,25,11,14,181,57,124
DENTON COUNTY,121,80 Years,2050,884,1166,1665,729,936,101,41,60,100,45,55,19,7,12,165,62,103
DENTON COUNTY,121,81 Years,1861,783,1078,1495,638,857,95,33,62,102,45,57,17,5,12,152,62,90
DENTON COUNTY,121,82 Years,1654,716,938,1297,574,723,80,28,52,105,48,57,17,6,11,155,60,95
DENTON COUNTY,121,83 Years,1473,586,887,1161,483,678,73,20,53,93,42,51,13,5,8,133,36,97
DENTON COUNTY,121,84 Years,1302,502,800,1040,411,629,65,16,49,81,35,46,10,5,5,106,35,71
DENTON COUNTY,121,85 Years,1099,444,655,870,360,510,52,16,36,65,28,37,8,4,4,104,36,68
DENTON COUNTY,121,86 Years,956,393,563,770,321,449,41,11,30,51,29,22,8,5,3,86,27,59
DENTON COUNTY,121,87 Years,844,310,534,681,257,424,30,7,23,45,19,26,10,3,7,78,24,54
DENTON COUNTY,121,88 Years,727,258,469,602,217,385,22,6,16,39,14,25,7,2,5,57,19,38
DENTON COUNTY,121,89 Years,608,210,398,510,180,330,18,5,13,21,7,14,6,2,4,53,16,37
DENTON COUNTY,121,90 Years,512,170,342,428,145,283,19,5,14,17,4,13,5,2,3,43,14,29
DENTON COUNTY,121,91 Years,436,139,297,365,116,249,14,3,11,15,5,10,3,1,2,39,14,25
DENTON COUNTY,121,92 Years,370,101,269,318,87,231,12,2,10,9,4,5,3,1,2,28,7,21
DENTON COUNTY,121,93 Years,293,81,212,248,67,181,10,2,8,7,4,3,3,1,2,25,7,18
DENTON COUNTY,121,94 Years,218,62,156,186,52,134,7,3,4,6,3,3,1,0,1,18,4,14
DENTON COUNTY,121,95 Years +,537,133,404,448,110,338,24,5,19,15,6,9,4,1,3,46,11,35
DE WITT COUNTY,123,All Ages,20938,11008,9930,11323,5675,5648,1745,1056,689,55,21,34,392,185,207,7423,4071,3352
DE WITT COUNTY,123,< 1 Year,233,113,120,83,34,49,8,5,3,0,0,0,15,6,9,127,68,59
DE WITT COUNTY,123,1 Years,241,121,120,88,41,47,8,4,4,1,0,1,19,7,12,125,69,56
DE WITT COUNTY,123,2 Years,254,126,128,104,48,56,9,5,4,1,0,1,17,6,11,123,67,56
DE WITT COUNTY,123,3 Years,275,137,138,121,55,66,9,5,4,1,0,1,15,5,10,129,72,57
DE WITT COUNTY,123,4 Years,282,146,136,131,61,70,8,5,3,2,1,1,12,7,5,129,72,57
DE WITT COUNTY,123,5 Years,279,148,131,120,58,62,9,5,4,1,1,0,9,7,2,140,77,63
DE WITT COUNTY,123,6 Years,259,141,118,106,54,52,8,4,4,1,1,0,9,7,2,135,75,60
DE WITT COUNTY,123,7 Years,245,132,113,97,48,49,8,4,4,1,1,0,8,7,1,131,72,59
DE WITT COUNTY,123,8 Years,246,124,122,94,46,48,8,5,3,1,0,1,10,8,2,133,65,68
DE WITT COUNTY,123,9 Years,245,130,115,94,53,41,15,8,7,0,0,0,12,5,7,124,64,60
DE WITT COUNTY,123,10 Years,255,136,119,104,59,45,23,8,15,0,0,0,9,3,6,119,66,53
DE WITT COUNTY,123,11 Years,266,140,126,113,63,50,20,11,9,0,0,0,8,5,3,125,61,64
DE WITT COUNTY,123,12 Years,251,124,127,104,56,48,21,10,11,1,0,1,8,4,4,117,54,63
DE WITT COUNTY,123,13 Years,234,113,121,100,50,50,22,11,11,1,0,1,5,2,3,106,50,56
DE WITT COUNTY,123,14 Years,255,132,123,102,51,51,22,13,9,0,0,0,8,3,5,123,65,58
DE WITT COUNTY,123,15 Years,255,129,126,105,52,53,22,10,12,0,0,0,10,6,4,118,61,57
DE WITT COUNTY,123,16 Years,201,99,102,81,43,38,19,8,11,1,0,1,6,3,3,94,45,49
DE WITT COUNTY,123,17 Years,228,128,100,98,51,47,18,10,8,1,0,1,8,7,1,103,60,43
DE WITT COUNTY,123,18 Years,232,130,102,94,54,40,23,14,9,2,2,0,7,4,3,106,56,50
DE WITT COUNTY,123,19 Years,193,103,90,77,44,33,17,10,7,1,1,0,9,4,5,89,44,45
DE WITT COUNTY,123,20 Years,190,106,84,84,48,36,18,12,6,1,0,1,6,2,4,81,44,37
DE WITT COUNTY,123,21 Years,209,113,96,88,49,39,20,14,6,1,1,0,10,4,6,90,45,45
DE WITT COUNTY,123,22 Years,208,108,100,98,51,47,13,8,5,2,0,2,9,3,6,86,46,40
DE WITT COUNTY,123,23 Years,226,120,106,105,56,49,19,12,7,2,1,1,10,5,5,90,46,44
DE WITT COUNTY,123,24 Years,239,124,115,120,58,62,20,13,7,2,1,1,8,5,3,89,47,42
DE WITT COUNTY,123,25 Years,264,137,127,139,74,65,17,8,9,1,0,1,7,2,5,100,53,47
DE WITT COUNTY,123,26 Years,297,156,141,157,76,81,25,12,13,0,0,0,4,2,2,111,66,45
DE WITT COUNTY,123,27 Years,265,149,116,130,70,60,28,18,10,0,0,0,6,5,1,101,56,45
DE WITT COUNTY,123,28 Years,255,141,114,133,64,69,31,21,10,1,1,0,5,4,1,85,51,34
DE WITT COUNTY,123,29 Years,262,148,114,148,71,77,28,20,8,1,1,0,2,1,1,83,55,28
DE WITT COUNTY,123,30 Years,277,162,115,114,62,52,27,23,4,0,0,0,4,0,4,132,77,55
DE WITT COUNTY,123,31 Years,258,140,118,107,55,52,27,21,6,0,0,0,3,1,2,121,63,58
DE WITT COUNTY,123,32 Years,270,148,122,120,60,60,28,21,7,0,0,0,2,0,2,120,67,53
DE WITT COUNTY,123,33 Years,276,152,124,132,75,57,22,13,9,0,0,0,2,1,1,120,63,57
DE WITT COUNTY,123,34 Years,245,138,107,102,54,48,27,19,8,0,0,0,3,2,1,113,63,50
DE WITT COUNTY,123,35 Years,260,162,98,113,66,47,28,23,5,0,0,0,1,0,1,118,73,45
DE WITT COUNTY,123,36 Years,282,177,105,116,65,51,41,36,5,0,0,0,2,0,2,123,76,47
DE WITT COUNTY,123,37 Years,285,173,112,133,73,60,35,26,9,0,0,0,4,3,1,113,71,42
DE WITT COUNTY,123,38 Years,249,147,102,109,54,55,31,21,10,0,0,0,7,6,1,102,66,36
DE WITT COUNTY,123,39 Years,255,153,102,121,67,54,25,19,6,0,0,0,2,1,1,107,66,41
DE WITT COUNTY,123,40 Years,259,162,97,124,74,50,21,15,6,0,0,0,2,1,1,112,72,40
DE WITT COUNTY,123,41 Years,275,168,107,131,74,57,27,21,6,1,0,1,2,1,1,114,72,42
DE WITT COUNTY,123,42 Years,259,150,109,130,72,58,23,18,5,0,0,0,2,1,1,104,59,45
DE WITT COUNTY,123,43 Years,240,144,96,129,75,54,18,16,2,0,0,0,1,0,1,92,53,39
DE WITT COUNTY,123,44 Years,238,140,98,117,61,56,27,23,4,0,0,0,4,1,3,90,55,35
DE WITT COUNTY,123,45 Years,229,140,89,119,63,56,27,21,6,0,0,0,3,2,1,80,54,26
DE WITT COUNTY,123,46 Years,253,147,106,127,67,60,32,23,9,2,1,1,1,1,0,91,55,36
DE WITT COUNTY,123,47 Years,264,143,121,134,67,67,29,18,11,1,0,1,2,1,1,98,57,41
DE WITT COUNTY,123,48 Years,267,144,123,152,72,80,22,14,8,1,0,1,2,0,2,90,58,32
DE WITT COUNTY,123,49 Years,274,153,121,144,69,75,31,20,11,0,0,0,5,1,4,94,63,31
DE WITT COUNTY,123,50 Years,242,133,109,124,64,60,26,14,12,0,0,0,6,3,3,86,52,34
DE WITT COUNTY,123,51 Years,248,138,110,140,78,62,24,14,10,1,0,1,2,1,1,81,45,36
DE WITT COUNTY,123,52 Years,260,137,123,143,71,72,22,13,9,2,0,2,4,1,3,89,52,37
DE WITT COUNTY,123,53 Years,280,162,118,160,91,69,27,17,10,1,0,1,3,1,2,89,53,36
DE WITT COUNTY,123,54 Years,302,178,124,184,104,80,25,18,7,1,0,1,2,0,2,90,56,34
DE WITT COUNTY,123,55 Years,277,147,130,172,92,80,25,13,12,0,0,0,3,1,2,77,41,36
DE WITT COUNTY,123,56 Years,269,144,125,155,80,75,28,18,10,0,0,0,3,1,2,83,45,38
DE WITT COUNTY,123,57 Years,282,165,117,175,99,76,25,20,5,0,0,0,4,1,3,78,45,33
DE WITT COUNTY,123,58 Years,289,149,140,175,91,84,21,13,8,2,0,2,1,0,1,90,45,45
DE WITT COUNTY,123,59 Years,309,165,144,185,102,83,24,14,10,2,1,1,3,1,2,95,47,48
DE WITT COUNTY,123,60 Years,288,148,140,189,91,98,19,10,9,0,0,0,2,1,1,78,46,32
DE WITT COUNTY,123,61 Years,281,132,149,185,78,107,19,8,11,0,0,0,1,0,1,76,46,30
DE WITT COUNTY,123,62 Years,263,132,131,158,77,81,23,10,13,1,0,1,2,1,1,79,44,35
DE WITT COUNTY,123,63 Years,270,149,121,185,106,79,21,8,13,1,1,0,1,0,1,62,34,28
DE WITT COUNTY,123,64 Years,264,134,130,174,88,86,22,11,11,1,1,0,1,1,0,66,33,33
DE WITT COUNTY,123,65 Years,251,125,126,177,88,89,23,10,13,0,0,0,0,0,0,51,27,24
DE WITT COUNTY,123,66 Years,239,111,128,167,75,92,18,9,9,2,1,1,0,0,0,52,26,26
DE WITT COUNTY,123,67 Years,235,110,125,158,71,87,27,14,13,2,1,1,0,0,0,48,24,24
DE WITT COUNTY,123,68 Years,234,114,120,163,79,84,23,13,10,0,0,0,1,0,1,47,22,25
DE WITT COUNTY,123,69 Years,245,113,132,181,88,93,13,5,8,0,0,0,2,0,2,49,20,29
DE WITT COUNTY,123,70 Years,231,113,118,168,84,84,16,9,7,0,0,0,1,0,1,46,20,26
DE WITT COUNTY,123,71 Years,221,107,114,165,85,80,12,5,7,0,0,0,2,0,2,42,17,25
DE WITT COUNTY,123,72 Years,208,94,114,151,75,76,13,5,8,1,0,1,2,0,2,41,14,27
DE WITT COUNTY,123,73 Years,221,100,121,149,70,79,23,10,13,0,0,0,3,1,2,46,19,27
DE WITT COUNTY,123,74 Years,189,85,104,136,63,73,10,4,6,0,0,0,1,0,1,42,18,24
DE WITT COUNTY,123,75 Years,182,83,99,143,63,80,7,5,2,0,0,0,2,1,1,30,14,16
DE WITT COUNTY,123,76 Years,156,65,91,119,48,71,12,5,7,1,0,1,1,1,0,23,11,12
DE WITT COUNTY,123,77 Years,150,71,79,115,56,59,11,5,6,0,0,0,0,0,0,24,10,14
DE WITT COUNTY,123,78 Years,132,64,68,100,48,52,9,5,4,2,2,0,1,0,1,20,9,11
DE WITT COUNTY,123,79 Years,136,62,74,104,51,53,10,2,8,1,1,0,2,0,2,19,8,11
DE WITT COUNTY,123,80 Years,130,57,73,98,42,56,13,6,7,0,0,0,0,0,0,19,9,10
DE WITT COUNTY,123,81 Years,134,60,74,109,48,61,8,5,3,0,0,0,1,1,0,16,6,10
DE WITT COUNTY,123,82 Years,122,53,69,95,41,54,7,3,4,1,0,1,2,2,0,17,7,10
DE WITT COUNTY,123,83 Years,106,45,61,82,35,47,9,4,5,0,0,0,1,1,0,14,5,9
DE WITT COUNTY,123,84 Years,91,40,51,69,30,39,8,4,4,0,0,0,1,1,0,13,5,8
DE WITT COUNTY,123,85 Years,92,31,61,64,23,41,6,2,4,0,0,0,1,0,1,21,6,15
DE WITT COUNTY,123,86 Years,84,36,48,61,27,34,7,3,4,0,0,0,2,1,1,14,5,9
DE WITT COUNTY,123,87 Years,78,29,49,61,21,40,8,4,4,0,0,0,0,0,0,9,4,5
DE WITT COUNTY,123,88 Years,72,28,44,54,18,36,8,4,4,0,0,0,1,1,0,9,5,4
DE WITT COUNTY,123,89 Years,63,22,41,49,18,31,5,1,4,0,0,0,1,0,1,8,3,5
DE WITT COUNTY,123,90 Years,47,17,30,34,12,22,6,2,4,0,0,0,0,0,0,7,3,4
DE WITT COUNTY,123,91 Years,39,15,24,30,11,19,3,1,2,0,0,0,0,0,0,6,3,3
DE WITT COUNTY,123,92 Years,45,13,32,35,9,26,5,2,3,0,0,0,0,0,0,5,2,3
DE WITT COUNTY,123,93 Years,33,11,22,25,6,19,2,2,0,1,0,1,0,0,0,5,3,2
DE WITT COUNTY,123,94 Years,23,6,17,18,5,13,2,0,2,0,0,0,0,0,0,3,1,2
DE WITT COUNTY,123,95 Years +,66,18,48,47,10,37,6,2,4,0,0,0,1,0,1,12,6,6
DICKENS COUNTY,125,All Ages,2255,1301,954,1393,743,650,98,83,15,17,10,7,37,26,11,710,439,271
DICKENS COUNTY,125,< 1 Year,16,8,8,10,5,5,0,0,0,0,0,0,1,1,0,5,2,3
DICKENS COUNTY,125,1 Years,16,8,8,10,5,5,0,0,0,0,0,0,0,0,0,6,3,3
DICKENS COUNTY,125,2 Years,19,9,10,11,6,5,0,0,0,0,0,0,1,1,0,7,2,5
DICKENS COUNTY,125,3 Years,17,7,10,10,5,5,0,0,0,0,0,0,0,0,0,7,2,5
DICKENS COUNTY,125,4 Years,19,11,8,12,7,5,0,0,0,0,0,0,0,0,0,7,4,3
DICKENS COUNTY,125,5 Years,15,7,8,8,3,5,0,0,0,0,0,0,0,0,0,7,4,3
DICKENS COUNTY,125,6 Years,17,8,9,11,5,6,0,0,0,0,0,0,0,0,0,6,3,3
DICKENS COUNTY,125,7 Years,17,8,9,11,4,7,0,0,0,0,0,0,0,0,0,6,4,2
DICKENS COUNTY,125,8 Years,21,12,9,14,7,7,0,0,0,0,0,0,0,0,0,7,5,2
DICKENS COUNTY,125,9 Years,13,7,6,6,2,4,0,0,0,0,0,0,0,0,0,7,5,2
DICKENS COUNTY,125,10 Years,18,8,10,9,4,5,0,0,0,0,0,0,0,0,0,9,4,5
DICKENS COUNTY,125,11 Years,23,11,12,11,4,7,0,0,0,0,0,0,2,1,1,10,6,4
DICKENS COUNTY,125,12 Years,22,9,13,12,4,8,0,0,0,0,0,0,0,0,0,10,5,5
DICKENS COUNTY,125,13 Years,24,12,12,11,6,5,0,0,0,0,0,0,1,0,1,12,6,6
DICKENS COUNTY,125,14 Years,24,10,14,12,5,7,0,0,0,0,0,0,1,0,1,11,5,6
DICKENS COUNTY,125,15 Years,25,11,14,12,6,6,1,1,0,0,0,0,0,0,0,12,4,8
DICKENS COUNTY,125,16 Years,23,10,13,12,6,6,1,0,1,0,0,0,0,0,0,10,4,6
DICKENS COUNTY,125,17 Years,24,11,13,12,7,5,0,0,0,0,0,0,1,0,1,11,4,7
DICKENS COUNTY,125,18 Years,26,17,9,11,7,4,1,1,0,0,0,0,1,1,0,13,8,5
DICKENS COUNTY,125,19 Years,31,25,6,12,9,3,5,5,0,0,0,0,1,1,0,13,10,3
DICKENS COUNTY,125,20 Years,25,19,6,9,6,3,4,3,1,0,0,0,0,0,0,12,10,2
DICKENS COUNTY,125,21 Years,31,25,6,9,7,2,4,4,0,0,0,0,4,2,2,14,12,2
DICKENS COUNTY,125,22 Years,30,23,7,13,10,3,1,1,0,0,0,0,1,0,1,15,12,3
DICKENS COUNTY,125,23 Years,20,14,6,9,5,4,1,1,0,0,0,0,0,0,0,10,8,2
DICKENS COUNTY,125,24 Years,28,22,6,12,8,4,2,2,0,0,0,0,2,2,0,12,10,2
DICKENS COUNTY,125,25 Years,34,28,6,13,9,4,4,4,0,0,0,0,0,0,0,17,15,2
DICKENS COUNTY,125,26 Years,31,22,9,13,9,4,4,4,0,0,0,0,0,0,0,14,9,5
DICKENS COUNTY,125,27 Years,34,26,8,14,9,5,8,8,0,0,0,0,0,0,0,12,9,3
DICKENS COUNTY,125,28 Years,33,24,9,15,9,6,4,4,0,0,0,0,0,0,0,14,11,3
DICKENS COUNTY,125,29 Years,33,26,7,11,7,4,2,2,0,0,0,0,0,0,0,20,17,3
DICKENS COUNTY,125,30 Years,34,26,8,16,9,7,6,6,0,0,0,0,0,0,0,12,11,1
DICKENS COUNTY,125,31 Years,30,22,8,14,10,4,4,4,0,1,0,1,0,0,0,11,8,3
DICKENS COUNTY,125,32 Years,27,21,6,8,6,2,3,3,0,1,1,0,0,0,0,15,11,4
DICKENS COUNTY,125,33 Years,28,22,6,11,9,2,2,2,0,1,1,0,0,0,0,14,10,4
DICKENS COUNTY,125,34 Years,23,16,7,8,6,2,3,2,1,0,0,0,0,0,0,12,8,4
DICKENS COUNTY,125,35 Years,21,13,8,10,6,4,3,2,1,0,0,0,0,0,0,8,5,3
DICKENS COUNTY,125,36 Years,25,14,11,14,8,6,1,0,1,0,0,0,0,0,0,10,6,4
DICKENS COUNTY,125,37 Years,21,13,8,11,6,5,2,1,1,0,0,0,0,0,0,8,6,2
DICKENS COUNTY,125,38 Years,32,20,12,16,7,9,3,3,0,0,0,0,0,0,0,13,10,3
DICKENS COUNTY,125,39 Years,31,19,12,17,12,5,1,0,1,1,0,1,1,0,1,11,7,4
DICKENS COUNTY,125,40 Years,29,20,9,17,10,7,0,0,0,0,0,0,0,0,0,12,10,2
DICKENS COUNTY,125,41 Years,26,17,9,13,8,5,1,1,0,1,0,1,0,0,0,11,8,3
DICKENS COUNTY,125,42 Years,29,18,11,12,5,7,2,2,0,2,1,1,1,1,0,12,9,3
DICKENS COUNTY,125,43 Years,33,19,14,21,9,12,2,2,0,0,0,0,1,1,0,9,7,2
DICKENS COUNTY,125,44 Years,31,18,13,23,11,12,2,2,0,1,1,0,0,0,0,5,4,1
DICKENS COUNTY,125,45 Years,33,20,13,24,15,9,2,2,0,1,0,1,0,0,0,6,3,3
DICKENS COUNTY,125,46 Years,28,15,13,17,9,8,1,1,0,0,0,0,0,0,0,10,5,5
DICKENS COUNTY,125,47 Years,26,16,10,14,8,6,0,0,0,1,1,0,1,1,0,10,6,4
DICKENS COUNTY,125,48 Years,28,20,8,16,12,4,0,0,0,0,0,0,1,1,0,11,7,4
DICKENS COUNTY,125,49 Years,21,14,7,13,8,5,0,0,0,0,0,0,0,0,0,8,6,2
DICKENS COUNTY,125,50 Years,18,8,10,8,3,5,3,2,1,0,0,0,0,0,0,7,3,4
DICKENS COUNTY,125,51 Years,19,9,10,11,5,6,0,0,0,0,0,0,0,0,0,8,4,4
DICKENS COUNTY,125,52 Years,20,8,12,14,6,8,0,0,0,0,0,0,0,0,0,6,2,4
DICKENS COUNTY,125,53 Years,20,8,12,14,5,9,0,0,0,0,0,0,0,0,0,6,3,3
DICKENS COUNTY,125,54 Years,25,13,12,17,8,9,0,0,0,0,0,0,2,2,0,6,3,3
DICKENS COUNTY,125,55 Years,28,16,12,18,9,9,1,1,0,0,0,0,2,2,0,7,4,3
DICKENS COUNTY,125,56 Years,28,16,12,18,9,9,0,0,0,0,0,0,1,1,0,9,6,3
DICKENS COUNTY,125,57 Years,31,16,15,18,9,9,0,0,0,0,0,0,0,0,0,13,7,6
DICKENS COUNTY,125,58 Years,36,18,18,22,9,13,0,0,0,2,2,0,0,0,0,12,7,5
DICKENS COUNTY,125,59 Years,32,17,15,23,12,11,0,0,0,2,2,0,0,0,0,7,3,4
DICKENS COUNTY,125,60 Years,30,12,18,21,10,11,1,0,1,1,0,1,0,0,0,7,2,5
DICKENS COUNTY,125,61 Years,31,15,16,23,10,13,1,0,1,0,0,0,2,2,0,5,3,2
DICKENS COUNTY,125,62 Years,38,17,21,28,12,16,0,0,0,0,0,0,2,1,1,8,4,4
DICKENS COUNTY,125,63 Years,39,21,18,33,18,15,1,1,0,0,0,0,0,0,0,5,2,3
DICKENS COUNTY,125,64 Years,27,16,11,23,13,10,1,1,0,0,0,0,0,0,0,3,2,1
DICKENS COUNTY,125,65 Years,29,13,16,25,10,15,1,0,1,0,0,0,0,0,0,3,3,0
DICKENS COUNTY,125,66 Years,31,15,16,23,10,13,0,0,0,1,0,1,1,1,0,6,4,2
DICKENS COUNTY,125,67 Years,25,11,14,20,9,11,1,1,0,0,0,0,0,0,0,4,1,3
DICKENS COUNTY,125,68 Years,27,11,16,20,9,11,0,0,0,0,0,0,0,0,0,7,2,5
DICKENS COUNTY,125,69 Years,26,11,15,22,10,12,0,0,0,0,0,0,1,0,1,3,1,2
DICKENS COUNTY,125,70 Years,29,16,13,22,11,11,1,1,0,0,0,0,1,1,0,5,3,2
DICKENS COUNTY,125,71 Years,24,10,14,18,8,10,0,0,0,0,0,0,1,1,0,5,1,4
DICKENS COUNTY,125,72 Years,24,11,13,19,9,10,0,0,0,0,0,0,0,0,0,5,2,3
DICKENS COUNTY,125,73 Years,24,11,13,20,10,10,0,0,0,0,0,0,0,0,0,4,1,3
DICKENS COUNTY,125,74 Years,26,12,14,23,11,12,0,0,0,0,0,0,0,0,0,3,1,2
DICKENS COUNTY,125,75 Years,25,12,13,22,9,13,0,0,0,1,1,0,0,0,0,2,2,0
DICKENS COUNTY,125,76 Years,26,14,12,25,13,12,0,0,0,0,0,0,0,0,0,1,1,0
DICKENS COUNTY,125,77 Years,27,13,14,23,11,12,0,0,0,0,0,0,0,0,0,4,2,2
DICKENS COUNTY,125,78 Years,21,11,10,19,10,9,0,0,0,0,0,0,0,0,0,2,1,1
DICKENS COUNTY,125,79 Years,21,12,9,20,11,9,0,0,0,0,0,0,0,0,0,1,1,0
DICKENS COUNTY,125,80 Years,21,10,11,19,9,10,0,0,0,0,0,0,0,0,0,2,1,1
DICKENS COUNTY,125,81 Years,22,11,11,18,10,8,2,1,1,0,0,0,0,0,0,2,0,2
DICKENS COUNTY,125,82 Years,20,11,9,15,10,5,2,1,1,0,0,0,0,0,0,3,0,3
DICKENS COUNTY,125,83 Years,14,8,6,11,7,4,1,0,1,0,0,0,0,0,0,2,1,1
DICKENS COUNTY,125,84 Years,13,9,4,12,8,4,0,0,0,0,0,0,0,0,0,1,1,0
DICKENS COUNTY,125,85 Years,13,11,2,12,10,2,0,0,0,0,0,0,0,0,0,1,1,0
DICKENS COUNTY,125,86 Years,11,8,3,9,6,3,0,0,0,0,0,0,1,1,0,1,1,0
DICKENS COUNTY,125,87 Years,11,7,4,11,7,4,0,0,0,0,0,0,0,0,0,0,0,0
DICKENS COUNTY,125,88 Years,11,7,4,9,6,3,0,0,0,0,0,0,0,0,0,2,1,1
DICKENS COUNTY,125,89 Years,7,4,3,6,4,2,0,0,0,0,0,0,0,0,0,1,0,1
DICKENS COUNTY,125,90 Years,8,4,4,6,4,2,0,0,0,0,0,0,1,0,1,1,0,1
DICKENS COUNTY,125,91 Years,7,4,3,4,2,2,0,0,0,0,0,0,1,1,0,2,1,1
DICKENS COUNTY,125,92 Years,7,3,4,5,3,2,1,0,1,0,0,0,0,0,0,1,0,1
DICKENS COUNTY,125,93 Years,5,3,2,3,2,1,0,0,0,0,0,0,0,0,0,2,1,1
DICKENS COUNTY,125,94 Years,4,2,2,3,1,2,1,1,0,0,0,0,0,0,0,0,0,0
DICKENS COUNTY,125,95 Years +,9,5,4,8,5,3,0,0,0,0,0,0,0,0,0,1,0,1
DIMMIT COUNTY,127,All Ages,10308,5094,5214,1286,673,613,74,42,32,49,15,34,52,25,27,8847,4339,4508
DIMMIT COUNTY,127,< 1 Year,123,67,56,21,13,8,0,0,0,2,1,1,4,2,2,96,51,45
DIMMIT COUNTY,127,1 Years,138,71,67,21,12,9,0,0,0,1,0,1,4,2,2,112,57,55
DIMMIT COUNTY,127,2 Years,153,81,72,24,15,9,0,0,0,1,0,1,3,1,2,125,65,60
DIMMIT COUNTY,127,3 Years,180,96,84,27,16,11,0,0,0,0,0,0,2,1,1,151,79,72
DIMMIT COUNTY,127,4 Years,195,101,94,29,15,14,0,0,0,1,1,0,3,2,1,162,83,79
DIMMIT COUNTY,127,5 Years,206,107,99,28,13,15,0,0,0,1,1,0,3,2,1,174,91,83
DIMMIT COUNTY,127,6 Years,206,108,98,33,17,16,0,0,0,2,1,1,2,1,1,169,89,80
DIMMIT COUNTY,127,7 Years,184,97,87,27,15,12,2,1,1,0,0,0,2,1,1,153,80,73
DIMMIT COUNTY,127,8 Years,170,80,90,20,9,11,1,0,1,0,0,0,2,0,2,147,71,76
DIMMIT COUNTY,127,9 Years,162,83,79,15,9,6,0,0,0,0,0,0,2,0,2,145,74,71
DIMMIT COUNTY,127,10 Years,151,76,75,10,7,3,1,0,1,1,1,0,1,0,1,138,68,70
DIMMIT COUNTY,127,11 Years,169,80,89,12,6,6,2,1,1,0,0,0,1,0,1,154,73,81
DIMMIT COUNTY,127,12 Years,183,87,96,14,7,7,3,1,2,0,0,0,0,0,0,166,79,87
DIMMIT COUNTY,127,13 Years,174,85,89,12,6,6,1,1,0,1,0,1,0,0,0,160,78,82
DIMMIT COUNTY,127,14 Years,170,83,87,12,5,7,2,1,1,1,0,1,0,0,0,155,77,78
DIMMIT COUNTY,127,15 Years,149,75,74,13,8,5,2,1,1,1,0,1,0,0,0,133,66,67
DIMMIT COUNTY,127,16 Years,149,80,69,14,8,6,2,1,1,1,1,0,0,0,0,132,70,62
DIMMIT COUNTY,127,17 Years,162,81,81,8,5,3,0,0,0,0,0,0,0,0,0,154,76,78
DIMMIT COUNTY,127,18 Years,141,69,72,9,3,6,0,0,0,1,1,0,0,0,0,131,65,66
DIMMIT COUNTY,127,19 Years,135,65,70,14,6,8,1,1,0,2,2,0,0,0,0,118,56,62
DIMMIT COUNTY,127,20 Years,130,59,71,9,2,7,1,1,0,0,0,0,0,0,0,120,56,64
DIMMIT COUNTY,127,21 Years,133,58,75,8,2,6,1,1,0,1,0,1,0,0,0,123,55,68
DIMMIT COUNTY,127,22 Years,134,62,72,10,3,7,0,0,0,0,0,0,0,0,0,124,59,65
DIMMIT COUNTY,127,23 Years,145,75,70,9,4,5,0,0,0,1,0,1,0,0,0,135,71,64
DIMMIT COUNTY,127,24 Years,162,83,79,9,4,5,2,1,1,0,0,0,0,0,0,151,78,73
DIMMIT COUNTY,127,25 Years,167,87,80,11,5,6,2,1,1,2,0,2,0,0,0,152,81,71
DIMMIT COUNTY,127,26 Years,167,83,84,12,7,5,1,0,1,1,0,1,0,0,0,153,76,77
DIMMIT COUNTY,127,27 Years,124,64,60,12,5,7,1,0,1,0,0,0,0,0,0,111,59,52
DIMMIT COUNTY,127,28 Years,136,74,62,13,5,8,0,0,0,0,0,0,0,0,0,123,69,54
DIMMIT COUNTY,127,29 Years,145,82,63,7,3,4,2,1,1,1,1,0,1,1,0,134,76,58
DIMMIT COUNTY,127,30 Years,168,98,70,14,10,4,1,1,0,0,0,0,1,1,0,152,86,66
DIMMIT COUNTY,127,31 Years,135,75,60,14,9,5,0,0,0,0,0,0,1,1,0,120,65,55
DIMMIT COUNTY,127,32 Years,135,70,65,11,8,3,1,1,0,1,0,1,0,0,0,122,61,61
DIMMIT COUNTY,127,33 Years,118,66,52,10,6,4,2,1,1,0,0,0,0,0,0,106,59,47
DIMMIT COUNTY,127,34 Years,124,73,51,18,12,6,0,0,0,1,0,1,0,0,0,105,61,44
DIMMIT COUNTY,127,35 Years,124,60,64,14,7,7,1,1,0,1,0,1,0,0,0,108,52,56
DIMMIT COUNTY,127,36 Years,123,53,70,15,5,10,1,1,0,2,0,2,1,0,1,104,47,57
DIMMIT COUNTY,127,37 Years,113,53,60,13,7,6,1,0,1,1,0,1,0,0,0,98,46,52
DIMMIT COUNTY,127,38 Years,129,62,67,11,3,8,0,0,0,1,0,1,0,0,0,117,59,58
DIMMIT COUNTY,127,39 Years,107,56,51,13,6,7,1,0,1,0,0,0,0,0,0,93,50,43
DIMMIT COUNTY,127,40 Years,96,46,50,12,9,3,0,0,0,0,0,0,0,0,0,84,37,47
DIMMIT COUNTY,127,41 Years,118,54,64,13,10,3,0,0,0,1,0,1,0,0,0,104,44,60
DIMMIT COUNTY,127,42 Years,128,57,71,17,7,10,1,0,1,0,0,0,0,0,0,110,50,60
DIMMIT COUNTY,127,43 Years,117,61,56,14,9,5,1,0,1,0,0,0,0,0,0,102,52,50
DIMMIT COUNTY,127,44 Years,107,52,55,15,10,5,0,0,0,1,1,0,0,0,0,91,41,50
DIMMIT COUNTY,127,45 Years,87,42,45,9,5,4,0,0,0,1,0,1,0,0,0,77,37,40
DIMMIT COUNTY,127,46 Years,97,45,52,12,5,7,0,0,0,2,1,1,1,0,1,82,39,43
DIMMIT COUNTY,127,47 Years,107,56,51,13,8,5,1,1,0,0,0,0,0,0,0,93,47,46
DIMMIT COUNTY,127,48 Years,120,60,60,15,5,10,0,0,0,0,0,0,0,0,0,105,55,50
DIMMIT COUNTY,127,49 Years,103,52,51,14,7,7,0,0,0,0,0,0,0,0,0,89,45,44
DIMMIT COUNTY,127,50 Years,99,46,53,16,8,8,1,1,0,0,0,0,0,0,0,82,37,45
DIMMIT COUNTY,127,51 Years,106,48,58,17,8,9,1,1,0,2,0,2,0,0,0,86,39,47
DIMMIT COUNTY,127,52 Years,106,49,57,9,5,4,1,1,0,1,0,1,0,0,0,95,43,52
DIMMIT COUNTY,127,53 Years,110,50,60,7,2,5,1,0,1,1,0,1,0,0,0,101,48,53
DIMMIT COUNTY,127,54 Years,112,58,54,15,11,4,1,1,0,1,0,1,1,1,0,94,45,49
DIMMIT COUNTY,127,55 Years,101,51,50,11,7,4,1,1,0,1,0,1,0,0,0,88,43,45
DIMMIT COUNTY,127,56 Years,111,63,48,11,7,4,2,2,0,0,0,0,2,2,0,96,52,44
DIMMIT COUNTY,127,57 Years,120,57,63,19,8,11,1,1,0,0,0,0,1,1,0,99,47,52
DIMMIT COUNTY,127,58 Years,114,59,55,22,15,7,1,1,0,1,1,0,0,0,0,90,42,48
DIMMIT COUNTY,127,59 Years,97,52,45,15,11,4,1,0,1,0,0,0,1,0,1,80,41,39
DIMMIT COUNTY,127,60 Years,103,50,53,18,10,8,1,1,0,0,0,0,1,0,1,83,39,44
DIMMIT COUNTY,127,61 Years,106,54,52,13,6,7,3,2,1,0,0,0,1,1,0,89,45,44
DIMMIT COUNTY,127,62 Years,103,51,52,16,10,6,2,0,2,1,0,1,1,1,0,83,40,43
DIMMIT COUNTY,127,63 Years,100,50,50,14,9,5,2,1,1,2,0,2,2,1,1,80,39,41
DIMMIT COUNTY,127,64 Years,97,45,52,18,7,11,3,2,1,1,0,1,1,1,0,74,35,39
DIMMIT COUNTY,127,65 Years,102,48,54,17,9,8,0,0,0,0,0,0,0,0,0,85,39,46
DIMMIT COUNTY,127,66 Years,104,49,55,14,6,8,2,2,0,1,1,0,0,0,0,87,40,47
DIMMIT COUNTY,127,67 Years,96,48,48,21,12,9,1,1,0,0,0,0,0,0,0,74,35,39
DIMMIT COUNTY,127,68 Years,93,35,58,13,8,5,1,0,1,0,0,0,0,0,0,79,27,52
DIMMIT COUNTY,127,69 Years,113,44,69,18,10,8,1,1,0,0,0,0,1,0,1,93,33,60
DIMMIT COUNTY,127,70 Years,95,45,50,20,10,10,0,0,0,0,0,0,1,0,1,74,35,39
DIMMIT COUNTY,127,71 Years,101,48,53,20,9,11,1,0,1,0,0,0,0,0,0,80,39,41
DIMMIT COUNTY,127,72 Years,85,42,43,18,10,8,0,0,0,1,1,0,0,0,0,66,31,35
DIMMIT COUNTY,127,73 Years,76,36,40,16,7,9,0,0,0,0,0,0,0,0,0,60,29,31
DIMMIT COUNTY,127,74 Years,63,35,28,12,6,6,0,0,0,0,0,0,0,0,0,51,29,22
DIMMIT COUNTY,127,75 Years,63,27,36,13,7,6,0,0,0,0,0,0,0,0,0,50,20,30
DIMMIT COUNTY,127,76 Years,57,24,33,11,6,5,0,0,0,0,0,0,0,0,0,46,18,28
DIMMIT COUNTY,127,77 Years,56,24,32,16,9,7,2,1,1,0,0,0,0,0,0,38,14,24
DIMMIT COUNTY,127,78 Years,45,19,26,12,6,6,1,1,0,0,0,0,0,0,0,32,12,20
DIMMIT COUNTY,127,79 Years,45,21,24,9,4,5,0,0,0,0,0,0,0,0,0,36,17,19
DIMMIT COUNTY,127,80 Years,41,18,23,3,1,2,0,0,0,0,0,0,0,0,0,38,17,21
DIMMIT COUNTY,127,81 Years,40,22,18,4,3,1,1,1,0,0,0,0,1,0,1,34,18,16
DIMMIT COUNTY,127,82 Years,36,16,20,10,6,4,1,1,0,0,0,0,1,1,0,24,8,16
DIMMIT COUNTY,127,83 Years,37,16,21,11,4,7,0,0,0,0,0,0,1,1,0,25,11,14
DIMMIT COUNTY,127,84 Years,38,16,22,8,4,4,0,0,0,0,0,0,0,0,0,30,12,18
DIMMIT COUNTY,127,85 Years,34,17,17,12,6,6,0,0,0,0,0,0,0,0,0,22,11,11
DIMMIT COUNTY,127,86 Years,32,14,18,10,4,6,0,0,0,0,0,0,0,0,0,22,10,12
DIMMIT COUNTY,127,87 Years,30,10,20,6,2,4,0,0,0,0,0,0,0,0,0,24,8,16
DIMMIT COUNTY,127,88 Years,25,9,16,5,2,3,1,0,1,0,0,0,0,0,0,19,7,12
DIMMIT COUNTY,127,89 Years,23,7,16,6,2,4,0,0,0,0,0,0,0,0,0,17,5,12
DIMMIT COUNTY,127,90 Years,17,5,12,5,2,3,1,0,1,0,0,0,1,0,1,10,3,7
DIMMIT COUNTY,127,91 Years,12,5,7,4,2,2,0,0,0,0,0,0,0,0,0,8,3,5
DIMMIT COUNTY,127,92 Years,14,5,9,4,2,2,0,0,0,0,0,0,0,0,0,10,3,7
DIMMIT COUNTY,127,93 Years,11,4,7,4,2,2,0,0,0,1,0,1,0,0,0,6,2,4
DIMMIT COUNTY,127,94 Years,12,3,9,3,1,2,0,0,0,1,0,1,0,0,0,8,2,6
DIMMIT COUNTY,127,95 Years +,28,9,19,10,4,6,1,0,1,0,0,0,1,0,1,16,5,11
DONLEY COUNTY,129,All Ages,3346,1637,1709,2734,1338,1396,203,99,104,9,5,4,60,21,39,340,174,166
DONLEY COUNTY,129,< 1 Year,40,23,17,34,19,15,0,0,0,0,0,0,1,1,0,5,3,2
DONLEY COUNTY,129,1 Years,41,23,18,32,18,14,3,1,2,0,0,0,1,1,0,5,3,2
DONLEY COUNTY,129,2 Years,42,25,17,33,19,14,4,3,1,0,0,0,0,0,0,5,3,2
DONLEY COUNTY,129,3 Years,39,23,16,27,16,11,8,5,3,0,0,0,0,0,0,4,2,2
DONLEY COUNTY,129,4 Years,35,20,15,23,13,10,10,6,4,0,0,0,0,0,0,2,1,1
DONLEY COUNTY,129,5 Years,40,22,18,27,14,13,9,6,3,0,0,0,0,0,0,4,2,2
DONLEY COUNTY,129,6 Years,40,23,17,27,14,13,8,6,2,0,0,0,0,0,0,5,3,2
DONLEY COUNTY,129,7 Years,38,19,19,28,12,16,4,3,1,0,0,0,0,0,0,6,4,2
DONLEY COUNTY,129,8 Years,40,17,23,30,14,16,5,3,2,0,0,0,0,0,0,5,0,5
DONLEY COUNTY,129,9 Years,43,18,25,36,17,19,1,0,1,0,0,0,1,0,1,5,1,4
DONLEY COUNTY,129,10 Years,34,17,17,25,13,12,2,2,0,0,0,0,1,0,1,6,2,4
DONLEY COUNTY,129,11 Years,31,16,15,23,12,11,2,1,1,0,0,0,0,0,0,6,3,3
DONLEY COUNTY,129,12 Years,31,16,15,22,12,10,3,1,2,0,0,0,2,0,2,4,3,1
DONLEY COUNTY,129,13 Years,28,13,15,18,9,9,3,1,2,0,0,0,2,0,2,5,3,2
DONLEY COUNTY,129,14 Years,34,12,22,24,8,16,4,2,2,0,0,0,1,0,1,5,2,3
DONLEY COUNTY,129,15 Years,35,16,19,25,10,15,5,3,2,0,0,0,1,1,0,4,2,2
DONLEY COUNTY,129,16 Years,31,15,16,22,11,11,3,1,2,0,0,0,1,0,1,5,3,2
DONLEY COUNTY,129,17 Years,35,18,17,21,13,8,4,1,3,0,0,0,2,1,1,8,3,5
DONLEY COUNTY,129,18 Years,75,40,35,58,32,26,3,1,2,0,0,0,0,0,0,14,7,7
DONLEY COUNTY,129,19 Years,105,58,47,82,45,37,2,0,2,0,0,0,1,0,1,20,13,7
DONLEY COUNTY,129,20 Years,76,47,29,60,38,22,1,0,1,0,0,0,2,0,2,13,9,4
DONLEY COUNTY,129,21 Years,28,12,16,17,10,7,3,1,2,0,0,0,2,0,2,6,1,5
DONLEY COUNTY,129,22 Years,25,11,14,16,10,6,3,0,3,1,0,1,0,0,0,5,1,4
DONLEY COUNTY,129,23 Years,34,16,18,23,12,11,4,0,4,0,0,0,1,0,1,6,4,2
DONLEY COUNTY,129,24 Years,39,20,19,26,13,13,3,0,3,1,1,0,1,0,1,8,6,2
DONLEY COUNTY,129,25 Years,38,16,22,27,12,15,3,1,2,0,0,0,1,0,1,7,3,4
DONLEY COUNTY,129,26 Years,37,15,22,23,10,13,6,3,3,2,1,1,1,0,1,5,1,4
DONLEY COUNTY,129,27 Years,49,25,24,33,15,18,9,5,4,1,1,0,0,0,0,6,4,2
DONLEY COUNTY,129,28 Years,47,24,23,31,15,16,10,5,5,1,1,0,0,0,0,5,3,2
DONLEY COUNTY,129,29 Years,35,18,17,27,12,15,5,3,2,0,0,0,0,0,0,3,3,0
DONLEY COUNTY,129,30 Years,37,21,16,28,15,13,4,3,1,0,0,0,0,0,0,5,3,2
DONLEY COUNTY,129,31 Years,24,13,11,18,10,8,2,1,1,0,0,0,1,1,0,3,1,2
DONLEY COUNTY,129,32 Years,27,16,11,23,13,10,0,0,0,0,0,0,2,2,0,2,1,1
DONLEY COUNTY,129,33 Years,34,17,17,26,14,12,1,0,1,0,0,0,0,0,0,7,3,4
DONLEY COUNTY,129,34 Years,33,20,13,28,18,10,0,0,0,0,0,0,0,0,0,5,2,3
DONLEY COUNTY,129,35 Years,34,21,13,29,19,10,0,0,0,0,0,0,0,0,0,5,2,3
DONLEY COUNTY,129,36 Years,44,23,21,34,18,16,1,0,1,0,0,0,1,0,1,8,5,3
DONLEY COUNTY,129,37 Years,32,17,15,25,13,12,1,0,1,0,0,0,1,1,0,5,3,2
DONLEY COUNTY,129,38 Years,36,17,19,30,14,16,1,0,1,0,0,0,0,0,0,5,3,2
DONLEY COUNTY,129,39 Years,30,16,14,24,13,11,0,0,0,0,0,0,0,0,0,6,3,3
DONLEY COUNTY,129,40 Years,26,14,12,22,12,10,2,1,1,0,0,0,0,0,0,2,1,1
DONLEY COUNTY,129,41 Years,29,13,16,23,11,12,1,0,1,0,0,0,1,1,0,4,1,3
DONLEY COUNTY,129,42 Years,29,13,16,24,11,13,2,0,2,0,0,0,0,0,0,3,2,1
DONLEY COUNTY,129,43 Years,28,13,15,23,11,12,1,0,1,0,0,0,0,0,0,4,2,2
DONLEY COUNTY,129,44 Years,28,10,18,24,9,15,2,1,1,0,0,0,0,0,0,2,0,2
DONLEY COUNTY,129,45 Years,28,12,16,22,8,14,2,1,1,0,0,0,0,0,0,4,3,1
DONLEY COUNTY,129,46 Years,30,14,16,23,10,13,3,2,1,0,0,0,0,0,0,4,2,2
DONLEY COUNTY,129,47 Years,34,15,19,31,13,18,2,2,0,0,0,0,0,0,0,1,0,1
DONLEY COUNTY,129,48 Years,33,16,17,30,14,16,2,2,0,0,0,0,0,0,0,1,0,1
DONLEY COUNTY,129,49 Years,32,16,16,27,13,14,2,2,0,0,0,0,2,1,1,1,0,1
DONLEY COUNTY,129,50 Years,31,16,15,24,13,11,2,1,1,0,0,0,2,1,1,3,1,2
DONLEY COUNTY,129,51 Years,32,16,16,27,14,13,0,0,0,0,0,0,2,1,1,3,1,2
DONLEY COUNTY,129,52 Years,40,16,24,34,13,21,3,1,2,0,0,0,0,0,0,3,2,1
DONLEY COUNTY,129,53 Years,34,18,16,31,15,16,1,1,0,0,0,0,0,0,0,2,2,0
DONLEY COUNTY,129,54 Years,40,17,23,37,16,21,1,1,0,0,0,0,1,0,1,1,0,1
DONLEY COUNTY,129,55 Years,50,25,25,45,23,22,1,1,0,0,0,0,2,0,2,2,1,1
DONLEY COUNTY,129,56 Years,50,24,26,42,22,20,4,1,3,0,0,0,2,0,2,2,1,1
DONLEY COUNTY,129,57 Years,47,23,24,39,20,19,1,0,1,0,0,0,1,0,1,6,3,3
DONLEY COUNTY,129,58 Years,47,22,25,39,18,21,2,1,1,0,0,0,0,0,0,6,3,3
DONLEY COUNTY,129,59 Years,46,22,24,38,17,21,2,1,1,0,0,0,1,1,0,5,3,2
DONLEY COUNTY,129,60 Years,42,18,24,36,16,20,2,0,2,0,0,0,1,1,0,3,1,2
DONLEY COUNTY,129,61 Years,43,21,22,36,17,19,0,0,0,0,0,0,2,1,1,5,3,2
DONLEY COUNTY,129,62 Years,53,27,26,49,24,25,0,0,0,0,0,0,1,1,0,3,2,1
DONLEY COUNTY,129,63 Years,54,30,24,49,29,20,3,1,2,1,0,1,0,0,0,1,0,1
DONLEY COUNTY,129,64 Years,45,23,22,42,22,20,1,0,1,1,0,1,0,0,0,1,1,0
DONLEY COUNTY,129,65 Years,41,21,20,38,20,18,2,1,1,0,0,0,0,0,0,1,0,1
DONLEY COUNTY,129,66 Years,40,20,20,36,18,18,2,1,1,0,0,0,0,0,0,2,1,1
DONLEY COUNTY,129,67 Years,47,23,24,44,21,23,1,1,0,0,0,0,0,0,0,2,1,1
DONLEY COUNTY,129,68 Years,50,24,26,45,24,21,0,0,0,0,0,0,1,0,1,4,0,4
DONLEY COUNTY,129,69 Years,54,28,26,49,26,23,1,1,0,0,0,0,1,0,1,3,1,2
DONLEY COUNTY,129,70 Years,47,18,29,44,17,27,0,0,0,0,0,0,1,0,1,2,1,1
DONLEY COUNTY,129,71 Years,44,20,24,42,19,23,0,0,0,1,1,0,1,0,1,0,0,0
DONLEY COUNTY,129,72 Years,39,15,24,36,13,23,0,0,0,0,0,0,0,0,0,3,2,1
DONLEY COUNTY,129,73 Years,34,15,19,30,12,18,1,1,0,0,0,0,0,0,0,3,2,1
DONLEY COUNTY,129,74 Years,43,17,26,42,16,26,0,0,0,0,0,0,0,0,0,1,1,0
DONLEY COUNTY,129,75 Years,39,15,24,36,14,22,0,0,0,0,0,0,2,1,1,1,0,1
DONLEY COUNTY,129,76 Years,31,10,21,29,9,20,0,0,0,0,0,0,1,0,1,1,1,0
DONLEY COUNTY,129,77 Years,32,15,17,29,13,16,2,1,1,0,0,0,0,0,0,1,1,0
DONLEY COUNTY,129,78 Years,35,17,18,31,14,17,2,1,1,0,0,0,1,1,0,1,1,0
DONLEY COUNTY,129,79 Years,26,12,14,24,11,13,0,0,0,0,0,0,0,0,0,2,1,1
DONLEY COUNTY,129,80 Years,25,10,15,25,10,15,0,0,0,0,0,0,0,0,0,0,0,0
DONLEY COUNTY,129,81 Years,29,12,17,28,12,16,0,0,0,0,0,0,1,0,1,0,0,0
DONLEY COUNTY,129,82 Years,23,9,14,21,9,12,1,0,1,0,0,0,1,0,1,0,0,0
DONLEY COUNTY,129,83 Years,23,12,11,20,10,10,0,0,0,0,0,0,2,1,1,1,1,0
DONLEY COUNTY,129,84 Years,17,9,8,13,6,7,1,1,0,0,0,0,2,1,1,1,1,0
DONLEY COUNTY,129,85 Years,11,5,6,9,4,5,2,1,1,0,0,0,0,0,0,0,0,0
DONLEY COUNTY,129,86 Years,12,7,5,12,7,5,0,0,0,0,0,0,0,0,0,0,0,0
DONLEY COUNTY,129,87 Years,13,4,9,13,4,9,0,0,0,0,0,0,0,0,0,0,0,0
DONLEY COUNTY,129,88 Years,12,6,6,12,6,6,0,0,0,0,0,0,0,0,0,0,0,0
DONLEY COUNTY,129,89 Years,12,5,7,12,5,7,0,0,0,0,0,0,0,0,0,0,0,0
DONLEY COUNTY,129,90 Years,8,4,4,7,3,4,0,0,0,0,0,0,1,1,0,0,0,0
DONLEY COUNTY,129,91 Years,11,3,8,7,2,5,4,1,3,0,0,0,0,0,0,0,0,0
DONLEY COUNTY,129,92 Years,6,2,4,5,2,3,1,0,1,0,0,0,0,0,0,0,0,0
DONLEY COUNTY,129,93 Years,4,2,2,4,2,2,0,0,0,0,0,0,0,0,0,0,0,0
DONLEY COUNTY,129,94 Years,3,1,2,3,1,2,0,0,0,0,0,0,0,0,0,0,0,0
DONLEY COUNTY,129,95 Years +,8,3,5,6,2,4,1,1,0,0,0,0,0,0,0,1,0,1
DUVAL COUNTY,131,All Ages,10985,5659,5326,1144,641,503,77,73,4,16,8,8,53,26,27,9695,4911,4784
DUVAL COUNTY,131,< 1 Year,158,79,79,10,5,5,0,0,0,0,0,0,0,0,0,148,74,74
DUVAL COUNTY,131,1 Years,154,81,73,10,7,3,0,0,0,0,0,0,2,1,1,142,73,69
DUVAL COUNTY,131,2 Years,165,84,81,10,4,6,0,0,0,0,0,0,2,1,1,153,79,74
DUVAL COUNTY,131,3 Years,177,87,90,9,4,5,0,0,0,0,0,0,0,0,0,168,83,85
DUVAL COUNTY,131,4 Years,176,83,93,7,3,4,0,0,0,0,0,0,0,0,0,169,80,89
DUVAL COUNTY,131,5 Years,171,84,87,9,6,3,0,0,0,0,0,0,0,0,0,162,78,84
DUVAL COUNTY,131,6 Years,167,80,87,12,7,5,0,0,0,0,0,0,0,0,0,155,73,82
DUVAL COUNTY,131,7 Years,173,85,88,11,6,5,0,0,0,0,0,0,1,1,0,161,78,83
DUVAL COUNTY,131,8 Years,173,80,93,11,6,5,1,1,0,0,0,0,2,2,0,159,71,88
DUVAL COUNTY,131,9 Years,153,80,73,13,7,6,1,1,0,0,0,0,0,0,0,139,72,67
DUVAL COUNTY,131,10 Years,152,68,84,13,5,8,1,1,0,0,0,0,2,1,1,136,61,75
DUVAL COUNTY,131,11 Years,143,73,70,10,4,6,0,0,0,0,0,0,1,0,1,132,69,63
DUVAL COUNTY,131,12 Years,133,57,76,8,4,4,0,0,0,0,0,0,1,0,1,124,53,71
DUVAL COUNTY,131,13 Years,163,85,78,17,10,7,0,0,0,0,0,0,1,1,0,145,74,71
DUVAL COUNTY,131,14 Years,150,83,67,12,7,5,0,0,0,0,0,0,1,0,1,137,76,61
DUVAL COUNTY,131,15 Years,148,89,59,15,10,5,0,0,0,0,0,0,0,0,0,133,79,54
DUVAL COUNTY,131,16 Years,137,77,60,13,10,3,0,0,0,0,0,0,1,1,0,123,66,57
DUVAL COUNTY,131,17 Years,127,68,59,10,7,3,0,0,0,0,0,0,1,0,1,116,61,55
DUVAL COUNTY,131,18 Years,166,86,80,21,11,10,1,1,0,1,0,1,0,0,0,143,74,69
DUVAL COUNTY,131,19 Years,136,76,60,17,11,6,1,1,0,1,0,1,0,0,0,117,64,53
DUVAL COUNTY,131,20 Years,142,84,58,16,12,4,0,0,0,0,0,0,1,0,1,125,72,53
DUVAL COUNTY,131,21 Years,149,87,62,11,8,3,1,1,0,0,0,0,2,2,0,135,76,59
DUVAL COUNTY,131,22 Years,151,86,65,18,10,8,2,2,0,0,0,0,1,1,0,130,73,57
DUVAL COUNTY,131,23 Years,154,93,61,12,6,6,3,3,0,0,0,0,1,0,1,138,84,54
DUVAL COUNTY,131,24 Years,165,99,66,19,11,8,1,1,0,0,0,0,3,3,0,142,84,58
DUVAL COUNTY,131,25 Years,153,95,58,15,11,4,1,1,0,0,0,0,0,0,0,137,83,54
DUVAL COUNTY,131,26 Years,154,85,69,14,10,4,2,2,0,0,0,0,0,0,0,138,73,65
DUVAL COUNTY,131,27 Years,164,89,75,13,10,3,2,2,0,0,0,0,0,0,0,149,77,72
DUVAL COUNTY,131,28 Years,150,85,65,12,8,4,4,4,0,0,0,0,0,0,0,134,73,61
DUVAL COUNTY,131,29 Years,145,83,62,10,5,5,0,0,0,0,0,0,0,0,0,135,78,57
DUVAL COUNTY,131,30 Years,133,75,58,8,6,2,1,1,0,0,0,0,0,0,0,124,68,56
DUVAL COUNTY,131,31 Years,136,77,59,9,5,4,1,1,0,0,0,0,1,1,0,125,70,55
DUVAL COUNTY,131,32 Years,130,66,64,6,3,3,1,1,0,0,0,0,1,1,0,122,61,61
DUVAL COUNTY,131,33 Years,126,70,56,10,8,2,1,1,0,0,0,0,2,2,0,113,59,54
DUVAL COUNTY,131,34 Years,126,66,60,12,7,5,0,0,0,0,0,0,0,0,0,114,59,55
DUVAL COUNTY,131,35 Years,117,62,55,14,8,6,1,1,0,0,0,0,1,1,0,101,52,49
DUVAL COUNTY,131,36 Years,110,61,49,13,7,6,0,0,0,0,0,0,1,0,1,96,54,42
DUVAL COUNTY,131,37 Years,118,57,61,9,4,5,0,0,0,0,0,0,1,0,1,108,53,55
DUVAL COUNTY,131,38 Years,131,66,65,16,9,7,2,1,1,0,0,0,0,0,0,113,56,57
DUVAL COUNTY,131,39 Years,108,55,53,14,9,5,2,2,0,0,0,0,0,0,0,92,44,48
DUVAL COUNTY,131,40 Years,113,56,57,14,5,9,0,0,0,1,1,0,0,0,0,98,50,48
DUVAL COUNTY,131,41 Years,130,68,62,17,9,8,2,2,0,0,0,0,1,0,1,110,57,53
DUVAL COUNTY,131,42 Years,122,68,54,15,8,7,1,1,0,0,0,0,0,0,0,106,59,47
DUVAL COUNTY,131,43 Years,111,57,54,12,8,4,2,2,0,0,0,0,0,0,0,97,47,50
DUVAL COUNTY,131,44 Years,126,59,67,14,9,5,1,1,0,0,0,0,0,0,0,111,49,62
DUVAL COUNTY,131,45 Years,124,60,64,16,9,7,2,2,0,1,0,1,0,0,0,105,49,56
DUVAL COUNTY,131,46 Years,119,72,47,17,13,4,2,2,0,1,0,1,0,0,0,99,57,42
DUVAL COUNTY,131,47 Years,123,60,63,13,6,7,4,3,1,0,0,0,0,0,0,106,51,55
DUVAL COUNTY,131,48 Years,105,55,50,7,5,2,1,1,0,0,0,0,0,0,0,97,49,48
DUVAL COUNTY,131,49 Years,115,57,58,12,8,4,1,1,0,0,0,0,1,0,1,101,48,53
DUVAL COUNTY,131,50 Years,116,62,54,11,9,2,2,2,0,1,1,0,2,1,1,100,49,51
DUVAL COUNTY,131,51 Years,113,63,50,11,7,4,2,2,0,1,1,0,0,0,0,99,53,46
DUVAL COUNTY,131,52 Years,118,58,60,9,5,4,3,2,1,1,0,1,3,1,2,102,50,52
DUVAL COUNTY,131,53 Years,124,67,57,13,11,2,2,2,0,1,1,0,0,0,0,108,53,55
DUVAL COUNTY,131,54 Years,121,67,54,15,10,5,3,3,0,0,0,0,0,0,0,103,54,49
DUVAL COUNTY,131,55 Years,135,67,68,16,9,7,2,2,0,1,0,1,1,1,0,115,55,60
DUVAL COUNTY,131,56 Years,141,73,68,15,8,7,2,2,0,2,1,1,0,0,0,122,62,60
DUVAL COUNTY,131,57 Years,152,85,67,18,11,7,2,2,0,1,0,1,1,1,0,130,71,59
DUVAL COUNTY,131,58 Years,141,71,70,16,10,6,3,2,1,1,1,0,1,0,1,120,58,62
DUVAL COUNTY,131,59 Years,123,65,58,17,11,6,1,1,0,1,1,0,0,0,0,104,52,52
DUVAL COUNTY,131,60 Years,124,64,60,16,9,7,1,1,0,0,0,0,0,0,0,107,54,53
DUVAL COUNTY,131,61 Years,122,62,60,17,7,10,1,1,0,0,0,0,0,0,0,104,54,50
DUVAL COUNTY,131,62 Years,103,51,52,14,4,10,1,1,0,0,0,0,0,0,0,88,46,42
DUVAL COUNTY,131,63 Years,108,50,58,16,7,9,1,1,0,0,0,0,0,0,0,91,42,49
DUVAL COUNTY,131,64 Years,109,56,53,13,8,5,1,1,0,0,0,0,0,0,0,95,47,48
DUVAL COUNTY,131,65 Years,106,61,45,13,9,4,1,1,0,0,0,0,0,0,0,92,51,41
DUVAL COUNTY,131,66 Years,97,61,36,13,10,3,0,0,0,0,0,0,0,0,0,84,51,33
DUVAL COUNTY,131,67 Years,102,50,52,11,6,5,1,1,0,0,0,0,0,0,0,90,43,47
DUVAL COUNTY,131,68 Years,107,45,62,16,4,12,0,0,0,0,0,0,1,0,1,90,41,49
DUVAL COUNTY,131,69 Years,113,55,58,13,7,6,0,0,0,0,0,0,2,1,1,98,47,51
DUVAL COUNTY,131,70 Years,110,56,54,14,8,6,0,0,0,0,0,0,2,1,1,94,47,47
DUVAL COUNTY,131,71 Years,108,58,50,14,6,8,0,0,0,0,0,0,1,1,0,93,51,42
DUVAL COUNTY,131,72 Years,115,52,63,16,8,8,1,1,0,0,0,0,0,0,0,98,43,55
DUVAL COUNTY,131,73 Years,125,57,68,14,8,6,1,1,0,0,0,0,0,0,0,110,48,62
DUVAL COUNTY,131,74 Years,117,55,62,16,8,8,0,0,0,1,1,0,1,0,1,99,46,53
DUVAL COUNTY,131,75 Years,97,49,48,8,4,4,0,0,0,0,0,0,0,0,0,89,45,44
DUVAL COUNTY,131,76 Years,81,41,40,9,6,3,0,0,0,0,0,0,0,0,0,72,35,37
DUVAL COUNTY,131,77 Years,80,35,45,12,5,7,0,0,0,0,0,0,1,0,1,67,30,37
DUVAL COUNTY,131,78 Years,70,33,37,12,3,9,0,0,0,0,0,0,2,0,2,56,30,26
DUVAL COUNTY,131,79 Years,83,34,49,14,4,10,0,0,0,0,0,0,1,0,1,68,30,38
DUVAL COUNTY,131,80 Years,61,25,36,13,5,8,0,0,0,0,0,0,0,0,0,48,20,28
DUVAL COUNTY,131,81 Years,54,23,31,10,5,5,0,0,0,0,0,0,0,0,0,44,18,26
DUVAL COUNTY,131,82 Years,62,26,36,10,5,5,0,0,0,0,0,0,0,0,0,52,21,31
DUVAL COUNTY,131,83 Years,54,21,33,8,4,4,0,0,0,0,0,0,0,0,0,46,17,29
DUVAL COUNTY,131,84 Years,41,16,25,7,4,3,0,0,0,0,0,0,1,0,1,33,12,21
DUVAL COUNTY,131,85 Years,44,17,27,8,4,4,0,0,0,0,0,0,0,0,0,36,13,23
DUVAL COUNTY,131,86 Years,40,14,26,8,3,5,0,0,0,0,0,0,0,0,0,32,11,21
DUVAL COUNTY,131,87 Years,41,17,24,7,2,5,0,0,0,0,0,0,0,0,0,34,15,19
DUVAL COUNTY,131,88 Years,27,11,16,7,3,4,0,0,0,0,0,0,0,0,0,20,8,12
DUVAL COUNTY,131,89 Years,27,9,18,5,2,3,0,0,0,0,0,0,0,0,0,22,7,15
DUVAL COUNTY,131,90 Years,21,9,12,4,2,2,0,0,0,0,0,0,0,0,0,17,7,10
DUVAL COUNTY,131,91 Years,19,8,11,5,2,3,0,0,0,0,0,0,0,0,0,14,6,8
DUVAL COUNTY,131,92 Years,14,6,8,4,2,2,0,0,0,0,0,0,0,0,0,10,4,6
DUVAL COUNTY,131,93 Years,10,4,6,2,2,0,0,0,0,0,0,0,0,0,0,8,2,6
DUVAL COUNTY,131,94 Years,9,3,6,2,1,1,0,0,0,0,0,0,0,0,0,7,2,5
DUVAL COUNTY,131,95 Years +,28,9,19,6,2,4,0,0,0,0,0,0,1,0,1,21,7,14
EASTLAND COUNTY,133,All Ages,18458,9303,9155,14620,7236,7384,334,200,134,72,30,42,323,169,154,3109,1668,1441
EASTLAND COUNTY,133,< 1 Year,240,124,116,186,101,85,3,0,3,0,0,0,5,1,4,46,22,24
EASTLAND COUNTY,133,1 Years,241,129,112,183,98,85,5,2,3,3,1,2,8,4,4,42,24,18
EASTLAND COUNTY,133,2 Years,242,126,116,188,98,90,3,2,1,3,1,2,8,5,3,40,20,20
EASTLAND COUNTY,133,3 Years,245,129,116,192,98,94,4,3,1,2,1,1,8,5,3,39,22,17
EASTLAND COUNTY,133,4 Years,237,127,110,188,101,87,3,1,2,0,0,0,9,4,5,37,21,16
EASTLAND COUNTY,133,5 Years,221,119,102,174,95,79,2,1,1,0,0,0,8,4,4,37,19,18
EASTLAND COUNTY,133,6 Years,213,113,100,161,86,75,2,1,1,0,0,0,10,5,5,40,21,19
EASTLAND COUNTY,133,7 Years,212,109,103,162,81,81,2,1,1,0,0,0,5,4,1,43,23,20
EASTLAND COUNTY,133,8 Years,229,125,104,171,90,81,2,2,0,0,0,0,4,2,2,52,31,21
EASTLAND COUNTY,133,9 Years,194,100,94,129,66,63,2,1,1,0,0,0,4,2,2,59,31,28
EASTLAND COUNTY,133,10 Years,206,103,103,132,63,69,3,1,2,1,0,1,5,2,3,65,37,28
EASTLAND COUNTY,133,11 Years,195,94,101,131,67,64,2,1,1,1,1,0,5,2,3,56,23,33
EASTLAND COUNTY,133,12 Years,229,105,124,158,73,85,1,1,0,1,1,0,5,4,1,64,26,38
EASTLAND COUNTY,133,13 Years,227,110,117,156,72,84,2,2,0,1,1,0,4,2,2,64,33,31
EASTLAND COUNTY,133,14 Years,239,115,124,161,77,84,4,1,3,1,0,1,4,1,3,69,36,33
EASTLAND COUNTY,133,15 Years,275,159,116,198,116,82,2,1,1,1,1,0,4,3,1,70,38,32
EASTLAND COUNTY,133,16 Years,253,145,108,185,107,78,1,0,1,1,1,0,4,1,3,62,36,26
EASTLAND COUNTY,133,17 Years,244,149,95,169,105,64,11,7,4,1,0,1,3,1,2,60,36,24
EASTLAND COUNTY,133,18 Years,267,154,113,157,98,59,26,11,15,2,0,2,2,1,1,80,44,36
EASTLAND COUNTY,133,19 Years,293,170,123,141,83,58,57,38,19,0,0,0,7,5,2,88,44,44
EASTLAND COUNTY,133,20 Years,217,118,99,112,60,52,25,16,9,0,0,0,3,2,1,77,40,37
EASTLAND COUNTY,133,21 Years,196,117,79,121,63,58,24,21,3,0,0,0,2,1,1,49,32,17
EASTLAND COUNTY,133,22 Years,190,103,87,129,65,64,12,7,5,0,0,0,2,1,1,47,30,17
EASTLAND COUNTY,133,23 Years,177,92,85,113,51,62,9,7,2,0,0,0,4,2,2,51,32,19
EASTLAND COUNTY,133,24 Years,178,92,86,120,59,61,3,3,0,0,0,0,3,3,0,52,27,25
EASTLAND COUNTY,133,25 Years,180,100,80,129,71,58,1,1,0,0,0,0,3,2,1,47,26,21
EASTLAND COUNTY,133,26 Years,216,112,104,169,82,87,2,1,1,1,0,1,1,1,0,43,28,15
EASTLAND COUNTY,133,27 Years,326,192,134,251,148,103,6,5,1,5,4,1,9,7,2,55,28,27
EASTLAND COUNTY,133,28 Years,270,152,118,210,120,90,4,2,2,3,2,1,9,5,4,44,23,21
EASTLAND COUNTY,133,29 Years,201,106,95,154,81,73,2,2,0,2,1,1,3,2,1,40,20,20
EASTLAND COUNTY,133,30 Years,169,89,80,126,63,63,2,2,0,1,1,0,1,0,1,39,23,16
EASTLAND COUNTY,133,31 Years,161,89,72,112,61,51,1,1,0,0,0,0,2,2,0,46,25,21
EASTLAND COUNTY,133,32 Years,180,88,92,134,64,70,1,0,1,0,0,0,2,2,0,43,22,21
EASTLAND COUNTY,133,33 Years,204,95,109,156,69,87,1,1,0,2,1,1,3,2,1,42,22,20
EASTLAND COUNTY,133,34 Years,165,84,81,129,68,61,1,0,1,1,0,1,2,1,1,32,15,17
EASTLAND COUNTY,133,35 Years,203,97,106,150,70,80,3,2,1,2,0,2,1,0,1,47,25,22
EASTLAND COUNTY,133,36 Years,205,111,94,166,86,80,2,2,0,0,0,0,1,1,0,36,22,14
EASTLAND COUNTY,133,37 Years,203,106,97,160,88,72,4,3,1,0,0,0,3,1,2,36,14,22
EASTLAND COUNTY,133,38 Years,214,100,114,168,76,92,3,2,1,1,1,0,3,1,2,39,20,19
EASTLAND COUNTY,133,39 Years,205,106,99,157,75,82,1,0,1,1,1,0,5,3,2,41,27,14
EASTLAND COUNTY,133,40 Years,176,85,91,132,64,68,1,0,1,1,0,1,3,1,2,39,20,19
EASTLAND COUNTY,133,41 Years,185,100,85,140,74,66,1,1,0,2,1,1,0,0,0,42,24,18
EASTLAND COUNTY,133,42 Years,206,107,99,167,78,89,2,2,0,0,0,0,1,1,0,36,26,10
EASTLAND COUNTY,133,43 Years,198,104,94,159,78,81,2,1,1,0,0,0,2,1,1,35,24,11
EASTLAND COUNTY,133,44 Years,174,93,81,137,72,65,1,1,0,2,1,1,2,1,1,32,18,14
EASTLAND COUNTY,133,45 Years,165,67,98,128,55,73,0,0,0,1,0,1,4,2,2,32,10,22
EASTLAND COUNTY,133,46 Years,191,93,98,157,78,79,0,0,0,1,1,0,2,1,1,31,13,18
EASTLAND COUNTY,133,47 Years,185,85,100,146,68,78,0,0,0,2,1,1,3,2,1,34,14,20
EASTLAND COUNTY,133,48 Years,195,98,97,147,75,72,0,0,0,1,1,0,1,1,0,46,21,25
EASTLAND COUNTY,133,49 Years,192,95,97,151,75,76,0,0,0,0,0,0,5,3,2,36,17,19
EASTLAND COUNTY,133,50 Years,180,82,98,147,67,80,1,0,1,2,0,2,4,2,2,26,13,13
EASTLAND COUNTY,133,51 Years,189,82,107,157,66,91,1,1,0,1,0,1,3,1,2,27,14,13
EASTLAND COUNTY,133,52 Years,197,96,101,164,78,86,1,1,0,0,0,0,3,1,2,29,16,13
EASTLAND COUNTY,133,53 Years,213,109,104,183,93,90,1,1,0,1,0,1,2,0,2,26,15,11
EASTLAND COUNTY,133,54 Years,225,106,119,186,89,97,3,2,1,3,1,2,4,1,3,29,13,16
EASTLAND COUNTY,133,55 Years,252,132,120,196,106,90,1,0,1,1,0,1,6,1,5,48,25,23
EASTLAND COUNTY,133,56 Years,273,145,128,234,122,112,5,4,1,1,1,0,4,3,1,29,15,14
EASTLAND COUNTY,133,57 Years,262,138,124,217,107,110,4,3,1,1,1,0,4,3,1,36,24,12
EASTLAND COUNTY,133,58 Years,263,132,131,217,104,113,3,1,2,1,1,0,4,3,1,38,23,15
EASTLAND COUNTY,133,59 Years,299,140,159,258,117,141,3,2,1,0,0,0,6,4,2,32,17,15
EASTLAND COUNTY,133,60 Years,303,152,151,263,130,133,4,1,3,0,0,0,8,5,3,28,16,12
EASTLAND COUNTY,133,61 Years,268,134,134,233,116,117,5,2,3,0,0,0,4,3,1,26,13,13
EASTLAND COUNTY,133,62 Years,257,125,132,228,109,119,4,2,2,0,0,0,3,2,1,22,12,10
EASTLAND COUNTY,133,63 Years,246,121,125,218,107,111,2,1,1,1,0,1,4,0,4,21,13,8
EASTLAND COUNTY,133,64 Years,216,110,106,193,96,97,2,2,0,3,1,2,1,0,1,17,11,6
EASTLAND COUNTY,133,65 Years,218,110,108,187,93,94,4,3,1,1,0,1,3,1,2,23,13,10
EASTLAND COUNTY,133,66 Years,249,125,124,219,109,110,2,1,1,1,0,1,4,3,1,23,12,11
EASTLAND COUNTY,133,67 Years,248,121,127,222,107,115,2,0,2,1,0,1,4,3,1,19,11,8
EASTLAND COUNTY,133,68 Years,243,117,126,221,102,119,4,2,2,0,0,0,2,2,0,16,11,5
EASTLAND COUNTY,133,69 Years,209,98,111,196,92,104,3,2,1,0,0,0,1,0,1,9,4,5
EASTLAND COUNTY,133,70 Years,259,121,138,230,105,125,1,0,1,0,0,0,5,2,3,23,14,9
EASTLAND COUNTY,133,71 Years,272,124,148,242,105,137,2,1,1,1,0,1,3,2,1,24,16,8
EASTLAND COUNTY,133,72 Years,214,98,116,188,83,105,1,0,1,0,0,0,5,2,3,20,13,7
EASTLAND COUNTY,133,73 Years,196,97,99,184,90,94,0,0,0,0,0,0,2,1,1,10,6,4
EASTLAND COUNTY,133,74 Years,185,97,88,171,91,80,2,1,1,0,0,0,2,1,1,10,4,6
EASTLAND COUNTY,133,75 Years,198,91,107,182,84,98,2,1,1,0,0,0,5,3,2,9,3,6
EASTLAND COUNTY,133,76 Years,178,81,97,162,76,86,0,0,0,0,0,0,5,2,3,11,3,8
EASTLAND COUNTY,133,77 Years,149,63,86,139,59,80,0,0,0,0,0,0,2,1,1,8,3,5
EASTLAND COUNTY,133,78 Years,152,69,83,138,64,74,4,2,2,0,0,0,3,1,2,7,2,5
EASTLAND COUNTY,133,79 Years,151,67,84,136,63,73,1,0,1,2,0,2,2,1,1,10,3,7
EASTLAND COUNTY,133,80 Years,129,60,69,120,57,63,1,0,1,1,0,1,2,1,1,5,2,3
EASTLAND COUNTY,133,81 Years,120,51,69,108,45,63,2,0,2,1,1,0,3,1,2,6,4,2
EASTLAND COUNTY,133,82 Years,107,45,62,96,40,56,0,0,0,0,0,0,2,0,2,9,5,4
EASTLAND COUNTY,133,83 Years,102,42,60,93,38,55,0,0,0,0,0,0,2,1,1,7,3,4
EASTLAND COUNTY,133,84 Years,90,40,50,81,36,45,3,2,1,0,0,0,0,0,0,6,2,4
EASTLAND COUNTY,133,85 Years,83,38,45,73,32,41,1,1,0,0,0,0,2,1,1,7,4,3
EASTLAND COUNTY,133,86 Years,77,32,45,69,29,40,2,0,2,0,0,0,2,0,2,4,3,1
EASTLAND COUNTY,133,87 Years,63,26,37,57,25,32,1,0,1,0,0,0,1,0,1,4,1,3
EASTLAND COUNTY,133,88 Years,54,19,35,49,18,31,0,0,0,0,0,0,0,0,0,5,1,4
EASTLAND COUNTY,133,89 Years,48,20,28,44,17,27,0,0,0,0,0,0,1,1,0,3,2,1
EASTLAND COUNTY,133,90 Years,42,15,27,38,13,25,0,0,0,1,0,1,0,0,0,3,2,1
EASTLAND COUNTY,133,91 Years,32,14,18,28,12,16,0,0,0,1,0,1,1,0,1,2,2,0
EASTLAND COUNTY,133,92 Years,28,11,17,25,11,14,0,0,0,0,0,0,1,0,1,2,0,2
EASTLAND COUNTY,133,93 Years,26,11,15,23,9,14,0,0,0,0,0,0,0,0,0,3,2,1
EASTLAND COUNTY,133,94 Years,19,5,14,17,4,13,1,1,0,0,0,0,0,0,0,1,0,1
EASTLAND COUNTY,133,95 Years +,45,10,35,36,8,28,4,0,4,0,0,0,1,0,1,4,2,2
ECTOR COUNTY,135,All Ages,163349,84025,79324,51940,26285,25655,7148,3758,3390,1673,760,913,2517,1255,1262,100071,51967,48104
ECTOR COUNTY,135,< 1 Year,2495,1282,1213,495,254,241,115,64,51,19,10,9,91,43,48,1775,911,864
ECTOR COUNTY,135,1 Years,2570,1330,1240,513,265,248,122,64,58,21,11,10,90,43,47,1824,947,877
ECTOR COUNTY,135,2 Years,2645,1366,1279,555,289,266,111,56,55,25,12,13,93,46,47,1861,963,898
ECTOR COUNTY,135,3 Years,2841,1479,1362,620,322,298,112,59,53,27,13,14,102,52,50,1980,1033,947
ECTOR COUNTY,135,4 Years,2947,1524,1423,656,336,320,105,62,43,29,15,14,101,53,48,2056,1058,998
ECTOR COUNTY,135,5 Years,2949,1529,1420,660,342,318,111,66,45,25,14,11,93,52,41,2060,1055,1005
ECTOR COUNTY,135,6 Years,2768,1424,1344,625,325,300,113,64,49,26,14,12,68,37,31,1936,984,952
ECTOR COUNTY,135,7 Years,2659,1366,1293,601,312,289,118,61,57,23,11,12,58,30,28,1859,952,907
ECTOR COUNTY,135,8 Years,2638,1369,1269,577,311,266,121,60,61,18,15,3,58,29,29,1864,954,910
ECTOR COUNTY,135,9 Years,2809,1413,1396,682,352,330,113,60,53,19,7,12,41,20,21,1954,974,980
ECTOR COUNTY,135,10 Years,2768,1393,1375,668,348,320,136,72,64,20,6,14,41,20,21,1903,947,956
ECTOR COUNTY,135,11 Years,2727,1389,1338,652,320,332,123,62,61,20,4,16,39,22,17,1893,981,912
ECTOR COUNTY,135,12 Years,2564,1310,1254,590,290,300,112,63,49,23,6,17,34,18,16,1805,933,872
ECTOR COUNTY,135,13 Years,2575,1315,1260,572,292,280,113,62,51,30,13,17,44,21,23,1816,927,889
ECTOR COUNTY,135,14 Years,2599,1320,1279,604,306,298,111,63,48,34,18,16,38,20,18,1812,913,899
ECTOR COUNTY,135,15 Years,2625,1308,1317,576,283,293,121,64,57,27,10,17,37,20,17,1864,931,933
ECTOR COUNTY,135,16 Years,2570,1301,1269,581,314,267,116,60,56,20,4,16,32,11,21,1821,912,909
ECTOR COUNTY,135,17 Years,2540,1324,1216,573,305,268,100,56,44,25,7,18,33,18,15,1809,938,871
ECTOR COUNTY,135,18 Years,2543,1349,1194,548,297,251,112,68,44,35,16,19,34,18,16,1814,950,864
ECTOR COUNTY,135,19 Years,2433,1318,1115,527,300,227,103,64,39,24,8,16,32,19,13,1747,927,820
ECTOR COUNTY,135,20 Years,2448,1334,1114,567,312,255,98,55,43,21,13,8,37,22,15,1725,932,793
ECTOR COUNTY,135,21 Years,2446,1345,1101,561,305,256,89,55,34,27,14,13,30,18,12,1739,953,786
ECTOR COUNTY,135,22 Years,2404,1332,1072,573,295,278,99,54,45,20,14,6,19,8,11,1693,961,732
ECTOR COUNTY,135,23 Years,2418,1339,1079,564,303,261,92,49,43,19,17,2,35,15,20,1708,955,753
ECTOR COUNTY,135,24 Years,2519,1400,1119,633,352,281,96,56,40,9,5,4,23,11,12,1758,976,782
ECTOR COUNTY,135,25 Years,2692,1474,1218,710,385,325,115,62,53,13,11,2,27,16,11,1827,1000,827
ECTOR COUNTY,135,26 Years,2881,1565,1316,834,446,388,114,57,57,18,7,11,44,26,18,1871,1029,842
ECTOR COUNTY,135,27 Years,2999,1585,1414,944,475,469,119,63,56,11,4,7,46,24,22,1879,1019,860
ECTOR COUNTY,135,28 Years,2979,1600,1379,929,461,468,120,66,54,9,4,5,40,18,22,1881,1051,830
ECTOR COUNTY,135,29 Years,2957,1602,1355,887,486,401,121,64,57,9,5,4,36,14,22,1904,1033,871
ECTOR COUNTY,135,30 Years,2764,1455,1309,890,475,415,117,56,61,19,6,13,26,9,17,1712,909,803
ECTOR COUNTY,135,31 Years,2810,1482,1328,877,472,405,118,66,52,33,17,16,27,9,18,1755,918,837
ECTOR COUNTY,135,32 Years,2756,1483,1273,863,460,403,112,58,54,25,19,6,33,11,22,1723,935,788
ECTOR COUNTY,135,33 Years,2599,1351,1248,834,435,399,109,57,52,21,8,13,29,10,19,1606,841,765
ECTOR COUNTY,135,34 Years,2479,1319,1160,776,418,358,101,56,45,11,3,8,25,11,14,1566,831,735
ECTOR COUNTY,135,35 Years,2595,1420,1175,818,439,379,98,49,49,12,6,6,21,12,9,1646,914,732
ECTOR COUNTY,135,36 Years,2451,1334,1117,749,390,359,99,58,41,21,6,15,27,14,13,1555,866,689
ECTOR COUNTY,135,37 Years,2322,1254,1068,726,376,350,96,56,40,29,13,16,27,15,12,1444,794,650
ECTOR COUNTY,135,38 Years,2230,1214,1016,718,369,349,84,47,37,34,16,18,23,13,10,1371,769,602
ECTOR COUNTY,135,39 Years,2005,1062,943,633,343,290,85,45,40,28,8,20,16,6,10,1243,660,583
ECTOR COUNTY,135,40 Years,1905,987,918,598,326,272,84,41,43,24,5,19,22,9,13,1177,606,571
ECTOR COUNTY,135,41 Years,1913,982,931,569,300,269,73,37,36,22,6,16,19,8,11,1230,631,599
ECTOR COUNTY,135,42 Years,1902,1000,902,538,292,246,71,37,34,33,17,16,18,8,10,1242,646,596
ECTOR COUNTY,135,43 Years,1869,978,891,548,288,260,79,44,35,23,17,6,16,7,9,1203,622,581
ECTOR COUNTY,135,44 Years,1782,880,902,541,277,264,74,39,35,31,17,14,10,5,5,1126,542,584
ECTOR COUNTY,135,45 Years,1735,877,858,564,287,277,66,34,32,32,17,15,16,7,9,1057,532,525
ECTOR COUNTY,135,46 Years,1817,909,908,575,288,287,77,37,40,34,17,17,23,11,12,1108,556,552
ECTOR COUNTY,135,47 Years,1874,979,895,617,310,307,78,43,35,41,17,24,24,11,13,1114,598,516
ECTOR COUNTY,135,48 Years,1753,927,826,595,315,280,72,38,34,26,16,10,20,11,9,1040,547,493
ECTOR COUNTY,135,49 Years,1641,825,816,580,288,292,67,33,34,14,8,6,13,7,6,967,489,478
ECTOR COUNTY,135,50 Years,1641,830,811,552,273,279,70,35,35,28,14,14,13,8,5,978,500,478
ECTOR COUNTY,135,51 Years,1575,806,769,520,256,264,72,32,40,30,15,15,11,8,3,942,495,447
ECTOR COUNTY,135,52 Years,1576,801,775,570,283,287,64,37,27,30,16,14,11,8,3,901,457,444
ECTOR COUNTY,135,53 Years,1658,855,803,626,329,297,85,50,35,11,6,5,22,12,10,914,458,456
ECTOR COUNTY,135,54 Years,1636,813,823,671,338,333,93,45,48,8,3,5,20,9,11,844,418,426
ECTOR COUNTY,135,55 Years,1698,845,853,749,361,388,76,36,40,17,5,12,25,14,11,831,429,402
ECTOR COUNTY,135,56 Years,1688,857,831,725,365,360,82,39,43,20,5,15,23,15,8,838,433,405
ECTOR COUNTY,135,57 Years,1684,848,836,740,370,370,97,46,51,21,4,17,24,12,12,802,416,386
ECTOR COUNTY,135,58 Years,1647,833,814,715,364,351,93,48,45,22,14,8,25,11,14,792,396,396
ECTOR COUNTY,135,59 Years,1597,782,815,753,383,370,89,40,49,13,8,5,24,9,15,718,342,376
ECTOR COUNTY,135,60 Years,1563,765,798,723,363,360,82,38,44,23,6,17,27,11,16,708,347,361
ECTOR COUNTY,135,61 Years,1558,777,781,712,359,353,90,48,42,42,14,28,30,14,16,684,342,342
ECTOR COUNTY,135,62 Years,1518,748,770,723,357,366,80,47,33,34,15,19,23,12,11,658,317,341
ECTOR COUNTY,135,63 Years,1400,696,704,672,331,341,74,40,34,30,15,15,19,10,9,605,300,305
ECTOR COUNTY,135,64 Years,1304,639,665,635,318,317,75,39,36,33,17,16,22,13,9,539,252,287
ECTOR COUNTY,135,65 Years,1250,630,620,616,314,302,61,33,28,17,8,9,21,12,9,535,263,272
ECTOR COUNTY,135,66 Years,1174,577,597,601,285,316,53,29,24,10,6,4,21,12,9,489,245,244
ECTOR COUNTY,135,67 Years,1076,521,555,533,246,287,58,34,24,14,3,11,17,9,8,454,229,225
ECTOR COUNTY,135,68 Years,1082,533,549,540,273,267,56,32,24,10,3,7,20,10,10,456,215,241
ECTOR COUNTY,135,69 Years,981,477,504,511,257,254,51,25,26,9,4,5,14,5,9,396,186,210
ECTOR COUNTY,135,70 Years,914,424,490,494,229,265,40,19,21,6,1,5,14,8,6,360,167,193
ECTOR COUNTY,135,71 Years,885,422,463,494,233,261,32,16,16,6,1,5,14,8,6,339,164,175
ECTOR COUNTY,135,72 Years,775,363,412,401,190,211,33,15,18,7,4,3,11,7,4,323,147,176
ECTOR COUNTY,135,73 Years,720,351,369,383,184,199,33,14,19,5,2,3,11,5,6,288,146,142
ECTOR COUNTY,135,74 Years,715,343,372,407,191,216,36,14,22,6,3,3,13,7,6,253,128,125
ECTOR COUNTY,135,75 Years,680,286,394,381,161,220,30,14,16,14,2,12,13,5,8,242,104,138
ECTOR COUNTY,135,76 Years,599,249,350,361,155,206,26,11,15,5,0,5,9,6,3,198,77,121
ECTOR COUNTY,135,77 Years,570,243,327,332,139,193,23,11,12,4,1,3,9,7,2,202,85,117
ECTOR COUNTY,135,78 Years,508,223,285,279,119,160,34,14,20,6,4,2,9,3,6,180,83,97
ECTOR COUNTY,135,79 Years,494,215,279,300,127,173,31,12,19,2,1,1,9,5,4,152,70,82
ECTOR COUNTY,135,80 Years,483,208,275,301,124,177,22,10,12,1,1,0,9,5,4,150,68,82
ECTOR COUNTY,135,81 Years,435,201,234,257,112,145,24,12,12,4,3,1,9,4,5,141,70,71
ECTOR COUNTY,135,82 Years,404,167,237,246,101,145,25,10,15,5,1,4,7,3,4,121,52,69
ECTOR COUNTY,135,83 Years,380,146,234,237,91,146,24,10,14,3,1,2,7,3,4,109,41,68
ECTOR COUNTY,135,84 Years,336,128,208,214,82,132,17,5,12,1,0,1,7,2,5,97,39,58
ECTOR COUNTY,135,85 Years,301,115,186,202,80,122,16,6,10,1,0,1,4,1,3,78,28,50
ECTOR COUNTY,135,86 Years,269,111,158,176,74,102,15,6,9,1,0,1,5,2,3,72,29,43
ECTOR COUNTY,135,87 Years,244,97,147,164,65,99,9,5,4,2,1,1,4,1,3,65,25,40
ECTOR COUNTY,135,88 Years,225,82,143,154,57,97,12,4,8,2,1,1,1,0,1,56,20,36
ECTOR COUNTY,135,89 Years,196,71,125,132,51,81,14,3,11,1,0,1,1,0,1,48,17,31
ECTOR COUNTY,135,90 Years,158,59,99,105,41,64,9,3,6,1,1,0,1,1,0,42,13,29
ECTOR COUNTY,135,91 Years,148,54,94,102,39,63,7,3,4,2,1,1,2,0,2,35,11,24
ECTOR COUNTY,135,92 Years,113,40,73,72,27,45,7,2,5,1,1,0,1,0,1,32,10,22
ECTOR COUNTY,135,93 Years,86,29,57,52,19,33,6,2,4,1,0,1,1,0,1,26,8,18
ECTOR COUNTY,135,94 Years,64,20,44,41,14,27,3,0,3,1,0,1,1,0,1,18,6,12
ECTOR COUNTY,135,95 Years +,131,42,89,80,24,56,8,2,6,4,2,2,2,0,2,37,14,23
EDWARDS COUNTY,137,All Ages,1913,989,924,835,423,412,16,13,3,3,1,2,12,5,7,1047,547,500
EDWARDS COUNTY,137,< 1 Year,17,7,10,5,2,3,0,0,0,0,0,0,0,0,0,12,5,7
EDWARDS COUNTY,137,1 Years,22,10,12,7,3,4,0,0,0,0,0,0,0,0,0,15,7,8
EDWARDS COUNTY,137,2 Years,20,9,11,6,3,3,0,0,0,0,0,0,0,0,0,14,6,8
EDWARDS COUNTY,137,3 Years,24,12,12,7,3,4,0,0,0,0,0,0,0,0,0,17,9,8
EDWARDS COUNTY,137,4 Years,22,12,10,5,2,3,0,0,0,0,0,0,0,0,0,17,10,7
EDWARDS COUNTY,137,5 Years,21,12,9,4,2,2,0,0,0,0,0,0,0,0,0,17,10,7
EDWARDS COUNTY,137,6 Years,23,14,9,8,4,4,0,0,0,0,0,0,0,0,0,15,10,5
EDWARDS COUNTY,137,7 Years,23,13,10,9,4,5,0,0,0,0,0,0,0,0,0,14,9,5
EDWARDS COUNTY,137,8 Years,22,10,12,7,4,3,0,0,0,0,0,0,0,0,0,15,6,9
EDWARDS COUNTY,137,9 Years,24,10,14,6,2,4,0,0,0,0,0,0,0,0,0,18,8,10
EDWARDS COUNTY,137,10 Years,17,8,9,6,3,3,0,0,0,0,0,0,0,0,0,11,5,6
EDWARDS COUNTY,137,11 Years,18,11,7,6,4,2,0,0,0,0,0,0,0,0,0,12,7,5
EDWARDS COUNTY,137,12 Years,24,14,10,8,4,4,0,0,0,0,0,0,1,1,0,15,9,6
EDWARDS COUNTY,137,13 Years,27,16,11,8,5,3,0,0,0,0,0,0,0,0,0,19,11,8
EDWARDS COUNTY,137,14 Years,22,14,8,8,5,3,0,0,0,0,0,0,0,0,0,14,9,5
EDWARDS COUNTY,137,15 Years,22,11,11,8,3,5,1,0,1,0,0,0,0,0,0,13,8,5
EDWARDS COUNTY,137,16 Years,27,18,9,13,9,4,0,0,0,0,0,0,0,0,0,14,9,5
EDWARDS COUNTY,137,17 Years,22,14,8,8,4,4,0,0,0,0,0,0,0,0,0,14,10,4
EDWARDS COUNTY,137,18 Years,14,6,8,3,1,2,0,0,0,0,0,0,0,0,0,11,5,6
EDWARDS COUNTY,137,19 Years,14,7,7,2,1,1,0,0,0,0,0,0,0,0,0,12,6,6
EDWARDS COUNTY,137,20 Years,12,5,7,1,0,1,0,0,0,0,0,0,0,0,0,11,5,6
EDWARDS COUNTY,137,21 Years,11,5,6,2,0,2,0,0,0,0,0,0,0,0,0,9,5,4
EDWARDS COUNTY,137,22 Years,20,13,7,6,5,1,0,0,0,0,0,0,0,0,0,14,8,6
EDWARDS COUNTY,137,23 Years,18,9,9,5,3,2,0,0,0,0,0,0,0,0,0,13,6,7
EDWARDS COUNTY,137,24 Years,20,12,8,9,7,2,0,0,0,0,0,0,0,0,0,11,5,6
EDWARDS COUNTY,137,25 Years,31,21,10,12,8,4,7,7,0,0,0,0,0,0,0,12,6,6
EDWARDS COUNTY,137,26 Years,30,20,10,11,9,2,3,3,0,0,0,0,0,0,0,16,8,8
EDWARDS COUNTY,137,27 Years,21,11,10,4,3,1,1,0,1,0,0,0,1,1,0,15,7,8
EDWARDS COUNTY,137,28 Years,21,10,11,3,1,2,0,0,0,0,0,0,0,0,0,18,9,9
EDWARDS COUNTY,137,29 Years,15,10,5,2,1,1,0,0,0,0,0,0,0,0,0,13,9,4
EDWARDS COUNTY,137,30 Years,12,7,5,2,1,1,0,0,0,0,0,0,0,0,0,10,6,4
EDWARDS COUNTY,137,31 Years,16,8,8,2,1,1,0,0,0,0,0,0,0,0,0,14,7,7
EDWARDS COUNTY,137,32 Years,25,12,13,7,2,5,0,0,0,0,0,0,0,0,0,18,10,8
EDWARDS COUNTY,137,33 Years,18,6,12,6,1,5,1,1,0,0,0,0,0,0,0,11,4,7
EDWARDS COUNTY,137,34 Years,18,6,12,6,1,5,0,0,0,0,0,0,1,0,1,11,5,6
EDWARDS COUNTY,137,35 Years,17,11,6,4,3,1,0,0,0,0,0,0,0,0,0,13,8,5
EDWARDS COUNTY,137,36 Years,16,10,6,6,3,3,0,0,0,0,0,0,0,0,0,10,7,3
EDWARDS COUNTY,137,37 Years,15,6,9,6,3,3,0,0,0,0,0,0,0,0,0,9,3,6
EDWARDS COUNTY,137,38 Years,20,9,11,5,1,4,0,0,0,0,0,0,0,0,0,15,8,7
EDWARDS COUNTY,137,39 Years,19,8,11,5,3,2,0,0,0,0,0,0,0,0,0,14,5,9
EDWARDS COUNTY,137,40 Years,17,9,8,7,5,2,0,0,0,0,0,0,0,0,0,10,4,6
EDWARDS COUNTY,137,41 Years,12,8,4,7,5,2,0,0,0,0,0,0,0,0,0,5,3,2
EDWARDS COUNTY,137,42 Years,12,5,7,6,2,4,0,0,0,0,0,0,0,0,0,6,3,3
EDWARDS COUNTY,137,43 Years,11,5,6,4,2,2,0,0,0,0,0,0,0,0,0,7,3,4
EDWARDS COUNTY,137,44 Years,16,8,8,4,3,1,0,0,0,0,0,0,0,0,0,12,5,7
EDWARDS COUNTY,137,45 Years,18,6,12,7,2,5,0,0,0,0,0,0,0,0,0,11,4,7
EDWARDS COUNTY,137,46 Years,20,7,13,8,4,4,0,0,0,0,0,0,0,0,0,12,3,9
EDWARDS COUNTY,137,47 Years,19,11,8,7,3,4,0,0,0,0,0,0,1,1,0,11,7,4
EDWARDS COUNTY,137,48 Years,20,10,10,8,2,6,0,0,0,0,0,0,0,0,0,12,8,4
EDWARDS COUNTY,137,49 Years,21,12,9,11,5,6,0,0,0,0,0,0,0,0,0,10,7,3
EDWARDS COUNTY,137,50 Years,20,9,11,10,4,6,0,0,0,0,0,0,1,1,0,9,4,5
EDWARDS COUNTY,137,51 Years,16,4,12,5,2,3,0,0,0,0,0,0,0,0,0,11,2,9
EDWARDS COUNTY,137,52 Years,19,10,9,8,4,4,0,0,0,0,0,0,1,1,0,10,5,5
EDWARDS COUNTY,137,53 Years,23,10,13,12,3,9,0,0,0,0,0,0,0,0,0,11,7,4
EDWARDS COUNTY,137,54 Years,33,16,17,13,6,7,0,0,0,0,0,0,2,0,2,18,10,8
EDWARDS COUNTY,137,55 Years,30,13,17,10,4,6,0,0,0,0,0,0,0,0,0,20,9,11
EDWARDS COUNTY,137,56 Years,29,12,17,11,5,6,0,0,0,0,0,0,0,0,0,18,7,11
EDWARDS COUNTY,137,57 Years,23,10,13,8,2,6,0,0,0,0,0,0,0,0,0,15,8,7
EDWARDS COUNTY,137,58 Years,28,14,14,13,7,6,0,0,0,0,0,0,1,0,1,14,7,7
EDWARDS COUNTY,137,59 Years,25,14,11,13,9,4,1,0,1,0,0,0,1,0,1,10,5,5
EDWARDS COUNTY,137,60 Years,26,14,12,12,6,6,0,0,0,0,0,0,1,0,1,13,8,5
EDWARDS COUNTY,137,61 Years,30,12,18,17,6,11,0,0,0,0,0,0,0,0,0,13,6,7
EDWARDS COUNTY,137,62 Years,27,12,15,18,7,11,0,0,0,0,0,0,0,0,0,9,5,4
EDWARDS COUNTY,137,63 Years,29,14,15,14,8,6,1,1,0,0,0,0,0,0,0,14,5,9
EDWARDS COUNTY,137,64 Years,31,13,18,18,7,11,0,0,0,1,0,1,0,0,0,12,6,6
EDWARDS COUNTY,137,65 Years,40,22,18,27,12,15,0,0,0,1,0,1,0,0,0,12,10,2
EDWARDS COUNTY,137,66 Years,34,17,17,24,11,13,0,0,0,0,0,0,0,0,0,10,6,4
EDWARDS COUNTY,137,67 Years,36,22,14,25,15,10,0,0,0,0,0,0,0,0,0,11,7,4
EDWARDS COUNTY,137,68 Years,28,13,15,17,8,9,0,0,0,0,0,0,0,0,0,11,5,6
EDWARDS COUNTY,137,69 Years,24,11,13,13,5,8,0,0,0,0,0,0,0,0,0,11,6,5
EDWARDS COUNTY,137,70 Years,33,23,10,21,16,5,0,0,0,0,0,0,0,0,0,12,7,5
EDWARDS COUNTY,137,71 Years,32,21,11,19,13,6,0,0,0,1,1,0,0,0,0,12,7,5
EDWARDS COUNTY,137,72 Years,26,15,11,16,10,6,0,0,0,0,0,0,0,0,0,10,5,5
EDWARDS COUNTY,137,73 Years,24,12,12,16,9,7,0,0,0,0,0,0,0,0,0,8,3,5
EDWARDS COUNTY,137,74 Years,26,13,13,18,9,9,0,0,0,0,0,0,0,0,0,8,4,4
EDWARDS COUNTY,137,75 Years,23,13,10,15,9,6,0,0,0,0,0,0,0,0,0,8,4,4
EDWARDS COUNTY,137,76 Years,23,13,10,14,8,6,0,0,0,0,0,0,0,0,0,9,5,4
EDWARDS COUNTY,137,77 Years,20,8,12,12,6,6,0,0,0,0,0,0,1,0,1,7,2,5
EDWARDS COUNTY,137,78 Years,17,9,8,11,6,5,0,0,0,0,0,0,0,0,0,6,3,3
EDWARDS COUNTY,137,79 Years,16,9,7,10,6,4,0,0,0,0,0,0,0,0,0,6,3,3
EDWARDS COUNTY,137,80 Years,14,9,5,9,4,5,0,0,0,0,0,0,0,0,0,5,5,0
EDWARDS COUNTY,137,81 Years,16,9,7,8,5,3,0,0,0,0,0,0,0,0,0,8,4,4
EDWARDS COUNTY,137,82 Years,13,6,7,7,3,4,0,0,0,0,0,0,0,0,0,6,3,3
EDWARDS COUNTY,137,83 Years,13,7,6,9,4,5,0,0,0,0,0,0,0,0,0,4,3,1
EDWARDS COUNTY,137,84 Years,11,6,5,7,3,4,0,0,0,0,0,0,0,0,0,4,3,1
EDWARDS COUNTY,137,85 Years,12,4,8,6,2,4,0,0,0,0,0,0,0,0,0,6,2,4
EDWARDS COUNTY,137,86 Years,10,5,5,6,3,3,0,0,0,0,0,0,0,0,0,4,2,2
EDWARDS COUNTY,137,87 Years,10,6,4,6,3,3,0,0,0,0,0,0,0,0,0,4,3,1
EDWARDS COUNTY,137,88 Years,10,7,3,5,3,2,0,0,0,0,0,0,0,0,0,5,4,1
EDWARDS COUNTY,137,89 Years,9,4,5,4,2,2,0,0,0,0,0,0,0,0,0,5,2,3
EDWARDS COUNTY,137,90 Years,6,3,3,4,2,2,0,0,0,0,0,0,0,0,0,2,1,1
EDWARDS COUNTY,137,91 Years,5,3,2,3,2,1,0,0,0,0,0,0,0,0,0,2,1,1
EDWARDS COUNTY,137,92 Years,5,4,1,3,2,1,0,0,0,0,0,0,0,0,0,2,2,0
EDWARDS COUNTY,137,93 Years,8,2,6,3,1,2,0,0,0,0,0,0,0,0,0,5,1,4
EDWARDS COUNTY,137,94 Years,6,2,4,3,1,2,0,0,0,0,0,0,0,0,0,3,1,2
EDWARDS COUNTY,137,95 Years +,8,6,2,5,3,2,1,1,0,0,0,0,0,0,0,2,2,0
ELLIS COUNTY,139,All Ages,178965,88063,90902,110136,53664,56472,17416,8266,9150,893,372,521,3430,1708,1722,47090,24053,23037
ELLIS COUNTY,139,< 1 Year,2374,1227,1147,1194,615,579,228,119,109,4,2,2,100,49,51,848,442,406
ELLIS COUNTY,139,1 Years,2410,1261,1149,1196,628,568,231,118,113,5,3,2,94,53,41,884,459,425
ELLIS COUNTY,139,2 Years,2419,1263,1156,1224,629,595,222,117,105,4,2,2,85,50,35,884,465,419
ELLIS COUNTY,139,3 Years,2434,1272,1162,1242,643,599,220,113,107,3,2,1,76,45,31,893,469,424
ELLIS COUNTY,139,4 Years,2405,1220,1185,1256,631,625,212,107,105,3,1,2,70,35,35,864,446,418
ELLIS COUNTY,139,5 Years,2332,1188,1144,1203,620,583,205,103,102,3,1,2,72,37,35,849,427,422
ELLIS COUNTY,139,6 Years,2296,1189,1107,1184,616,568,198,101,97,3,2,1,71,37,34,840,433,407
ELLIS COUNTY,139,7 Years,2343,1253,1090,1185,635,550,213,114,99,4,2,2,74,44,30,867,458,409
ELLIS COUNTY,139,8 Years,2473,1295,1178,1244,648,596,235,120,115,3,2,1,64,28,36,927,497,430
ELLIS COUNTY,139,9 Years,2469,1298,1171,1199,625,574,264,136,128,8,5,3,69,40,29,929,492,437
ELLIS COUNTY,139,10 Years,2592,1361,1231,1252,648,604,283,142,141,14,6,8,78,48,30,965,517,448
ELLIS COUNTY,139,11 Years,2666,1390,1276,1304,675,629,278,154,124,14,5,9,78,47,31,992,509,483
ELLIS COUNTY,139,12 Years,2750,1388,1362,1361,661,700,315,164,151,11,2,9,73,30,43,990,531,459
ELLIS COUNTY,139,13 Years,2736,1374,1362,1399,687,712,283,146,137,11,4,7,77,30,47,966,507,459
ELLIS COUNTY,139,14 Years,2696,1343,1353,1393,698,695,264,137,127,19,7,12,56,24,32,964,477,487
ELLIS COUNTY,139,15 Years,2831,1420,1411,1480,757,723,289,136,153,21,10,11,68,30,38,973,487,486
ELLIS COUNTY,139,16 Years,2913,1487,1426,1582,831,751,300,136,164,15,7,8,65,33,32,951,480,471
ELLIS COUNTY,139,17 Years,2849,1456,1393,1583,812,771,295,152,143,25,20,5,59,31,28,887,441,446
ELLIS COUNTY,139,18 Years,2744,1436,1308,1523,795,728,262,133,129,19,7,12,59,27,32,881,474,407
ELLIS COUNTY,139,19 Years,2524,1326,1198,1412,745,667,248,125,123,16,6,10,71,41,30,777,409,368
ELLIS COUNTY,139,20 Years,2484,1317,1167,1371,730,641,232,123,109,15,10,5,80,45,35,786,409,377
ELLIS COUNTY,139,21 Years,2508,1305,1203,1399,728,671,234,119,115,12,6,6,80,42,38,783,410,373
ELLIS COUNTY,139,22 Years,2576,1343,1233,1437,749,688,273,141,132,16,6,10,73,37,36,777,410,367
ELLIS COUNTY,139,23 Years,2575,1303,1272,1462,742,720,246,127,119,11,5,6,73,38,35,783,391,392
ELLIS COUNTY,139,24 Years,2574,1307,1267,1489,753,736,230,128,102,14,8,6,65,29,36,776,389,387
ELLIS COUNTY,139,25 Years,2601,1302,1299,1477,745,732,262,122,140,13,6,7,72,36,36,777,393,384
ELLIS COUNTY,139,26 Years,2574,1286,1288,1446,725,721,290,141,149,9,5,4,72,36,36,757,379,378
ELLIS COUNTY,139,27 Years,2552,1232,1320,1412,713,699,298,141,157,11,5,6,53,20,33,778,353,425
ELLIS COUNTY,139,28 Years,2458,1213,1245,1300,649,651,294,140,154,10,7,3,47,28,19,807,389,418
ELLIS COUNTY,139,29 Years,2365,1221,1144,1247,619,628,262,135,127,7,4,3,50,35,15,799,428,371
ELLIS COUNTY,139,30 Years,2234,1153,1081,1220,596,624,247,138,109,11,4,7,41,26,15,715,389,326
ELLIS COUNTY,139,31 Years,2190,1066,1124,1200,573,627,272,121,151,8,4,4,30,10,20,680,358,322
ELLIS COUNTY,139,32 Years,2187,1080,1107,1261,603,658,235,114,121,5,2,3,21,10,11,665,351,314
ELLIS COUNTY,139,33 Years,2163,1024,1139,1227,556,671,254,127,127,6,2,4,21,10,11,655,329,326
ELLIS COUNTY,139,34 Years,2144,1008,1136,1210,556,654,225,109,116,12,4,8,23,8,15,674,331,343
ELLIS COUNTY,139,35 Years,2127,1029,1098,1214,579,635,204,87,117,16,5,11,26,13,13,667,345,322
ELLIS COUNTY,139,36 Years,2151,987,1164,1215,552,663,218,84,134,14,8,6,24,11,13,680,332,348
ELLIS COUNTY,139,37 Years,2219,1048,1171,1269,598,671,215,97,118,12,4,8,31,15,16,692,334,358
ELLIS COUNTY,139,38 Years,2156,1063,1093,1240,616,624,220,96,124,10,6,4,27,15,12,659,330,329
ELLIS COUNTY,139,39 Years,2095,1023,1072,1217,568,649,225,101,124,11,5,6,26,11,15,616,338,278
ELLIS COUNTY,139,40 Years,2096,1027,1069,1217,572,645,235,115,120,11,3,8,22,7,15,611,330,281
ELLIS COUNTY,139,41 Years,2169,1035,1134,1274,605,669,244,120,124,13,7,6,16,7,9,622,296,326
ELLIS COUNTY,139,42 Years,2216,1066,1150,1303,641,662,234,107,127,19,6,13,24,11,13,636,301,335
ELLIS COUNTY,139,43 Years,2219,1065,1154,1336,640,696,220,97,123,16,3,13,26,9,17,621,316,305
ELLIS COUNTY,139,44 Years,2180,988,1192,1302,580,722,240,103,137,15,8,7,28,14,14,595,283,312
ELLIS COUNTY,139,45 Years,2205,1054,1151,1347,637,710,246,111,135,15,5,10,34,15,19,563,286,277
ELLIS COUNTY,139,46 Years,2286,1090,1196,1453,708,745,235,94,141,17,5,12,27,14,13,554,269,285
ELLIS COUNTY,139,47 Years,2507,1250,1257,1624,827,797,254,109,145,20,9,11,28,12,16,581,293,288
ELLIS COUNTY,139,48 Years,2466,1192,1274,1607,786,821,241,103,138,22,10,12,27,11,16,569,282,287
ELLIS COUNTY,139,49 Years,2271,1113,1158,1478,719,759,230,113,117,16,8,8,33,15,18,514,258,256
ELLIS COUNTY,139,50 Years,2249,1119,1130,1399,699,700,227,108,119,16,7,9,42,19,23,565,286,279
ELLIS COUNTY,139,51 Years,2280,1114,1166,1451,712,739,219,98,121,15,6,9,34,16,18,561,282,279
ELLIS COUNTY,139,52 Years,2303,1112,1191,1464,705,759,260,105,155,18,4,14,23,12,11,538,286,252
ELLIS COUNTY,139,53 Years,2342,1150,1192,1546,760,786,249,113,136,20,5,15,25,11,14,502,261,241
ELLIS COUNTY,139,54 Years,2347,1163,1184,1656,813,843,220,109,111,17,6,11,34,18,16,420,217,203
ELLIS COUNTY,139,55 Years,2358,1164,1194,1658,812,846,229,108,121,17,6,11,34,18,16,420,220,200
ELLIS COUNTY,139,56 Years,2456,1165,1291,1742,810,932,226,93,133,13,5,8,26,14,12,449,243,206
ELLIS COUNTY,139,57 Years,2429,1150,1279,1781,826,955,213,97,116,14,6,8,30,13,17,391,208,183
ELLIS COUNTY,139,58 Years,2437,1155,1282,1821,855,966,200,90,110,11,2,9,35,15,20,370,193,177
ELLIS COUNTY,139,59 Years,2242,1072,1170,1680,784,896,203,87,116,7,3,4,34,12,22,318,186,132
ELLIS COUNTY,139,60 Years,2292,1098,1194,1721,819,902,196,88,108,10,4,6,38,16,22,327,171,156
ELLIS COUNTY,139,61 Years,2230,1092,1138,1671,810,861,196,99,97,12,6,6,36,19,17,315,158,157
ELLIS COUNTY,139,62 Years,2166,1095,1071,1638,834,804,195,92,103,10,3,7,26,15,11,297,151,146
ELLIS COUNTY,139,63 Years,2091,1030,1061,1570,771,799,204,97,107,8,2,6,21,11,10,288,149,139
ELLIS COUNTY,139,64 Years,1990,958,1032,1531,735,796,182,84,98,11,5,6,24,12,12,242,122,120
ELLIS COUNTY,139,65 Years,1828,867,961,1401,653,748,169,77,92,11,5,6,25,13,12,222,119,103
ELLIS COUNTY,139,66 Years,1729,825,904,1329,628,701,162,77,85,12,3,9,23,10,13,203,107,96
ELLIS COUNTY,139,67 Years,1694,791,903,1312,616,696,144,59,85,5,1,4,26,12,14,207,103,104
ELLIS COUNTY,139,68 Years,1622,776,846,1225,586,639,158,67,91,8,5,3,27,11,16,204,107,97
ELLIS COUNTY,139,69 Years,1548,725,823,1212,569,643,136,66,70,7,3,4,17,8,9,176,79,97
ELLIS COUNTY,139,70 Years,1545,720,825,1236,583,653,112,50,62,6,0,6,21,9,12,170,78,92
ELLIS COUNTY,139,71 Years,1534,711,823,1241,572,669,100,43,57,4,1,3,24,10,14,165,85,80
ELLIS COUNTY,139,72 Years,1208,557,651,953,438,515,97,39,58,7,3,4,16,8,8,135,69,66
ELLIS COUNTY,139,73 Years,1122,524,598,878,421,457,95,36,59,5,2,3,13,3,10,131,62,69
ELLIS COUNTY,139,74 Years,1094,520,574,887,425,462,74,33,41,4,0,4,15,7,8,114,55,59
ELLIS COUNTY,139,75 Years,1018,475,543,820,391,429,72,30,42,2,1,1,18,9,9,106,44,62
ELLIS COUNTY,139,76 Years,908,418,490,751,352,399,56,24,32,2,2,0,12,5,7,87,35,52
ELLIS COUNTY,139,77 Years,831,391,440,690,332,358,52,20,32,3,1,2,7,4,3,79,34,45
ELLIS COUNTY,139,78 Years,782,346,436,654,296,358,42,11,31,4,2,2,8,2,6,74,35,39
ELLIS COUNTY,139,79 Years,702,318,384,594,274,320,39,13,26,2,1,1,6,3,3,61,27,34
ELLIS COUNTY,139,80 Years,635,284,351,527,235,292,42,17,25,1,0,1,7,5,2,58,27,31
ELLIS COUNTY,139,81 Years,547,237,310,450,198,252,38,14,24,1,0,1,8,4,4,50,21,29
ELLIS COUNTY,139,82 Years,497,212,285,416,176,240,27,13,14,3,2,1,7,5,2,44,16,28
ELLIS COUNTY,139,83 Years,467,191,276,384,160,224,32,13,19,1,0,1,3,2,1,47,16,31
ELLIS COUNTY,139,84 Years,410,162,248,335,133,202,32,12,20,3,1,2,4,2,2,36,14,22
ELLIS COUNTY,139,85 Years,346,119,227,284,101,183,24,8,16,1,0,1,6,1,5,31,9,22
ELLIS COUNTY,139,86 Years,316,111,205,265,94,171,18,5,13,2,1,1,3,0,3,28,11,17
ELLIS COUNTY,139,87 Years,300,109,191,255,92,163,19,4,15,2,1,1,2,1,1,22,11,11
ELLIS COUNTY,139,88 Years,269,97,172,218,77,141,24,9,15,1,0,1,3,2,1,23,9,14
ELLIS COUNTY,139,89 Years,205,74,131,166,63,103,16,5,11,0,0,0,3,1,2,20,5,15
ELLIS COUNTY,139,90 Years,176,60,116,147,52,95,12,3,9,1,1,0,2,1,1,14,3,11
ELLIS COUNTY,139,91 Years,154,45,109,126,39,87,13,3,10,1,0,1,1,0,1,13,3,10
ELLIS COUNTY,139,92 Years,126,34,92,109,29,80,6,2,4,1,0,1,0,0,0,10,3,7
ELLIS COUNTY,139,93 Years,88,27,61,74,22,52,5,2,3,1,0,1,0,0,0,8,3,5
ELLIS COUNTY,139,94 Years,71,20,51,58,16,42,5,2,3,1,0,1,1,0,1,6,2,4
ELLIS COUNTY,139,95 Years +,177,43,134,140,32,108,16,5,11,0,0,0,1,0,1,20,6,14
EL PASO COUNTY,141,All Ages,852552,417774,434778,111507,59253,52254,28221,16636,11585,10385,4823,5562,14132,7416,6716,688307,329646,358661
EL PASO COUNTY,141,< 1 Year,13151,6688,6463,1220,628,592,382,191,191,98,48,50,365,191,174,11086,5630,5456
EL PASO COUNTY,141,1 Years,13388,6823,6565,1303,675,628,437,224,213,102,49,53,369,191,178,11177,5684,5493
EL PASO COUNTY,141,2 Years,13990,7124,6866,1437,742,695,479,242,237,123,61,62,427,227,200,11524,5852,5672
EL PASO COUNTY,141,3 Years,14498,7381,7117,1591,826,765,527,276,251,137,71,66,475,251,224,11768,5957,5811
EL PASO COUNTY,141,4 Years,14608,7413,7195,1631,843,788,506,263,243,157,81,76,507,266,241,11807,5960,5847
EL PASO COUNTY,141,5 Years,14642,7439,7203,1688,876,812,506,265,241,161,80,81,472,250,222,11815,5968,5847
EL PASO COUNTY,141,6 Years,14649,7421,7228,1719,896,823,506,256,250,150,71,79,430,224,206,11844,5974,5870
EL PASO COUNTY,141,7 Years,14620,7439,7181,1698,886,812,500,254,246,141,70,71,405,217,188,11876,6012,5864
EL PASO COUNTY,141,8 Years,13017,6602,6415,1386,720,666,432,252,180,117,57,60,339,167,172,10743,5406,5337
EL PASO COUNTY,141,9 Years,11995,6046,5949,1283,671,612,382,213,169,103,52,51,294,144,150,9933,4966,4967
EL PASO COUNTY,141,10 Years,12250,6156,6094,1297,658,639,427,258,169,106,56,50,317,159,158,10103,5025,5078
EL PASO COUNTY,141,11 Years,12236,6249,5987,1237,651,586,414,251,163,107,59,48,275,142,133,10203,5146,5057
EL PASO COUNTY,141,12 Years,12298,6247,6051,1165,600,565,412,229,183,105,51,54,275,142,133,10341,5225,5116
EL PASO COUNTY,141,13 Years,12304,6162,6142,1167,596,571,422,231,191,100,50,50,246,126,120,10369,5159,5210
EL PASO COUNTY,141,14 Years,12201,6088,6113,1105,557,548,392,200,192,110,60,50,217,111,106,10377,5160,5217
EL PASO COUNTY,141,15 Years,12300,6185,6115,1113,558,555,374,186,188,105,52,53,229,115,114,10479,5274,5205
EL PASO COUNTY,141,16 Years,12110,6045,6065,1085,535,550,363,184,179,100,48,52,219,121,98,10343,5157,5186
EL PASO COUNTY,141,17 Years,12760,6480,6280,1141,611,530,577,314,263,109,63,46,215,113,102,10718,5379,5339
EL PASO COUNTY,141,18 Years,12395,6343,6052,1067,563,504,558,318,240,122,69,53,209,112,97,10439,5281,5158
EL PASO COUNTY,141,19 Years,12292,6389,5903,1290,754,536,546,316,230,103,53,50,191,105,86,10162,5161,5001
EL PASO COUNTY,141,20 Years,12241,6387,5854,1242,753,489,545,334,211,106,55,51,182,93,89,10166,5152,5014
EL PASO COUNTY,141,21 Years,12490,6529,5961,1275,782,493,571,347,224,168,76,92,204,99,105,10272,5225,5047
EL PASO COUNTY,141,22 Years,12951,6891,6060,1351,802,549,571,353,218,212,127,85,189,94,95,10628,5515,5113
EL PASO COUNTY,141,23 Years,13214,7022,6192,1399,825,574,561,340,221,269,165,104,165,79,86,10820,5613,5207
EL PASO COUNTY,141,24 Years,13382,7051,6331,1427,838,589,582,345,237,246,124,122,206,109,97,10921,5635,5286
EL PASO COUNTY,141,25 Years,12880,6713,6167,1071,555,516,424,257,167,200,117,83,188,102,86,10997,5682,5315
EL PASO COUNTY,141,26 Years,13043,6750,6293,1169,620,549,398,232,166,256,114,142,163,90,73,11057,5694,5363
EL PASO COUNTY,141,27 Years,13397,6912,6485,1269,675,594,433,268,165,278,140,138,209,119,90,11208,5710,5498
EL PASO COUNTY,141,28 Years,13158,6790,6368,1515,810,705,470,297,173,258,133,125,237,134,103,10678,5416,5262
EL PASO COUNTY,141,29 Years,12501,6526,5975,1647,925,722,487,301,186,169,97,72,237,123,114,9961,5080,4881
EL PASO COUNTY,141,30 Years,12103,6317,5786,1656,922,734,473,297,176,119,66,53,228,116,112,9627,4916,4711
EL PASO COUNTY,141,31 Years,11787,6014,5773,1605,865,740,419,271,148,145,28,117,240,135,105,9378,4715,4663
EL PASO COUNTY,141,32 Years,11893,6071,5822,1625,861,764,424,262,162,173,71,102,236,136,100,9435,4741,4694
EL PASO COUNTY,141,33 Years,12265,6352,5913,1935,1111,824,382,249,133,233,117,116,226,135,91,9489,4740,4749
EL PASO COUNTY,141,34 Years,11747,6120,5627,1901,1088,813,391,238,153,201,124,77,221,119,102,9033,4551,4482
EL PASO COUNTY,141,35 Years,11344,5750,5594,1746,983,763,382,247,135,171,96,75,196,99,97,8849,4325,4524
EL PASO COUNTY,141,36 Years,11338,5681,5657,1668,916,752,409,263,146,190,87,103,218,115,103,8853,4300,4553
EL PASO COUNTY,141,37 Years,11073,5579,5494,1538,879,659,391,242,149,166,64,102,190,98,92,8788,4296,4492
EL PASO COUNTY,141,38 Years,10682,5295,5387,1458,825,633,388,241,147,174,69,105,188,96,92,8474,4064,4410
EL PASO COUNTY,141,39 Years,9817,4755,5062,1278,705,573,364,227,137,171,84,87,160,88,72,7844,3651,4193
EL PASO COUNTY,141,40 Years,9806,4809,4997,1304,703,601,381,239,142,173,76,97,160,77,83,7788,3714,4074
EL PASO COUNTY,141,41 Years,9897,4817,5080,1219,652,567,339,218,121,138,57,81,181,92,89,8020,3798,4222
EL PASO COUNTY,141,42 Years,9956,4783,5173,1181,620,561,353,222,131,136,64,72,136,67,69,8150,3810,4340
EL PASO COUNTY,141,43 Years,10172,4904,5268,1197,661,536,330,214,116,130,62,68,127,72,55,8388,3895,4493
EL PASO COUNTY,141,44 Years,10218,4901,5317,1153,614,539,353,230,123,143,72,71,121,66,55,8448,3919,4529
EL PASO COUNTY,141,45 Years,10520,4977,5543,1155,626,529,369,232,137,147,68,79,116,59,57,8733,3992,4741
EL PASO COUNTY,141,46 Years,10454,4959,5495,1272,698,574,365,234,131,133,65,68,141,75,66,8543,3887,4656
EL PASO COUNTY,141,47 Years,10032,4767,5265,1314,734,580,202,116,86,135,67,68,113,58,55,8268,3792,4476
EL PASO COUNTY,141,48 Years,10020,4767,5253,1286,713,573,216,123,93,117,56,61,96,47,49,8305,3828,4477
EL PASO COUNTY,141,49 Years,9538,4553,4985,1258,712,546,196,114,82,111,51,60,102,51,51,7871,3625,4246
EL PASO COUNTY,141,50 Years,9338,4434,4904,1213,700,513,202,120,82,122,60,62,98,51,47,7703,3503,4200
EL PASO COUNTY,141,51 Years,9218,4304,4914,1250,725,525,198,115,83,106,54,52,98,53,45,7566,3357,4209
EL PASO COUNTY,141,52 Years,9346,4396,4950,1399,781,618,198,118,80,100,49,51,106,68,38,7543,3380,4163
EL PASO COUNTY,141,53 Years,9590,4482,5108,1391,781,610,204,118,86,119,61,58,95,52,43,7781,3470,4311
EL PASO COUNTY,141,54 Years,9468,4438,5030,1417,763,654,196,115,81,104,42,62,95,49,46,7656,3469,4187
EL PASO COUNTY,141,55 Years,9619,4530,5089,1378,745,633,310,188,122,106,45,61,95,50,45,7730,3502,4228
EL PASO COUNTY,141,56 Years,9794,4588,5206,1452,788,664,319,202,117,84,36,48,99,47,52,7840,3515,4325
EL PASO COUNTY,141,57 Years,9767,4559,5208,1457,780,677,307,207,100,83,31,52,91,46,45,7829,3495,4334
EL PASO COUNTY,141,58 Years,9805,4612,5193,1442,760,682,339,215,124,91,35,56,101,59,42,7832,3543,4289
EL PASO COUNTY,141,59 Years,9401,4393,5008,1433,748,685,372,235,137,98,39,59,101,54,47,7397,3317,4080
EL PASO COUNTY,141,60 Years,9246,4325,4921,1469,768,701,333,222,111,101,41,60,103,59,44,7240,3235,4005
EL PASO COUNTY,141,61 Years,8920,4117,4803,1470,765,705,315,209,106,113,50,63,104,58,46,6918,3035,3883
EL PASO COUNTY,141,62 Years,8816,4037,4779,1440,730,710,314,204,110,90,39,51,91,48,43,6881,3016,3865
EL PASO COUNTY,141,63 Years,8437,3857,4580,1408,714,694,299,182,117,104,41,63,103,51,52,6523,2869,3654
EL PASO COUNTY,141,64 Years,8015,3650,4365,1416,721,695,245,155,90,86,31,55,73,38,35,6195,2705,3490
EL PASO COUNTY,141,65 Years,7680,3474,4206,1420,718,702,234,146,88,86,28,58,82,44,38,5858,2538,3320
EL PASO COUNTY,141,66 Years,7217,3343,3874,1354,710,644,204,129,75,75,23,52,81,35,46,5503,2446,3057
EL PASO COUNTY,141,67 Years,7018,3252,3766,1256,661,595,183,116,67,64,21,43,64,31,33,5451,2423,3028
EL PASO COUNTY,141,68 Years,6766,3116,3650,1259,662,597,172,108,64,90,30,60,50,27,23,5195,2289,2906
EL PASO COUNTY,141,69 Years,6487,2955,3532,1247,643,604,152,99,53,92,35,57,50,24,26,4946,2154,2792
EL PASO COUNTY,141,70 Years,6362,2953,3409,1307,706,601,148,94,54,75,27,48,46,27,19,4786,2099,2687
EL PASO COUNTY,141,71 Years,6058,2839,3219,1305,717,588,144,82,62,77,29,48,45,29,16,4487,1982,2505
EL PASO COUNTY,141,72 Years,5162,2371,2791,999,546,453,127,74,53,65,25,40,42,26,16,3929,1700,2229
EL PASO COUNTY,141,73 Years,4772,2140,2632,895,465,430,130,71,59,49,19,30,32,14,18,3666,1571,2095
EL PASO COUNTY,141,74 Years,4520,1979,2541,908,469,439,127,65,62,46,14,32,32,16,16,3407,1415,1992
EL PASO COUNTY,141,75 Years,4331,1893,2438,902,466,436,121,67,54,40,10,30,41,19,22,3227,1331,1896
EL PASO COUNTY,141,76 Years,3972,1706,2266,837,414,423,112,60,52,44,12,32,33,14,19,2946,1206,1740
EL PASO COUNTY,141,77 Years,3673,1512,2161,753,350,403,99,49,50,37,10,27,27,12,15,2757,1091,1666
EL PASO COUNTY,141,78 Years,3526,1466,2060,691,322,369,86,40,46,44,9,35,27,10,17,2678,1085,1593
EL PASO COUNTY,141,79 Years,3300,1357,1943,672,323,349,81,44,37,38,8,30,27,14,13,2482,968,1514
EL PASO COUNTY,141,80 Years,3100,1285,1815,640,312,328,76,36,40,33,11,22,20,13,7,2331,913,1418
EL PASO COUNTY,141,81 Years,2877,1172,1705,620,292,328,75,35,40,27,8,19,18,12,6,2137,825,1312
EL PASO COUNTY,141,82 Years,2728,1094,1634,594,266,328,72,41,31,25,6,19,17,10,7,2020,771,1249
EL PASO COUNTY,141,83 Years,2487,972,1515,544,245,299,58,26,32,31,8,23,11,6,5,1843,687,1156
EL PASO COUNTY,141,84 Years,2284,864,1420,501,211,290,71,33,38,27,6,21,10,5,5,1675,609,1066
EL PASO COUNTY,141,85 Years,2057,768,1289,459,192,267,60,32,28,33,7,26,13,5,8,1492,532,960
EL PASO COUNTY,141,86 Years,1918,728,1190,413,183,230,58,28,30,25,4,21,15,7,8,1407,506,901
EL PASO COUNTY,141,87 Years,1768,653,1115,366,155,211,39,19,20,25,4,21,11,4,7,1327,471,856
EL PASO COUNTY,141,88 Years,1634,556,1078,361,149,212,36,16,20,20,2,18,7,2,5,1210,387,823
EL PASO COUNTY,141,89 Years,1368,494,874,302,121,181,26,14,12,22,5,17,5,2,3,1013,352,661
EL PASO COUNTY,141,90 Years,1176,402,774,258,93,165,17,9,8,17,2,15,6,3,3,878,295,583
EL PASO COUNTY,141,91 Years,962,318,644,208,71,137,15,7,8,13,2,11,3,1,2,723,237,486
EL PASO COUNTY,141,92 Years,765,245,520,178,55,123,8,3,5,10,3,7,3,1,2,566,183,383
EL PASO COUNTY,141,93 Years,597,194,403,128,42,86,7,4,3,8,3,5,3,1,2,451,144,307
EL PASO COUNTY,141,94 Years,460,145,315,107,31,76,5,2,3,5,2,3,2,1,1,341,109,232
EL PASO COUNTY,141,95 Years +,1124,344,780,251,75,176,16,6,10,11,3,8,4,1,3,842,259,583
ERATH COUNTY,143,All Ages,43016,21357,21659,31950,15521,16429,530,309,221,289,153,136,685,353,332,9562,5021,4541
ERATH COUNTY,143,< 1 Year,486,251,235,285,153,132,11,3,8,4,4,0,12,8,4,174,83,91
ERATH COUNTY,143,1 Years,489,249,240,285,149,136,17,7,10,5,4,1,11,7,4,171,82,89
ERATH COUNTY,143,2 Years,480,242,238,287,148,139,12,6,6,4,2,2,12,5,7,165,81,84
ERATH COUNTY,143,3 Years,497,255,242,301,155,146,13,7,6,5,3,2,12,5,7,166,85,81
ERATH COUNTY,143,4 Years,499,257,242,311,163,148,8,5,3,5,2,3,14,6,8,161,81,80
ERATH COUNTY,143,5 Years,513,260,253,320,165,155,11,5,6,4,2,2,13,6,7,165,82,83
ERATH COUNTY,143,6 Years,510,252,258,319,162,157,8,3,5,3,2,1,11,6,5,169,79,90
ERATH COUNTY,143,7 Years,500,251,249,306,154,152,8,3,5,3,2,1,10,6,4,173,86,87
ERATH COUNTY,143,8 Years,499,260,239,310,163,147,6,4,2,3,2,1,9,4,5,171,87,84
ERATH COUNTY,143,9 Years,536,271,265,342,172,170,6,4,2,0,0,0,12,7,5,176,88,88
ERATH COUNTY,143,10 Years,533,280,253,342,179,163,4,4,0,2,0,2,7,5,2,178,92,86
ERATH COUNTY,143,11 Years,529,275,254,331,169,162,3,2,1,2,1,1,8,6,2,185,97,88
ERATH COUNTY,143,12 Years,534,275,259,318,164,154,2,1,1,3,1,2,12,4,8,199,105,94
ERATH COUNTY,143,13 Years,523,280,243,329,183,146,5,1,4,6,3,3,8,2,6,175,91,84
ERATH COUNTY,143,14 Years,548,289,259,333,168,165,6,3,3,10,6,4,11,5,6,188,107,81
ERATH COUNTY,143,15 Years,564,285,279,349,169,180,6,3,3,5,3,2,11,7,4,193,103,90
ERATH COUNTY,143,16 Years,504,262,242,327,167,160,3,1,2,3,3,0,6,4,2,165,87,78
ERATH COUNTY,143,17 Years,521,260,261,372,183,189,4,1,3,2,2,0,8,4,4,135,70,65
ERATH COUNTY,143,18 Years,936,455,481,681,322,359,32,16,16,3,2,1,16,10,6,204,105,99
ERATH COUNTY,143,19 Years,1248,585,663,910,415,495,44,24,20,4,3,1,21,10,11,269,133,136
ERATH COUNTY,143,20 Years,1092,513,579,821,370,451,32,16,16,9,6,3,13,6,7,217,115,102
ERATH COUNTY,143,21 Years,1091,525,566,811,377,434,46,30,16,8,4,4,14,6,8,212,108,104
ERATH COUNTY,143,22 Years,1084,529,555,759,362,397,45,34,11,5,3,2,22,13,9,253,117,136
ERATH COUNTY,143,23 Years,977,494,483,717,352,365,23,17,6,6,5,1,9,3,6,222,117,105
ERATH COUNTY,143,24 Years,887,480,407,638,323,315,17,11,6,6,4,2,12,7,5,214,135,79
ERATH COUNTY,143,25 Years,893,477,416,626,318,308,16,12,4,5,2,3,13,5,8,233,140,93
ERATH COUNTY,143,26 Years,516,273,243,286,131,155,7,6,1,3,1,2,10,5,5,210,130,80
ERATH COUNTY,143,27 Years,709,330,379,511,231,280,5,3,2,3,1,2,17,5,12,173,90,83
ERATH COUNTY,143,28 Years,749,336,413,557,248,309,13,9,4,4,2,2,11,6,5,164,71,93
ERATH COUNTY,143,29 Years,732,340,392,545,253,292,8,6,2,4,2,2,15,9,6,160,70,90
ERATH COUNTY,143,30 Years,643,323,320,494,243,251,9,2,7,4,1,3,5,4,1,131,73,58
ERATH COUNTY,143,31 Years,546,297,249,400,216,184,4,1,3,4,2,2,5,3,2,133,75,58
ERATH COUNTY,143,32 Years,453,261,192,293,168,125,4,3,1,3,1,2,7,4,3,146,85,61
ERATH COUNTY,143,33 Years,419,238,181,254,156,98,2,1,1,4,2,2,5,3,2,154,76,78
ERATH COUNTY,143,34 Years,541,270,271,391,195,196,2,1,1,8,5,3,4,1,3,136,68,68
ERATH COUNTY,143,35 Years,589,292,297,449,223,226,2,2,0,8,2,6,6,1,5,124,64,60
ERATH COUNTY,143,36 Years,601,324,277,444,244,200,3,2,1,4,1,3,4,3,1,146,74,72
ERATH COUNTY,143,37 Years,528,290,238,396,207,189,3,1,2,1,1,0,4,3,1,124,78,46
ERATH COUNTY,143,38 Years,529,259,270,385,189,196,1,0,1,3,2,1,7,3,4,133,65,68
ERATH COUNTY,143,39 Years,446,209,237,334,158,176,8,6,2,5,2,3,10,5,5,89,38,51
ERATH COUNTY,143,40 Years,436,231,205,330,179,151,6,3,3,4,3,1,5,1,4,91,45,46
ERATH COUNTY,143,41 Years,452,235,217,352,188,164,4,2,2,4,2,2,7,1,6,85,42,43
ERATH COUNTY,143,42 Years,417,208,209,329,163,166,1,0,1,4,2,2,4,1,3,79,42,37
ERATH COUNTY,143,43 Years,428,220,208,336,168,168,4,2,2,4,2,2,2,1,1,82,47,35
ERATH COUNTY,143,44 Years,413,206,207,318,160,158,2,1,1,6,1,5,4,3,1,83,41,42
ERATH COUNTY,143,45 Years,407,194,213,312,158,154,5,2,3,4,1,3,7,3,4,79,30,49
ERATH COUNTY,143,46 Years,425,200,225,328,165,163,2,2,0,1,0,1,3,1,2,91,32,59
ERATH COUNTY,143,47 Years,448,211,237,340,164,176,2,0,2,4,2,2,8,4,4,94,41,53
ERATH COUNTY,143,48 Years,473,231,242,341,169,172,6,2,4,5,3,2,8,3,5,113,54,59
ERATH COUNTY,143,49 Years,431,217,214,324,158,166,2,1,1,5,2,3,6,4,2,94,52,42
ERATH COUNTY,143,50 Years,441,227,214,327,159,168,3,3,0,4,2,2,5,1,4,102,62,40
ERATH COUNTY,143,51 Years,401,205,196,295,143,152,4,2,2,2,1,1,8,3,5,92,56,36
ERATH COUNTY,143,52 Years,404,193,211,287,127,160,1,1,0,3,2,1,5,4,1,108,59,49
ERATH COUNTY,143,53 Years,474,242,232,338,162,176,2,2,0,5,3,2,10,5,5,119,70,49
ERATH COUNTY,143,54 Years,482,242,240,361,168,193,4,4,0,3,2,1,8,4,4,106,64,42
ERATH COUNTY,143,55 Years,489,250,239,377,181,196,0,0,0,4,2,2,7,5,2,101,62,39
ERATH COUNTY,143,56 Years,512,260,252,399,196,203,3,2,1,5,4,1,5,2,3,100,56,44
ERATH COUNTY,143,57 Years,496,243,253,400,191,209,2,2,0,4,3,1,2,0,2,88,47,41
ERATH COUNTY,143,58 Years,482,252,230,394,198,196,1,1,0,4,1,3,3,3,0,80,49,31
ERATH COUNTY,143,59 Years,468,237,231,392,189,203,0,0,0,2,1,1,5,4,1,69,43,26
ERATH COUNTY,143,60 Years,454,227,227,373,175,198,0,0,0,0,0,0,9,4,5,72,48,24
ERATH COUNTY,143,61 Years,467,242,225,378,184,194,1,1,0,1,1,0,7,4,3,80,52,28
ERATH COUNTY,143,62 Years,445,219,226,379,177,202,0,0,0,3,1,2,5,5,0,58,36,22
ERATH COUNTY,143,63 Years,412,226,186,351,182,169,0,0,0,4,2,2,10,9,1,47,33,14
ERATH COUNTY,143,64 Years,407,206,201,344,168,176,1,1,0,5,3,2,10,7,3,47,27,20
ERATH COUNTY,143,65 Years,418,177,241,359,151,208,2,1,1,1,0,1,10,5,5,46,20,26
ERATH COUNTY,143,66 Years,397,184,213,353,161,192,3,2,1,3,2,1,5,3,2,33,16,17
ERATH COUNTY,143,67 Years,381,181,200,335,154,181,2,1,1,4,2,2,6,4,2,34,20,14
ERATH COUNTY,143,68 Years,388,183,205,335,156,179,0,0,0,4,1,3,13,6,7,36,20,16
ERATH COUNTY,143,69 Years,365,180,185,324,157,167,0,0,0,1,1,0,10,4,6,30,18,12
ERATH COUNTY,143,70 Years,378,188,190,333,165,168,0,0,0,2,1,1,9,4,5,34,18,16
ERATH COUNTY,143,71 Years,375,179,196,345,161,184,1,1,0,1,1,0,6,4,2,22,12,10
ERATH COUNTY,143,72 Years,309,143,166,272,125,147,1,0,1,0,0,0,9,6,3,27,12,15
ERATH COUNTY,143,73 Years,298,143,155,271,129,142,0,0,0,2,1,1,4,2,2,21,11,10
ERATH COUNTY,143,74 Years,297,147,150,279,137,142,1,1,0,0,0,0,2,1,1,15,8,7
ERATH COUNTY,143,75 Years,270,129,141,251,119,132,1,1,0,0,0,0,4,3,1,14,6,8
ERATH COUNTY,143,76 Years,241,113,128,227,106,121,0,0,0,0,0,0,3,3,0,11,4,7
ERATH COUNTY,143,77 Years,238,115,123,223,107,116,0,0,0,0,0,0,4,2,2,11,6,5
ERATH COUNTY,143,78 Years,209,101,108,196,94,102,0,0,0,1,1,0,5,3,2,7,3,4
ERATH COUNTY,143,79 Years,185,86,99,171,80,91,1,0,1,0,0,0,3,1,2,10,5,5
ERATH COUNTY,143,80 Years,192,87,105,175,78,97,2,2,0,0,0,0,3,1,2,12,6,6
ERATH COUNTY,143,81 Years,169,71,98,154,66,88,0,0,0,1,0,1,1,1,0,13,4,9
ERATH COUNTY,143,82 Years,166,73,93,158,71,87,0,0,0,1,0,1,1,0,1,6,2,4
ERATH COUNTY,143,83 Years,152,64,88,141,61,80,0,0,0,1,0,1,1,0,1,9,3,6
ERATH COUNTY,143,84 Years,136,47,89,128,46,82,0,0,0,0,0,0,3,0,3,5,1,4
ERATH COUNTY,143,85 Years,129,48,81,122,46,76,0,0,0,1,0,1,2,1,1,4,1,3
ERATH COUNTY,143,86 Years,117,49,68,109,44,65,0,0,0,1,0,1,2,2,0,5,3,2
ERATH COUNTY,143,87 Years,104,41,63,97,37,60,0,0,0,0,0,0,3,2,1,4,2,2
ERATH COUNTY,143,88 Years,79,28,51,76,27,49,0,0,0,0,0,0,1,0,1,2,1,1
ERATH COUNTY,143,89 Years,78,24,54,72,22,50,0,0,0,0,0,0,1,0,1,5,2,3
ERATH COUNTY,143,90 Years,63,23,40,57,20,37,0,0,0,1,0,1,0,0,0,5,3,2
ERATH COUNTY,143,91 Years,51,18,33,47,15,32,0,0,0,0,0,0,1,0,1,3,3,0
ERATH COUNTY,143,92 Years,47,16,31,43,15,28,0,0,0,0,0,0,0,0,0,4,1,3
ERATH COUNTY,143,93 Years,41,12,29,36,10,26,0,0,0,1,1,0,0,0,0,4,1,3
ERATH COUNTY,143,94 Years,32,10,22,26,8,18,0,0,0,0,0,0,1,0,1,5,2,3
ERATH COUNTY,143,95 Years +,73,19,54,61,14,47,1,0,1,0,0,0,2,1,1,9,4,5
FALLS COUNTY,145,All Ages,17355,8283,9072,8842,4228,4614,3978,1757,2221,55,24,31,388,207,181,4092,2067,2025
FALLS COUNTY,145,< 1 Year,182,95,87,56,28,28,50,25,25,1,1,0,15,10,5,60,31,29
FALLS COUNTY,145,1 Years,198,101,97,66,34,32,52,26,26,1,0,1,16,8,8,63,33,30
FALLS COUNTY,145,2 Years,200,100,100,73,33,40,50,26,24,2,1,1,15,9,6,60,31,29
FALLS COUNTY,145,3 Years,208,103,105,74,34,40,52,27,25,2,1,1,13,7,6,67,34,33
FALLS COUNTY,145,4 Years,194,100,94,67,31,36,47,25,22,0,0,0,16,10,6,64,34,30
FALLS COUNTY,145,5 Years,189,103,86,62,32,30,49,25,24,1,1,0,15,9,6,62,36,26
FALLS COUNTY,145,6 Years,184,96,88,63,31,32,48,24,24,1,1,0,16,9,7,56,31,25
FALLS COUNTY,145,7 Years,171,83,88,59,28,31,47,22,25,0,0,0,13,6,7,52,27,25
FALLS COUNTY,145,8 Years,189,95,94,68,32,36,50,28,22,0,0,0,12,3,9,59,32,27
FALLS COUNTY,145,9 Years,180,97,83,69,36,33,51,28,23,0,0,0,9,4,5,51,29,22
FALLS COUNTY,145,10 Years,195,96,99,80,37,43,48,25,23,1,0,1,8,5,3,58,29,29
FALLS COUNTY,145,11 Years,197,108,89,76,41,35,47,23,24,0,0,0,5,3,2,69,41,28
FALLS COUNTY,145,12 Years,209,105,104,90,46,44,43,19,24,0,0,0,4,3,1,72,37,35
FALLS COUNTY,145,13 Years,194,98,96,85,42,43,40,16,24,0,0,0,8,6,2,61,34,27
FALLS COUNTY,145,14 Years,209,117,92,86,52,34,49,23,26,1,1,0,6,5,1,67,36,31
FALLS COUNTY,145,15 Years,204,105,99,92,50,42,43,22,21,0,0,0,5,3,2,64,30,34
FALLS COUNTY,145,16 Years,204,104,100,93,51,42,37,17,20,0,0,0,8,5,3,66,31,35
FALLS COUNTY,145,17 Years,208,106,102,95,57,38,41,15,26,0,0,0,5,2,3,67,32,35
FALLS COUNTY,145,18 Years,228,125,103,103,58,45,46,22,24,0,0,0,6,3,3,73,42,31
FALLS COUNTY,145,19 Years,200,103,97,85,45,40,44,24,20,0,0,0,7,4,3,64,30,34
FALLS COUNTY,145,20 Years,234,128,106,101,58,43,54,27,27,0,0,0,10,7,3,69,36,33
FALLS COUNTY,145,21 Years,232,122,110,95,53,42,53,24,29,1,0,1,8,4,4,75,41,34
FALLS COUNTY,145,22 Years,233,126,107,86,46,40,62,31,31,1,0,1,7,3,4,77,46,31
FALLS COUNTY,145,23 Years,245,127,118,102,50,52,67,35,32,0,0,0,7,4,3,69,38,31
FALLS COUNTY,145,24 Years,241,121,120,102,52,50,67,31,36,0,0,0,9,6,3,63,32,31
FALLS COUNTY,145,25 Years,280,134,146,110,56,54,92,42,50,0,0,0,10,6,4,68,30,38
FALLS COUNTY,145,26 Years,264,124,140,111,52,59,78,34,44,0,0,0,7,3,4,68,35,33
FALLS COUNTY,145,27 Years,283,135,148,116,51,65,78,35,43,1,0,1,5,1,4,83,48,35
FALLS COUNTY,145,28 Years,261,126,135,106,51,55,78,34,44,0,0,0,0,0,0,77,41,36
FALLS COUNTY,145,29 Years,267,125,142,110,53,57,79,30,49,0,0,0,4,3,1,74,39,35
FALLS COUNTY,145,30 Years,265,125,140,106,48,58,84,38,46,1,1,0,2,2,0,72,36,36
FALLS COUNTY,145,31 Years,274,122,152,116,51,65,78,35,43,1,0,1,3,1,2,76,35,41
FALLS COUNTY,145,32 Years,258,107,151,107,44,63,68,28,40,2,1,1,5,1,4,76,33,43
FALLS COUNTY,145,33 Years,254,116,138,110,50,60,69,29,40,1,0,1,1,1,0,73,36,37
FALLS COUNTY,145,34 Years,231,95,136,106,45,61,62,22,40,0,0,0,4,0,4,59,28,31
FALLS COUNTY,145,35 Years,218,88,130,101,37,64,61,22,39,0,0,0,0,0,0,56,29,27
FALLS COUNTY,145,36 Years,213,88,125,99,38,61,58,23,35,0,0,0,1,0,1,55,27,28
FALLS COUNTY,145,37 Years,227,96,131,105,40,65,63,25,38,0,0,0,2,2,0,57,29,28
FALLS COUNTY,145,38 Years,227,96,131,109,46,63,61,23,38,0,0,0,5,1,4,52,26,26
FALLS COUNTY,145,39 Years,239,109,130,119,54,65,60,23,37,0,0,0,2,2,0,58,30,28
FALLS COUNTY,145,40 Years,191,76,115,100,42,58,46,15,31,0,0,0,2,1,1,43,18,25
FALLS COUNTY,145,41 Years,189,78,111,95,39,56,48,18,30,2,0,2,0,0,0,44,21,23
FALLS COUNTY,145,42 Years,192,77,115,95,41,54,43,13,30,2,1,1,2,1,1,50,21,29
FALLS COUNTY,145,43 Years,204,76,128,90,34,56,56,17,39,2,1,1,2,1,1,54,23,31
FALLS COUNTY,145,44 Years,201,79,122,93,39,54,50,17,33,1,1,0,1,0,1,56,22,34
FALLS COUNTY,145,45 Years,202,85,117,94,43,51,50,18,32,1,0,1,5,3,2,52,21,31
FALLS COUNTY,145,46 Years,191,79,112,97,44,53,49,18,31,2,0,2,1,0,1,42,17,25
FALLS COUNTY,145,47 Years,214,93,121,99,45,54,52,19,33,1,1,0,2,0,2,60,28,32
FALLS COUNTY,145,48 Years,202,93,109,100,48,52,50,17,33,1,1,0,1,1,0,50,26,24
FALLS COUNTY,145,49 Years,190,89,101,101,49,52,45,17,28,1,1,0,2,0,2,41,22,19
FALLS COUNTY,145,50 Years,186,90,96,103,49,54,42,18,24,3,1,2,1,1,0,37,21,16
FALLS COUNTY,145,51 Years,206,90,116,99,47,52,56,19,37,0,0,0,2,0,2,49,24,25
FALLS COUNTY,145,52 Years,215,98,117,110,52,58,51,20,31,0,0,0,1,0,1,53,26,27
FALLS COUNTY,145,53 Years,223,97,126,118,55,63,53,20,33,0,0,0,2,1,1,50,21,29
FALLS COUNTY,145,54 Years,236,109,127,127,62,65,60,28,32,1,1,0,2,1,1,46,17,29
FALLS COUNTY,145,55 Years,227,97,130,131,58,73,49,21,28,0,0,0,2,0,2,45,18,27
FALLS COUNTY,145,56 Years,213,97,116,133,62,71,42,16,26,1,0,1,2,1,1,35,18,17
FALLS COUNTY,145,57 Years,205,102,103,138,70,68,36,15,21,0,0,0,3,1,2,28,16,12
FALLS COUNTY,145,58 Years,226,111,115,153,72,81,38,17,21,1,1,0,1,1,0,33,20,13
FALLS COUNTY,145,59 Years,208,99,109,139,66,73,38,14,24,1,1,0,1,1,0,29,17,12
FALLS COUNTY,145,60 Years,230,113,117,151,80,71,39,14,25,2,1,1,1,1,0,37,17,20
FALLS COUNTY,145,61 Years,217,102,115,135,68,67,42,19,23,1,0,1,0,0,0,39,15,24
FALLS COUNTY,145,62 Years,211,108,103,136,73,63,42,23,19,1,1,0,1,1,0,31,10,21
FALLS COUNTY,145,63 Years,216,112,104,140,66,74,37,21,16,1,1,0,2,2,0,36,22,14
FALLS COUNTY,145,64 Years,218,114,104,143,71,72,40,21,19,0,0,0,1,1,0,34,21,13
FALLS COUNTY,145,65 Years,197,105,92,132,72,60,38,17,21,0,0,0,1,0,1,26,16,10
FALLS COUNTY,145,66 Years,187,87,100,136,65,71,30,12,18,0,0,0,0,0,0,21,10,11
FALLS COUNTY,145,67 Years,190,100,90,128,66,62,29,15,14,1,1,0,2,2,0,30,16,14
FALLS COUNTY,145,68 Years,186,96,90,129,64,65,27,15,12,0,0,0,2,0,2,28,17,11
FALLS COUNTY,145,69 Years,180,92,88,126,64,62,25,13,12,1,1,0,3,2,1,25,12,13
FALLS COUNTY,145,70 Years,168,80,88,121,60,61,24,10,14,0,0,0,3,2,1,20,8,12
FALLS COUNTY,145,71 Years,160,78,82,115,56,59,24,11,13,1,0,1,2,1,1,18,10,8
FALLS COUNTY,145,72 Years,148,78,70,96,48,48,26,16,10,0,0,0,3,2,1,23,12,11
FALLS COUNTY,145,73 Years,143,67,76,103,48,55,23,11,12,1,0,1,2,2,0,14,6,8
FALLS COUNTY,145,74 Years,141,70,71,97,48,49,19,9,10,1,0,1,5,2,3,19,11,8
FALLS COUNTY,145,75 Years,137,74,63,94,49,45,20,12,8,1,0,1,5,3,2,17,10,7
FALLS COUNTY,145,76 Years,130,62,68,88,40,48,20,12,8,1,0,1,4,2,2,17,8,9
FALLS COUNTY,145,77 Years,135,60,75,102,42,60,18,11,7,1,0,1,3,1,2,11,6,5
FALLS COUNTY,145,78 Years,107,54,53,73,35,38,21,11,10,0,0,0,2,1,1,11,7,4
FALLS COUNTY,145,79 Years,117,58,59,86,42,44,17,9,8,1,0,1,5,3,2,8,4,4
FALLS COUNTY,145,80 Years,101,46,55,72,31,41,14,8,6,0,0,0,3,0,3,12,7,5
FALLS COUNTY,145,81 Years,98,51,47,70,34,36,12,6,6,1,1,0,1,1,0,14,9,5
FALLS COUNTY,145,82 Years,86,46,40,66,34,32,11,6,5,1,0,1,1,1,0,7,5,2
FALLS COUNTY,145,83 Years,75,36,39,55,28,27,12,6,6,0,0,0,1,0,1,7,2,5
FALLS COUNTY,145,84 Years,82,35,47,56,24,32,16,6,10,0,0,0,1,0,1,9,5,4
FALLS COUNTY,145,85 Years,76,35,41,52,23,29,11,5,6,0,0,0,1,0,1,12,7,5
FALLS COUNTY,145,86 Years,66,30,36,49,22,27,9,4,5,0,0,0,0,0,0,8,4,4
FALLS COUNTY,145,87 Years,59,22,37,40,15,25,13,4,9,0,0,0,0,0,0,6,3,3
FALLS COUNTY,145,88 Years,53,19,34,36,15,21,8,1,7,0,0,0,1,1,0,8,2,6
FALLS COUNTY,145,89 Years,36,14,22,24,10,14,6,2,4,0,0,0,1,1,0,5,1,4
FALLS COUNTY,145,90 Years,40,17,23,25,11,14,10,4,6,0,0,0,1,0,1,4,2,2
FALLS COUNTY,145,91 Years,35,13,22,20,8,12,8,3,5,0,0,0,1,0,1,6,2,4
FALLS COUNTY,145,92 Years,29,13,16,18,9,9,5,2,3,1,0,1,0,0,0,5,2,3
FALLS COUNTY,145,93 Years,23,8,15,15,5,10,6,2,4,0,0,0,0,0,0,2,1,1
FALLS COUNTY,145,94 Years,20,7,13,11,3,8,5,2,3,0,0,0,0,0,0,4,2,2
FALLS COUNTY,145,95 Years +,48,16,32,28,9,19,11,4,7,0,0,0,0,0,0,9,3,6
FANNIN COUNTY,147,All Ages,35320,18722,16598,27565,14088,13477,2406,1611,795,150,66,84,1068,521,547,4131,2436,1695
FANNIN COUNTY,147,< 1 Year,375,193,182,251,130,121,18,6,12,5,3,2,30,14,16,71,40,31
FANNIN COUNTY,147,1 Years,392,198,194,262,134,128,15,5,10,5,3,2,30,14,16,80,42,38
FANNIN COUNTY,147,2 Years,406,211,195,275,144,131,17,5,12,4,2,2,29,13,16,81,47,34
FANNIN COUNTY,147,3 Years,408,213,195,280,145,135,15,4,11,3,1,2,26,15,11,84,48,36
FANNIN COUNTY,147,4 Years,390,204,186,267,133,134,19,9,10,2,1,1,21,13,8,81,48,33
FANNIN COUNTY,147,5 Years,378,195,183,253,127,126,19,8,11,1,1,0,20,11,9,85,48,37
FANNIN COUNTY,147,6 Years,382,193,189,253,127,126,24,11,13,2,1,1,19,7,12,84,47,37
FANNIN COUNTY,147,7 Years,390,192,198,261,129,132,20,10,10,2,1,1,20,8,12,87,44,43
FANNIN COUNTY,147,8 Years,431,218,213,297,160,137,23,9,14,0,0,0,23,15,8,88,34,54
FANNIN COUNTY,147,9 Years,402,204,198,283,150,133,17,7,10,1,1,0,31,15,16,70,31,39
FANNIN COUNTY,147,10 Years,380,183,197,268,133,135,12,7,5,1,0,1,26,10,16,73,33,40
FANNIN COUNTY,147,11 Years,407,210,197,284,143,141,17,12,5,1,1,0,20,14,6,85,40,45
FANNIN COUNTY,147,12 Years,415,206,209,300,151,149,16,8,8,2,2,0,21,10,11,76,35,41
FANNIN COUNTY,147,13 Years,426,216,210,316,161,155,27,14,13,2,1,1,15,8,7,66,32,34
FANNIN COUNTY,147,14 Years,417,214,203,298,154,144,28,19,9,1,0,1,19,8,11,71,33,38
FANNIN COUNTY,147,15 Years,402,205,197,294,151,143,27,12,15,0,0,0,17,8,9,64,34,30
FANNIN COUNTY,147,16 Years,385,201,184,272,134,138,34,21,13,1,1,0,19,9,10,59,36,23
FANNIN COUNTY,147,17 Years,382,199,183,261,132,129,34,22,12,3,2,1,16,7,9,68,36,32
FANNIN COUNTY,147,18 Years,418,241,177,277,151,126,37,26,11,2,2,0,24,15,9,78,47,31
FANNIN COUNTY,147,19 Years,342,195,147,218,116,102,38,31,7,4,2,2,18,13,5,64,33,31
FANNIN COUNTY,147,20 Years,386,232,154,260,151,109,40,28,12,2,1,1,26,17,9,58,35,23
FANNIN COUNTY,147,21 Years,378,218,160,242,135,107,39,30,9,3,0,3,18,10,8,76,43,33
FANNIN COUNTY,147,22 Years,376,219,157,245,141,104,40,29,11,2,1,1,18,10,8,71,38,33
FANNIN COUNTY,147,23 Years,411,241,170,268,150,118,45,35,10,1,0,1,17,12,5,80,44,36
FANNIN COUNTY,147,24 Years,444,257,187,298,163,135,40,29,11,1,0,1,22,14,8,83,51,32
FANNIN COUNTY,147,25 Years,450,272,178,310,178,132,48,36,12,2,1,1,17,12,5,73,45,28
FANNIN COUNTY,147,26 Years,485,283,202,348,192,156,49,37,12,2,1,1,15,7,8,71,46,25
FANNIN COUNTY,147,27 Years,502,304,198,351,204,147,59,46,13,2,1,1,7,2,5,83,51,32
FANNIN COUNTY,147,28 Years,487,283,204,352,190,162,51,41,10,3,1,2,9,6,3,72,45,27
FANNIN COUNTY,147,29 Years,474,269,205,340,175,165,49,40,9,2,2,0,11,4,7,72,48,24
FANNIN COUNTY,147,30 Years,424,250,174,302,162,140,47,39,8,4,2,2,11,4,7,60,43,17
FANNIN COUNTY,147,31 Years,401,251,150,284,165,119,48,41,7,2,1,1,8,1,7,59,43,16
FANNIN COUNTY,147,32 Years,428,255,173,304,166,138,39,32,7,1,1,0,10,4,6,74,52,22
FANNIN COUNTY,147,33 Years,425,254,171,294,159,135,48,36,12,1,1,0,7,3,4,75,55,20
FANNIN COUNTY,147,34 Years,412,238,174,299,158,141,40,30,10,1,0,1,9,4,5,63,46,17
FANNIN COUNTY,147,35 Years,456,267,189,335,176,159,48,38,10,2,2,0,10,8,2,61,43,18
FANNIN COUNTY,147,36 Years,421,250,171,310,172,138,45,33,12,2,1,1,3,1,2,61,43,18
FANNIN COUNTY,147,37 Years,450,263,187,340,183,157,40,33,7,1,0,1,6,2,4,63,45,18
FANNIN COUNTY,147,38 Years,444,256,188,329,169,160,36,30,6,0,0,0,10,8,2,69,49,20
FANNIN COUNTY,147,39 Years,438,247,191,322,167,155,36,28,8,5,2,3,8,4,4,67,46,21
FANNIN COUNTY,147,40 Years,424,244,180,312,162,150,34,27,7,2,1,1,11,6,5,65,48,17
FANNIN COUNTY,147,41 Years,407,228,179,290,147,143,37,28,9,3,1,2,12,5,7,65,47,18
FANNIN COUNTY,147,42 Years,386,213,173,286,143,143,31,25,6,3,2,1,6,3,3,60,40,20
FANNIN COUNTY,147,43 Years,399,238,161,295,162,133,38,32,6,2,2,0,6,5,1,58,37,21
FANNIN COUNTY,147,44 Years,443,251,192,338,181,157,37,30,7,1,0,1,9,5,4,58,35,23
FANNIN COUNTY,147,45 Years,419,232,187,317,167,150,35,27,8,1,0,1,9,5,4,57,33,24
FANNIN COUNTY,147,46 Years,416,227,189,316,163,153,35,28,7,2,0,2,10,4,6,53,32,21
FANNIN COUNTY,147,47 Years,426,226,200,335,178,157,32,23,9,1,0,1,12,2,10,46,23,23
FANNIN COUNTY,147,48 Years,486,257,229,382,198,184,38,27,11,3,2,1,11,3,8,52,27,25
FANNIN COUNTY,147,49 Years,434,222,212,350,168,182,38,26,12,1,0,1,11,4,7,34,24,10
FANNIN COUNTY,147,50 Years,403,200,203,325,152,173,32,22,10,2,0,2,8,2,6,36,24,12
FANNIN COUNTY,147,51 Years,429,229,200,347,176,171,34,25,9,2,1,1,9,1,8,37,26,11
FANNIN COUNTY,147,52 Years,455,229,226,381,183,198,28,17,11,1,1,0,8,2,6,37,26,11
FANNIN COUNTY,147,53 Years,450,237,213,376,189,187,22,15,7,4,3,1,10,4,6,38,26,12
FANNIN COUNTY,147,54 Years,516,277,239,422,218,204,36,23,13,3,2,1,14,7,7,41,27,14
FANNIN COUNTY,147,55 Years,496,239,257,429,206,223,28,15,13,3,1,2,12,2,10,24,15,9
FANNIN COUNTY,147,56 Years,499,251,248,429,215,214,29,15,14,2,1,1,11,4,7,28,16,12
FANNIN COUNTY,147,57 Years,493,240,253,434,208,226,19,12,7,2,1,1,8,3,5,30,16,14
FANNIN COUNTY,147,58 Years,531,262,269,456,221,235,24,16,8,1,0,1,10,5,5,40,20,20
FANNIN COUNTY,147,59 Years,517,255,262,444,219,225,31,17,14,0,0,0,9,3,6,33,16,17
FANNIN COUNTY,147,60 Years,496,241,255,430,212,218,26,12,14,1,0,1,10,3,7,29,14,15
FANNIN COUNTY,147,61 Years,482,234,248,424,207,217,25,13,12,1,0,1,11,3,8,21,11,10
FANNIN COUNTY,147,62 Years,499,270,229,444,240,204,22,15,7,1,0,1,9,6,3,23,9,14
FANNIN COUNTY,147,63 Years,464,258,206,415,231,184,20,13,7,1,0,1,9,4,5,19,10,9
FANNIN COUNTY,147,64 Years,455,241,214,399,211,188,25,13,12,1,0,1,10,5,5,20,12,8
FANNIN COUNTY,147,65 Years,458,241,217,413,218,195,22,12,10,2,1,1,7,3,4,14,7,7
FANNIN COUNTY,147,66 Years,440,214,226,389,187,202,22,12,10,3,0,3,10,6,4,16,9,7
FANNIN COUNTY,147,67 Years,409,195,214,360,170,190,21,11,10,4,1,3,10,5,5,14,8,6
FANNIN COUNTY,147,68 Years,426,207,219,382,184,198,21,10,11,2,0,2,6,4,2,15,9,6
FANNIN COUNTY,147,69 Years,461,220,241,421,197,224,18,11,7,2,0,2,5,2,3,15,10,5
FANNIN COUNTY,147,70 Years,424,208,216,390,187,203,14,10,4,1,0,1,6,3,3,13,8,5
FANNIN COUNTY,147,71 Years,425,231,194,383,207,176,14,8,6,3,2,1,11,6,5,14,8,6
FANNIN COUNTY,147,72 Years,352,184,168,320,167,153,11,6,5,1,0,1,10,5,5,10,6,4
FANNIN COUNTY,147,73 Years,360,163,197,333,151,182,12,5,7,0,0,0,7,4,3,8,3,5
FANNIN COUNTY,147,74 Years,353,171,182,320,154,166,11,5,6,0,0,0,7,3,4,15,9,6
FANNIN COUNTY,147,75 Years,335,164,171,304,150,154,13,5,8,0,0,0,8,3,5,10,6,4
FANNIN COUNTY,147,76 Years,322,160,162,300,147,153,9,4,5,1,0,1,7,5,2,5,4,1
FANNIN COUNTY,147,77 Years,264,131,133,243,118,125,11,6,5,1,1,0,6,4,2,3,2,1
FANNIN COUNTY,147,78 Years,254,119,135,231,107,124,10,6,4,0,0,0,6,3,3,7,3,4
FANNIN COUNTY,147,79 Years,233,111,122,217,103,114,8,5,3,0,0,0,3,1,2,5,2,3
FANNIN COUNTY,147,80 Years,236,118,118,223,111,112,9,5,4,0,0,0,1,1,0,3,1,2
FANNIN COUNTY,147,81 Years,188,90,98,171,79,92,7,4,3,0,0,0,3,2,1,7,5,2
FANNIN COUNTY,147,82 Years,183,86,97,165,79,86,5,2,3,1,0,1,4,1,3,8,4,4
FANNIN COUNTY,147,83 Years,173,86,87,164,82,82,4,3,1,0,0,0,1,0,1,4,1,3
FANNIN COUNTY,147,84 Years,156,72,84,142,66,76,5,3,2,1,0,1,3,1,2,5,2,3
FANNIN COUNTY,147,85 Years,143,64,79,127,58,69,7,2,5,1,0,1,4,1,3,4,3,1
FANNIN COUNTY,147,86 Years,114,54,60,103,51,52,8,3,5,0,0,0,2,0,2,1,0,1
FANNIN COUNTY,147,87 Years,96,40,56,88,38,50,6,2,4,0,0,0,1,0,1,1,0,1
FANNIN COUNTY,147,88 Years,87,36,51,75,32,43,5,2,3,0,0,0,2,0,2,5,2,3
FANNIN COUNTY,147,89 Years,74,30,44,65,27,38,5,2,3,1,0,1,0,0,0,3,1,2
FANNIN COUNTY,147,90 Years,64,27,37,55,21,34,4,3,1,0,0,0,1,0,1,4,3,1
FANNIN COUNTY,147,91 Years,54,25,29,46,20,26,3,2,1,0,0,0,1,0,1,4,3,1
FANNIN COUNTY,147,92 Years,46,21,25,38,18,20,4,2,2,1,0,1,1,0,1,2,1,1
FANNIN COUNTY,147,93 Years,36,14,22,31,12,19,4,1,3,0,0,0,0,0,0,1,1,0
FANNIN COUNTY,147,94 Years,30,10,20,23,7,16,5,2,3,0,0,0,1,1,0,1,0,1
FANNIN COUNTY,147,95 Years +,79,29,50,64,22,42,8,4,4,0,0,0,3,1,2,4,2,2
FAYETTE COUNTY,149,All Ages,25857,12616,13241,18232,8803,9429,1781,878,903,69,29,40,370,185,185,5405,2721,2684
FAYETTE COUNTY,149,< 1 Year,281,159,122,162,89,73,26,13,13,0,0,0,14,11,3,79,46,33
FAYETTE COUNTY,149,1 Years,285,156,129,159,84,75,27,14,13,0,0,0,13,10,3,86,48,38
FAYETTE COUNTY,149,2 Years,303,163,140,176,94,82,29,17,12,0,0,0,11,6,5,87,46,41
FAYETTE COUNTY,149,3 Years,314,161,153,176,91,85,27,17,10,0,0,0,10,4,6,101,49,52
FAYETTE COUNTY,149,4 Years,330,167,163,179,95,84,26,17,9,3,2,1,15,6,9,107,47,60
FAYETTE COUNTY,149,5 Years,305,155,150,167,91,76,23,12,11,2,1,1,13,6,7,100,45,55
FAYETTE COUNTY,149,6 Years,311,155,156,175,93,82,24,11,13,1,0,1,14,4,10,97,47,50
FAYETTE COUNTY,149,7 Years,310,158,152,172,85,87,26,10,16,0,0,0,7,4,3,105,59,46
FAYETTE COUNTY,149,8 Years,361,198,163,200,106,94,27,14,13,2,2,0,7,6,1,125,70,55
FAYETTE COUNTY,149,9 Years,312,152,160,148,74,74,25,11,14,1,0,1,7,1,6,131,66,65
FAYETTE COUNTY,149,10 Years,309,160,149,156,80,76,19,9,10,1,1,0,6,3,3,127,67,60
FAYETTE COUNTY,149,11 Years,308,152,156,156,78,78,19,10,9,1,1,0,4,2,2,128,61,67
FAYETTE COUNTY,149,12 Years,306,143,163,155,72,83,23,14,9,1,1,0,2,0,2,125,56,69
FAYETTE COUNTY,149,13 Years,321,169,152,157,86,71,28,11,17,1,1,0,5,3,2,130,68,62
FAYETTE COUNTY,149,14 Years,304,150,154,149,71,78,37,16,21,1,1,0,7,3,4,110,59,51
FAYETTE COUNTY,149,15 Years,336,166,170,199,105,94,31,13,18,1,0,1,10,5,5,95,43,52
FAYETTE COUNTY,149,16 Years,314,142,172,182,83,99,29,14,15,1,0,1,8,4,4,94,41,53
FAYETTE COUNTY,149,17 Years,332,165,167,197,100,97,27,15,12,0,0,0,5,1,4,103,49,54
FAYETTE COUNTY,149,18 Years,316,159,157,197,101,96,24,11,13,4,2,2,4,1,3,87,44,43
FAYETTE COUNTY,149,19 Years,276,123,153,151,69,82,28,14,14,1,0,1,8,1,7,88,39,49
FAYETTE COUNTY,149,20 Years,293,154,139,181,95,86,25,13,12,1,1,0,6,3,3,80,42,38
FAYETTE COUNTY,149,21 Years,300,157,143,202,106,96,27,15,12,0,0,0,6,4,2,65,32,33
FAYETTE COUNTY,149,22 Years,326,177,149,211,115,96,24,15,9,1,0,1,6,3,3,84,44,40
FAYETTE COUNTY,149,23 Years,319,153,166,209,105,104,20,9,11,0,0,0,6,3,3,84,36,48
FAYETTE COUNTY,149,24 Years,295,148,147,205,105,100,21,9,12,0,0,0,4,4,0,65,30,35
FAYETTE COUNTY,149,25 Years,308,148,160,206,100,106,28,16,12,2,2,0,4,2,2,68,28,40
FAYETTE COUNTY,149,26 Years,308,164,144,204,114,90,31,16,15,0,0,0,4,1,3,69,33,36
FAYETTE COUNTY,149,27 Years,241,128,113,148,82,66,22,10,12,0,0,0,6,5,1,65,31,34
FAYETTE COUNTY,149,28 Years,210,106,104,114,61,53,21,12,9,0,0,0,3,2,1,72,31,41
FAYETTE COUNTY,149,29 Years,245,112,133,142,63,79,19,12,7,1,1,0,4,3,1,79,33,46
FAYETTE COUNTY,149,30 Years,215,90,125,136,49,87,16,10,6,0,0,0,3,2,1,60,29,31
FAYETTE COUNTY,149,31 Years,223,105,118,139,57,82,15,11,4,1,0,1,2,1,1,66,36,30
FAYETTE COUNTY,149,32 Years,226,111,115,140,65,75,15,6,9,1,0,1,2,1,1,68,39,29
FAYETTE COUNTY,149,33 Years,239,114,125,142,67,75,16,6,10,0,0,0,6,2,4,75,39,36
FAYETTE COUNTY,149,34 Years,235,107,128,140,60,80,16,6,10,0,0,0,5,3,2,74,38,36
FAYETTE COUNTY,149,35 Years,248,116,132,145,64,81,26,9,17,1,0,1,6,5,1,70,38,32
FAYETTE COUNTY,149,36 Years,257,124,133,148,74,74,21,10,11,1,0,1,3,3,0,84,37,47
FAYETTE COUNTY,149,37 Years,257,119,138,169,79,90,15,7,8,0,0,0,4,2,2,69,31,38
FAYETTE COUNTY,149,38 Years,254,128,126,162,77,85,24,14,10,0,0,0,3,1,2,65,36,29
FAYETTE COUNTY,149,39 Years,241,116,125,166,78,88,16,9,7,1,0,1,2,1,1,56,28,28
FAYETTE COUNTY,149,40 Years,241,121,120,156,73,83,19,13,6,0,0,0,0,0,0,66,35,31
FAYETTE COUNTY,149,41 Years,231,110,121,145,66,79,20,12,8,3,0,3,2,2,0,61,30,31
FAYETTE COUNTY,149,42 Years,252,132,120,157,80,77,15,7,8,1,0,1,1,1,0,78,44,34
FAYETTE COUNTY,149,43 Years,259,138,121,156,76,80,11,7,4,0,0,0,4,2,2,88,53,35
FAYETTE COUNTY,149,44 Years,225,120,105,135,72,63,14,6,8,1,0,1,3,2,1,72,40,32
FAYETTE COUNTY,149,45 Years,268,127,141,168,82,86,23,11,12,2,1,1,2,1,1,73,32,41
FAYETTE COUNTY,149,46 Years,249,133,116,166,87,79,16,11,5,1,1,0,2,2,0,64,32,32
FAYETTE COUNTY,149,47 Years,255,127,128,176,85,91,17,9,8,0,0,0,1,1,0,61,32,29
FAYETTE COUNTY,149,48 Years,261,128,133,189,95,94,12,5,7,1,1,0,1,0,1,58,27,31
FAYETTE COUNTY,149,49 Years,254,119,135,189,86,103,11,5,6,1,1,0,2,0,2,51,27,24
FAYETTE COUNTY,149,50 Years,286,125,161,201,87,114,12,6,6,1,1,0,3,2,1,69,29,40
FAYETTE COUNTY,149,51 Years,253,126,127,186,94,92,11,6,5,1,1,0,4,2,2,51,23,28
FAYETTE COUNTY,149,52 Years,300,153,147,202,98,104,18,8,10,2,0,2,3,1,2,75,46,29
FAYETTE COUNTY,149,53 Years,341,155,186,241,105,136,28,13,15,4,1,3,6,3,3,62,33,29
FAYETTE COUNTY,149,54 Years,350,170,180,272,131,141,23,12,11,2,0,2,3,1,2,50,26,24
FAYETTE COUNTY,149,55 Years,376,178,198,297,143,154,21,11,10,0,0,0,3,0,3,55,24,31
FAYETTE COUNTY,149,56 Years,395,184,211,310,140,170,22,11,11,1,0,1,1,0,1,61,33,28
FAYETTE COUNTY,149,57 Years,404,205,199,324,167,157,26,11,15,0,0,0,1,0,1,53,27,26
FAYETTE COUNTY,149,58 Years,387,194,193,314,155,159,22,12,10,1,1,0,2,0,2,48,26,22
FAYETTE COUNTY,149,59 Years,383,182,201,314,149,165,22,10,12,2,1,1,2,0,2,43,22,21
FAYETTE COUNTY,149,60 Years,382,182,200,311,143,168,22,13,9,1,0,1,3,1,2,45,25,20
FAYETTE COUNTY,149,61 Years,369,181,188,305,147,158,19,12,7,1,1,0,4,1,3,40,20,20
FAYETTE COUNTY,149,62 Years,404,203,201,336,172,164,24,11,13,1,0,1,3,1,2,40,19,21
FAYETTE COUNTY,149,63 Years,418,203,215,341,169,172,26,6,20,1,1,0,5,3,2,45,24,21
FAYETTE COUNTY,149,64 Years,418,194,224,348,157,191,27,13,14,1,0,1,3,2,1,39,22,17
FAYETTE COUNTY,149,65 Years,389,178,211,326,151,175,28,12,16,1,1,0,3,1,2,31,13,18
FAYETTE COUNTY,149,66 Years,360,177,183,299,147,152,27,11,16,0,0,0,3,2,1,31,17,14
FAYETTE COUNTY,149,67 Years,348,182,166,290,153,137,22,9,13,0,0,0,3,1,2,33,19,14
FAYETTE COUNTY,149,68 Years,347,171,176,294,141,153,18,8,10,0,0,0,1,1,0,34,21,13
FAYETTE COUNTY,149,69 Years,356,169,187,312,143,169,16,10,6,0,0,0,2,2,0,26,14,12
FAYETTE COUNTY,149,70 Years,328,171,157,294,153,141,13,6,7,0,0,0,3,2,1,18,10,8
FAYETTE COUNTY,149,71 Years,350,169,181,312,146,166,13,6,7,0,0,0,5,3,2,20,14,6
FAYETTE COUNTY,149,72 Years,304,146,158,264,126,138,13,6,7,0,0,0,4,2,2,23,12,11
FAYETTE COUNTY,149,73 Years,290,147,143,249,124,125,16,9,7,0,0,0,4,2,2,21,12,9
FAYETTE COUNTY,149,74 Years,306,137,169,270,119,151,13,8,5,2,0,2,2,1,1,19,9,10
FAYETTE COUNTY,149,75 Years,286,133,153,248,114,134,12,7,5,1,0,1,4,3,1,21,9,12
FAYETTE COUNTY,149,76 Years,263,144,119,226,125,101,14,7,7,1,0,1,3,1,2,19,11,8
FAYETTE COUNTY,149,77 Years,237,111,126,204,93,111,15,9,6,0,0,0,2,0,2,16,9,7
FAYETTE COUNTY,149,78 Years,232,110,122,206,97,109,13,6,7,0,0,0,2,0,2,11,7,4
FAYETTE COUNTY,149,79 Years,234,111,123,213,97,116,13,9,4,1,1,0,1,1,0,6,3,3
FAYETTE COUNTY,149,80 Years,219,108,111,194,93,101,10,8,2,0,0,0,0,0,0,15,7,8
FAYETTE COUNTY,149,81 Years,202,102,100,179,90,89,8,5,3,0,0,0,0,0,0,15,7,8
FAYETTE COUNTY,149,82 Years,174,84,90,161,77,84,4,2,2,0,0,0,1,0,1,8,5,3
FAYETTE COUNTY,149,83 Years,155,66,89,139,61,78,8,1,7,0,0,0,0,0,0,8,4,4
FAYETTE COUNTY,149,84 Years,138,56,82,121,49,72,10,4,6,1,0,1,0,0,0,6,3,3
FAYETTE COUNTY,149,85 Years,125,48,77,105,41,64,11,2,9,1,0,1,0,0,0,8,5,3
FAYETTE COUNTY,149,86 Years,119,49,70,104,45,59,9,2,7,0,0,0,0,0,0,6,2,4
FAYETTE COUNTY,149,87 Years,101,39,62,89,34,55,9,3,6,0,0,0,0,0,0,3,2,1
FAYETTE COUNTY,149,88 Years,99,38,61,88,34,54,5,1,4,0,0,0,2,1,1,4,2,2
FAYETTE COUNTY,149,89 Years,93,35,58,79,30,49,6,2,4,0,0,0,2,1,1,6,2,4
FAYETTE COUNTY,149,90 Years,75,29,46,63,24,39,6,2,4,0,0,0,0,0,0,6,3,3
FAYETTE COUNTY,149,91 Years,63,25,38,51,20,31,5,1,4,1,0,1,2,1,1,4,3,1
FAYETTE COUNTY,149,92 Years,57,14,43,48,13,35,4,0,4,0,0,0,1,0,1,4,1,3
FAYETTE COUNTY,149,93 Years,44,13,31,37,12,25,4,1,3,0,0,0,0,0,0,3,0,3
FAYETTE COUNTY,149,94 Years,35,9,26,29,8,21,4,1,3,0,0,0,0,0,0,2,0,2
FAYETTE COUNTY,149,95 Years +,93,25,68,77,21,56,8,1,7,0,0,0,1,0,1,7,3,4
FISHER COUNTY,151,All Ages,3777,1877,1900,2502,1234,1268,130,57,73,5,1,4,45,26,19,1095,559,536
FISHER COUNTY,151,< 1 Year,44,23,21,22,11,11,0,0,0,0,0,0,0,0,0,22,12,10
FISHER COUNTY,151,1 Years,41,20,21,20,10,10,1,0,1,0,0,0,0,0,0,20,10,10
FISHER COUNTY,151,2 Years,46,26,20,26,14,12,2,1,1,0,0,0,0,0,0,18,11,7
FISHER COUNTY,151,3 Years,49,27,22,31,16,15,1,1,0,0,0,0,0,0,0,17,10,7
FISHER COUNTY,151,4 Years,47,22,25,31,14,17,0,0,0,0,0,0,0,0,0,16,8,8
FISHER COUNTY,151,5 Years,42,20,22,27,12,15,0,0,0,0,0,0,0,0,0,15,8,7
FISHER COUNTY,151,6 Years,35,16,19,19,7,12,2,1,1,0,0,0,0,0,0,14,8,6
FISHER COUNTY,151,7 Years,41,22,19,21,10,11,2,1,1,0,0,0,0,0,0,18,11,7
FISHER COUNTY,151,8 Years,46,23,23,24,10,14,0,0,0,0,0,0,1,0,1,21,13,8
FISHER COUNTY,151,9 Years,39,17,22,20,6,14,0,0,0,0,0,0,1,0,1,18,11,7
FISHER COUNTY,151,10 Years,44,28,16,27,19,8,0,0,0,0,0,0,1,0,1,16,9,7
FISHER COUNTY,151,11 Years,51,28,23,33,20,13,0,0,0,0,0,0,1,1,0,17,7,10
FISHER COUNTY,151,12 Years,50,26,24,33,18,15,1,0,1,0,0,0,2,0,2,14,8,6
FISHER COUNTY,151,13 Years,42,21,21,23,11,12,2,1,1,0,0,0,1,1,0,16,8,8
FISHER COUNTY,151,14 Years,42,25,17,23,13,10,1,1,0,1,1,0,1,1,0,16,9,7
FISHER COUNTY,151,15 Years,40,20,20,23,13,10,1,1,0,0,0,0,0,0,0,16,6,10
FISHER COUNTY,151,16 Years,45,23,22,31,16,15,1,0,1,0,0,0,0,0,0,13,7,6
FISHER COUNTY,151,17 Years,39,18,21,27,12,15,0,0,0,0,0,0,0,0,0,12,6,6
FISHER COUNTY,151,18 Years,40,17,23,23,9,14,0,0,0,1,0,1,1,1,0,15,7,8
FISHER COUNTY,151,19 Years,31,17,14,15,7,8,2,2,0,0,0,0,1,1,0,13,7,6
FISHER COUNTY,151,20 Years,35,15,20,15,6,9,4,3,1,0,0,0,0,0,0,16,6,10
FISHER COUNTY,151,21 Years,33,16,17,15,8,7,2,1,1,0,0,0,0,0,0,16,7,9
FISHER COUNTY,151,22 Years,32,19,13,16,9,7,1,1,0,0,0,0,0,0,0,15,9,6
FISHER COUNTY,151,23 Years,45,22,23,20,8,12,3,2,1,0,0,0,0,0,0,22,12,10
FISHER COUNTY,151,24 Years,60,31,29,32,20,12,4,0,4,1,0,1,1,0,1,22,11,11
FISHER COUNTY,151,25 Years,65,31,34,34,21,13,3,1,2,0,0,0,3,1,2,25,8,17
FISHER COUNTY,151,26 Years,52,23,29,28,12,16,4,1,3,0,0,0,2,1,1,18,9,9
FISHER COUNTY,151,27 Years,41,22,19,19,9,10,3,1,2,0,0,0,1,0,1,18,12,6
FISHER COUNTY,151,28 Years,36,21,15,19,11,8,4,3,1,0,0,0,0,0,0,13,7,6
FISHER COUNTY,151,29 Years,32,19,13,20,10,10,1,1,0,0,0,0,1,1,0,10,7,3
FISHER COUNTY,151,30 Years,42,23,19,30,15,15,2,1,1,0,0,0,1,1,0,9,6,3
FISHER COUNTY,151,31 Years,33,19,14,22,10,12,1,1,0,0,0,0,1,1,0,9,7,2
FISHER COUNTY,151,32 Years,27,14,13,22,11,11,0,0,0,0,0,0,0,0,0,5,3,2
FISHER COUNTY,151,33 Years,33,15,18,19,10,9,0,0,0,0,0,0,0,0,0,14,5,9
FISHER COUNTY,151,34 Years,35,15,20,20,10,10,0,0,0,0,0,0,0,0,0,15,5,10
FISHER COUNTY,151,35 Years,44,22,22,26,11,15,0,0,0,0,0,0,0,0,0,18,11,7
FISHER COUNTY,151,36 Years,34,15,19,23,10,13,2,0,2,0,0,0,0,0,0,9,5,4
FISHER COUNTY,151,37 Years,37,15,22,23,11,12,1,0,1,0,0,0,1,0,1,12,4,8
FISHER COUNTY,151,38 Years,27,14,13,21,12,9,0,0,0,1,0,1,0,0,0,5,2,3
FISHER COUNTY,151,39 Years,23,13,10,19,10,9,0,0,0,0,0,0,0,0,0,4,3,1
FISHER COUNTY,151,40 Years,31,14,17,25,10,15,0,0,0,0,0,0,0,0,0,6,4,2
FISHER COUNTY,151,41 Years,38,26,12,22,12,10,0,0,0,0,0,0,0,0,0,16,14,2
FISHER COUNTY,151,42 Years,37,23,14,20,11,9,2,1,1,0,0,0,1,0,1,14,11,3
FISHER COUNTY,151,43 Years,32,14,18,16,7,9,3,2,1,0,0,0,0,0,0,13,5,8
FISHER COUNTY,151,44 Years,36,16,20,23,10,13,3,1,2,0,0,0,0,0,0,10,5,5
FISHER COUNTY,151,45 Years,44,23,21,28,15,13,2,0,2,0,0,0,1,1,0,13,7,6
FISHER COUNTY,151,46 Years,47,25,22,30,16,14,3,2,1,0,0,0,0,0,0,14,7,7
FISHER COUNTY,151,47 Years,56,23,33,40,19,21,1,0,1,0,0,0,0,0,0,15,4,11
FISHER COUNTY,151,48 Years,50,24,26,37,20,17,3,1,2,0,0,0,0,0,0,10,3,7
FISHER COUNTY,151,49 Years,42,19,23,32,14,18,2,1,1,0,0,0,0,0,0,8,4,4
FISHER COUNTY,151,50 Years,39,18,21,24,11,13,0,0,0,0,0,0,1,1,0,14,6,8
FISHER COUNTY,151,51 Years,40,21,19,25,15,10,3,1,2,0,0,0,0,0,0,12,5,7
FISHER COUNTY,151,52 Years,41,19,22,27,11,16,3,3,0,0,0,0,0,0,0,11,5,6
FISHER COUNTY,151,53 Years,44,25,19,26,14,12,5,2,3,0,0,0,1,0,1,12,9,3
FISHER COUNTY,151,54 Years,51,30,21,32,18,14,3,1,2,0,0,0,1,1,0,15,10,5
FISHER COUNTY,151,55 Years,55,30,25,38,22,16,2,1,1,0,0,0,1,1,0,14,6,8
FISHER COUNTY,151,56 Years,57,26,31,43,22,21,1,0,1,0,0,0,1,0,1,12,4,8
FISHER COUNTY,151,57 Years,52,28,24,37,22,15,1,0,1,1,0,1,0,0,0,13,6,7
FISHER COUNTY,151,58 Years,62,35,27,43,24,19,2,2,0,0,0,0,1,1,0,16,8,8
FISHER COUNTY,151,59 Years,57,32,25,42,24,18,2,1,1,0,0,0,1,1,0,12,6,6
FISHER COUNTY,151,60 Years,54,26,28,41,18,23,3,3,0,0,0,0,0,0,0,10,5,5
FISHER COUNTY,151,61 Years,53,22,31,38,15,23,2,2,0,0,0,0,0,0,0,13,5,8
FISHER COUNTY,151,62 Years,61,32,29,46,22,24,0,0,0,0,0,0,1,1,0,14,9,5
FISHER COUNTY,151,63 Years,61,35,26,44,25,19,1,0,1,0,0,0,1,1,0,15,9,6
FISHER COUNTY,151,64 Years,58,28,30,46,21,25,0,0,0,0,0,0,1,1,0,11,6,5
FISHER COUNTY,151,65 Years,50,26,24,37,18,19,1,1,0,0,0,0,0,0,0,12,7,5
FISHER COUNTY,151,66 Years,53,26,27,43,20,23,0,0,0,0,0,0,1,1,0,9,5,4
FISHER COUNTY,151,67 Years,49,24,25,42,21,21,0,0,0,0,0,0,0,0,0,7,3,4
FISHER COUNTY,151,68 Years,55,26,29,40,19,21,2,0,2,0,0,0,2,1,1,11,6,5
FISHER COUNTY,151,69 Years,49,21,28,39,17,22,1,0,1,0,0,0,1,1,0,8,3,5
FISHER COUNTY,151,70 Years,52,22,30,43,21,22,2,0,2,0,0,0,0,0,0,7,1,6
FISHER COUNTY,151,71 Years,49,28,21,39,24,15,3,2,1,0,0,0,0,0,0,7,2,5
FISHER COUNTY,151,72 Years,46,26,20,34,19,15,3,1,2,0,0,0,1,1,0,8,5,3
FISHER COUNTY,151,73 Years,41,22,19,31,15,16,1,0,1,0,0,0,2,1,1,7,6,1
FISHER COUNTY,151,74 Years,41,21,20,32,16,16,1,0,1,0,0,0,1,1,0,7,4,3
FISHER COUNTY,151,75 Years,39,16,23,29,11,18,2,0,2,0,0,0,0,0,0,8,5,3
FISHER COUNTY,151,76 Years,40,15,25,30,11,19,1,0,1,0,0,0,1,0,1,8,4,4
FISHER COUNTY,151,77 Years,37,15,22,32,12,20,1,1,0,0,0,0,0,0,0,4,2,2
FISHER COUNTY,151,78 Years,38,12,26,30,10,20,0,0,0,0,0,0,0,0,0,8,2,6
FISHER COUNTY,151,79 Years,38,14,24,31,11,20,2,1,1,0,0,0,1,1,0,4,1,3
FISHER COUNTY,151,80 Years,30,14,16,22,9,13,2,2,0,0,0,0,0,0,0,6,3,3
FISHER COUNTY,151,81 Years,32,16,16,26,13,13,0,0,0,0,0,0,0,0,0,6,3,3
FISHER COUNTY,151,82 Years,30,16,14,21,13,8,2,0,2,0,0,0,0,0,0,7,3,4
FISHER COUNTY,151,83 Years,28,15,13,21,13,8,1,0,1,0,0,0,0,0,0,6,2,4
FISHER COUNTY,151,84 Years,20,11,9,17,11,6,0,0,0,0,0,0,0,0,0,3,0,3
FISHER COUNTY,151,85 Years,16,10,6,14,9,5,0,0,0,0,0,0,0,0,0,2,1,1
FISHER COUNTY,151,86 Years,15,6,9,9,5,4,2,0,2,0,0,0,0,0,0,4,1,3
FISHER COUNTY,151,87 Years,17,7,10,11,6,5,1,0,1,0,0,0,0,0,0,5,1,4
FISHER COUNTY,151,88 Years,19,6,13,12,4,8,2,0,2,0,0,0,0,0,0,5,2,3
FISHER COUNTY,151,89 Years,15,3,12,11,3,8,1,0,1,0,0,0,0,0,0,3,0,3
FISHER COUNTY,151,90 Years,13,3,10,10,2,8,0,0,0,0,0,0,0,0,0,3,1,2
FISHER COUNTY,151,91 Years,13,6,7,9,3,6,0,0,0,0,0,0,0,0,0,4,3,1
FISHER COUNTY,151,92 Years,8,2,6,5,2,3,0,0,0,0,0,0,1,0,1,2,0,2
FISHER COUNTY,151,93 Years,5,2,3,4,2,2,0,0,0,0,0,0,1,0,1,0,0,0
FISHER COUNTY,151,94 Years,6,3,3,3,1,2,0,0,0,0,0,0,0,0,0,3,2,1
FISHER COUNTY,151,95 Years +,15,6,9,8,3,5,1,0,1,0,0,0,0,0,0,6,3,3
FLOYD COUNTY,153,All Ages,5715,2856,2859,2031,1011,1020,212,107,105,9,4,5,53,26,27,3410,1708,1702
FLOYD COUNTY,153,< 1 Year,85,46,39,20,10,10,1,0,1,0,0,0,0,0,0,64,36,28
FLOYD COUNTY,153,1 Years,82,44,38,19,9,10,1,0,1,0,0,0,2,1,1,60,34,26
FLOYD COUNTY,153,2 Years,83,45,38,14,7,7,2,1,1,0,0,0,3,2,1,64,35,29
FLOYD COUNTY,153,3 Years,77,41,36,11,6,5,1,1,0,0,0,0,2,1,1,63,33,30
FLOYD COUNTY,153,4 Years,77,36,41,11,6,5,2,1,1,0,0,0,0,0,0,64,29,35
FLOYD COUNTY,153,5 Years,85,39,46,14,7,7,2,1,1,0,0,0,0,0,0,69,31,38
FLOYD COUNTY,153,6 Years,85,38,47,15,8,7,2,0,2,0,0,0,3,1,2,65,29,36
FLOYD COUNTY,153,7 Years,88,41,47,17,10,7,2,1,1,0,0,0,2,1,1,67,29,38
FLOYD COUNTY,153,8 Years,95,49,46,19,15,4,3,0,3,0,0,0,2,1,1,71,33,38
FLOYD COUNTY,153,9 Years,74,36,38,17,12,5,2,0,2,0,0,0,1,0,1,54,24,30
FLOYD COUNTY,153,10 Years,83,41,42,16,8,8,2,0,2,0,0,0,1,1,0,64,32,32
FLOYD COUNTY,153,11 Years,76,42,34,13,9,4,4,2,2,0,0,0,0,0,0,59,31,28
FLOYD COUNTY,153,12 Years,79,46,33,16,12,4,3,2,1,1,0,1,0,0,0,59,32,27
FLOYD COUNTY,153,13 Years,83,41,42,12,8,4,3,1,2,1,0,1,0,0,0,67,32,35
FLOYD COUNTY,153,14 Years,73,36,37,13,8,5,3,2,1,1,0,1,0,0,0,56,26,30
FLOYD COUNTY,153,15 Years,78,43,35,18,12,6,4,3,1,0,0,0,1,1,0,55,27,28
FLOYD COUNTY,153,16 Years,76,40,36,15,10,5,4,2,2,0,0,0,1,1,0,56,27,29
FLOYD COUNTY,153,17 Years,68,37,31,12,8,4,2,1,1,0,0,0,0,0,0,54,28,26
FLOYD COUNTY,153,18 Years,68,37,31,12,7,5,4,2,2,0,0,0,1,0,1,51,28,23
FLOYD COUNTY,153,19 Years,69,36,33,11,6,5,6,5,1,0,0,0,0,0,0,52,25,27
FLOYD COUNTY,153,20 Years,66,36,30,11,7,4,2,2,0,0,0,0,1,1,0,52,26,26
FLOYD COUNTY,153,21 Years,70,31,39,14,6,8,1,1,0,1,1,0,1,0,1,53,23,30
FLOYD COUNTY,153,22 Years,65,34,31,14,6,8,2,1,1,0,0,0,0,0,0,49,27,22
FLOYD COUNTY,153,23 Years,74,42,32,18,8,10,3,2,1,0,0,0,1,1,0,52,31,21
FLOYD COUNTY,153,24 Years,81,42,39,20,8,12,3,3,0,0,0,0,0,0,0,58,31,27
FLOYD COUNTY,153,25 Years,95,58,37,18,8,10,6,4,2,0,0,0,2,1,1,69,45,24
FLOYD COUNTY,153,26 Years,86,53,33,23,12,11,2,2,0,0,0,0,1,1,0,60,38,22
FLOYD COUNTY,153,27 Years,61,36,25,12,7,5,3,2,1,1,1,0,1,0,1,44,26,18
FLOYD COUNTY,153,28 Years,62,29,33,14,9,5,3,1,2,0,0,0,1,0,1,44,19,25
FLOYD COUNTY,153,29 Years,65,31,34,20,11,9,2,1,1,0,0,0,1,0,1,42,19,23
FLOYD COUNTY,153,30 Years,68,39,29,19,11,8,1,0,1,0,0,0,1,0,1,47,28,19
FLOYD COUNTY,153,31 Years,59,31,28,20,11,9,1,1,0,0,0,0,0,0,0,38,19,19
FLOYD COUNTY,153,32 Years,64,32,32,22,13,9,2,1,1,0,0,0,1,1,0,39,17,22
FLOYD COUNTY,153,33 Years,65,35,30,22,13,9,2,0,2,0,0,0,1,1,0,40,21,19
FLOYD COUNTY,153,34 Years,53,27,26,18,9,9,2,2,0,0,0,0,0,0,0,33,16,17
FLOYD COUNTY,153,35 Years,61,31,30,17,8,9,4,2,2,0,0,0,0,0,0,40,21,19
FLOYD COUNTY,153,36 Years,61,35,26,22,13,9,4,1,3,0,0,0,0,0,0,35,21,14
FLOYD COUNTY,153,37 Years,70,29,41,21,12,9,2,1,1,0,0,0,1,0,1,46,16,30
FLOYD COUNTY,153,38 Years,62,31,31,20,11,9,2,2,0,0,0,0,1,0,1,39,18,21
FLOYD COUNTY,153,39 Years,50,26,24,19,10,9,0,0,0,0,0,0,0,0,0,31,16,15
FLOYD COUNTY,153,40 Years,54,29,25,24,13,11,1,1,0,0,0,0,0,0,0,29,15,14
FLOYD COUNTY,153,41 Years,53,28,25,21,13,8,1,0,1,1,0,1,0,0,0,30,15,15
FLOYD COUNTY,153,42 Years,61,23,38,18,9,9,1,0,1,1,0,1,0,0,0,41,14,27
FLOYD COUNTY,153,43 Years,57,24,33,20,9,11,2,0,2,0,0,0,0,0,0,35,15,20
FLOYD COUNTY,153,44 Years,52,25,27,20,9,11,1,0,1,0,0,0,0,0,0,31,16,15
FLOYD COUNTY,153,45 Years,54,25,29,17,6,11,1,0,1,0,0,0,1,0,1,35,19,16
FLOYD COUNTY,153,46 Years,59,32,27,19,9,10,1,1,0,1,1,0,0,0,0,38,21,17
FLOYD COUNTY,153,47 Years,69,40,29,20,10,10,2,2,0,0,0,0,1,1,0,46,27,19
FLOYD COUNTY,153,48 Years,69,39,30,19,9,10,3,2,1,0,0,0,1,1,0,46,27,19
FLOYD COUNTY,153,49 Years,59,30,29,20,9,11,2,1,1,0,0,0,0,0,0,37,20,17
FLOYD COUNTY,153,50 Years,55,27,28,23,10,13,1,0,1,0,0,0,0,0,0,31,17,14
FLOYD COUNTY,153,51 Years,63,35,28,27,15,12,2,2,0,0,0,0,1,1,0,33,17,16
FLOYD COUNTY,153,52 Years,61,29,32,23,11,12,4,2,2,0,0,0,1,0,1,33,16,17
FLOYD COUNTY,153,53 Years,61,30,31,25,14,11,4,2,2,0,0,0,0,0,0,32,14,18
FLOYD COUNTY,153,54 Years,67,33,34,31,16,15,4,3,1,0,0,0,1,1,0,31,13,18
FLOYD COUNTY,153,55 Years,66,32,34,32,15,17,3,3,0,0,0,0,0,0,0,31,14,17
FLOYD COUNTY,153,56 Years,70,31,39,33,15,18,2,0,2,0,0,0,0,0,0,35,16,19
FLOYD COUNTY,153,57 Years,68,33,35,30,14,16,2,1,1,0,0,0,0,0,0,36,18,18
FLOYD COUNTY,153,58 Years,71,37,34,38,20,18,3,1,2,0,0,0,0,0,0,30,16,14
FLOYD COUNTY,153,59 Years,69,32,37,36,15,21,3,0,3,0,0,0,1,1,0,29,16,13
FLOYD COUNTY,153,60 Years,70,37,33,36,21,15,3,1,2,0,0,0,1,0,1,30,15,15
FLOYD COUNTY,153,61 Years,61,31,30,27,14,13,1,1,0,0,0,0,1,1,0,32,15,17
FLOYD COUNTY,153,62 Years,60,28,32,28,15,13,2,0,2,0,0,0,0,0,0,30,13,17
FLOYD COUNTY,153,63 Years,70,34,36,35,17,18,2,1,1,0,0,0,1,1,0,32,15,17
FLOYD COUNTY,153,64 Years,69,35,34,34,20,14,3,1,2,0,0,0,2,1,1,30,13,17
FLOYD COUNTY,153,65 Years,75,39,36,43,20,23,5,4,1,0,0,0,1,1,0,26,14,12
FLOYD COUNTY,153,66 Years,80,40,40,46,25,21,3,3,0,1,1,0,0,0,0,30,11,19
FLOYD COUNTY,153,67 Years,72,33,39,40,20,20,2,1,1,0,0,0,0,0,0,30,12,18
FLOYD COUNTY,153,68 Years,65,32,33,40,21,19,2,1,1,0,0,0,0,0,0,23,10,13
FLOYD COUNTY,153,69 Years,65,29,36,38,16,22,1,1,0,0,0,0,1,1,0,25,11,14
FLOYD COUNTY,153,70 Years,57,28,29,29,12,17,3,3,0,0,0,0,0,0,0,25,13,12
FLOYD COUNTY,153,71 Years,53,25,28,29,15,14,3,1,2,0,0,0,0,0,0,21,9,12
FLOYD COUNTY,153,72 Years,56,29,27,35,19,16,1,0,1,0,0,0,0,0,0,20,10,10
FLOYD COUNTY,153,73 Years,53,22,31,31,11,20,1,0,1,0,0,0,0,0,0,21,11,10
FLOYD COUNTY,153,74 Years,45,22,23,27,11,16,1,1,0,0,0,0,0,0,0,17,10,7
FLOYD COUNTY,153,75 Years,56,22,34,35,14,21,1,0,1,0,0,0,0,0,0,20,8,12
FLOYD COUNTY,153,76 Years,52,19,33,28,10,18,2,1,1,0,0,0,2,0,2,20,8,12
FLOYD COUNTY,153,77 Years,50,23,27,29,15,14,3,2,1,0,0,0,2,0,2,16,6,10
FLOYD COUNTY,153,78 Years,43,19,24,26,11,15,2,1,1,0,0,0,0,0,0,15,7,8
FLOYD COUNTY,153,79 Years,39,15,24,20,7,13,1,0,1,0,0,0,0,0,0,18,8,10
FLOYD COUNTY,153,80 Years,35,15,20,19,7,12,1,1,0,0,0,0,0,0,0,15,7,8
FLOYD COUNTY,153,81 Years,35,17,18,18,8,10,2,2,0,0,0,0,0,0,0,15,7,8
FLOYD COUNTY,153,82 Years,37,19,18,27,12,15,3,2,1,0,0,0,0,0,0,7,5,2
FLOYD COUNTY,153,83 Years,31,12,19,21,6,15,1,0,1,0,0,0,0,0,0,9,6,3
FLOYD COUNTY,153,84 Years,25,8,17,13,4,9,2,0,2,0,0,0,0,0,0,10,4,6
FLOYD COUNTY,153,85 Years,28,10,18,12,4,8,5,0,5,0,0,0,0,0,0,11,6,5
FLOYD COUNTY,153,86 Years,22,9,13,15,5,10,2,0,2,0,0,0,0,0,0,5,4,1
FLOYD COUNTY,153,87 Years,23,12,11,16,7,9,0,0,0,0,0,0,0,0,0,7,5,2
FLOYD COUNTY,153,88 Years,29,13,16,19,7,12,2,1,1,0,0,0,0,0,0,8,5,3
FLOYD COUNTY,153,89 Years,24,12,12,15,7,8,2,1,1,0,0,0,1,0,1,6,4,2
FLOYD COUNTY,153,90 Years,19,7,12,12,5,7,1,0,1,0,0,0,1,0,1,5,2,3
FLOYD COUNTY,153,91 Years,16,6,10,10,4,6,1,0,1,0,0,0,0,0,0,5,2,3
FLOYD COUNTY,153,92 Years,11,6,5,7,3,4,0,0,0,0,0,0,0,0,0,4,3,1
FLOYD COUNTY,153,93 Years,8,4,4,5,2,3,0,0,0,0,0,0,0,0,0,3,2,1
FLOYD COUNTY,153,94 Years,8,4,4,4,2,2,1,1,0,0,0,0,0,0,0,3,1,2
FLOYD COUNTY,153,95 Years +,13,4,9,7,2,5,4,1,3,0,0,0,0,0,0,2,1,1
FOARD COUNTY,155,All Ages,1215,579,636,935,440,495,58,24,34,4,0,4,3,3,0,215,112,103
FOARD COUNTY,155,< 1 Year,9,3,6,9,3,6,0,0,0,0,0,0,0,0,0,0,0,0
FOARD COUNTY,155,1 Years,13,5,8,9,4,5,0,0,0,0,0,0,0,0,0,4,1,3
FOARD COUNTY,155,2 Years,13,5,8,8,3,5,0,0,0,0,0,0,0,0,0,5,2,3
FOARD COUNTY,155,3 Years,12,6,6,9,4,5,0,0,0,0,0,0,0,0,0,3,2,1
FOARD COUNTY,155,4 Years,10,4,6,7,2,5,0,0,0,0,0,0,0,0,0,3,2,1
FOARD COUNTY,155,5 Years,15,7,8,8,3,5,2,1,1,0,0,0,0,0,0,5,3,2
FOARD COUNTY,155,6 Years,18,9,9,10,5,5,2,1,1,0,0,0,0,0,0,6,3,3
FOARD COUNTY,155,7 Years,18,9,9,9,5,4,2,1,1,0,0,0,0,0,0,7,3,4
FOARD COUNTY,155,8 Years,20,4,16,8,2,6,3,1,2,0,0,0,0,0,0,9,1,8
FOARD COUNTY,155,9 Years,14,4,10,9,3,6,1,0,1,1,0,1,0,0,0,3,1,2
FOARD COUNTY,155,10 Years,12,9,3,9,6,3,0,0,0,0,0,0,0,0,0,3,3,0
FOARD COUNTY,155,11 Years,7,3,4,6,2,4,0,0,0,0,0,0,0,0,0,1,1,0
FOARD COUNTY,155,12 Years,11,8,3,9,6,3,0,0,0,0,0,0,0,0,0,2,2,0
FOARD COUNTY,155,13 Years,13,5,8,9,4,5,0,0,0,0,0,0,0,0,0,4,1,3
FOARD COUNTY,155,14 Years,13,7,6,8,5,3,1,0,1,0,0,0,0,0,0,4,2,2
FOARD COUNTY,155,15 Years,12,7,5,7,4,3,2,1,1,1,0,1,0,0,0,2,2,0
FOARD COUNTY,155,16 Years,16,8,8,12,7,5,2,1,1,1,0,1,0,0,0,1,0,1
FOARD COUNTY,155,17 Years,11,5,6,8,4,4,2,1,1,0,0,0,0,0,0,1,0,1
FOARD COUNTY,155,18 Years,10,6,4,7,3,4,2,2,0,0,0,0,0,0,0,1,1,0
FOARD COUNTY,155,19 Years,9,5,4,5,2,3,0,0,0,0,0,0,0,0,0,4,3,1
FOARD COUNTY,155,20 Years,11,4,7,5,2,3,3,0,3,0,0,0,0,0,0,3,2,1
FOARD COUNTY,155,21 Years,12,5,7,6,3,3,2,0,2,0,0,0,0,0,0,4,2,2
FOARD COUNTY,155,22 Years,10,4,6,6,3,3,1,0,1,0,0,0,0,0,0,3,1,2
FOARD COUNTY,155,23 Years,13,6,7,8,5,3,3,1,2,0,0,0,0,0,0,2,0,2
FOARD COUNTY,155,24 Years,12,7,5,8,5,3,1,1,0,0,0,0,0,0,0,3,1,2
FOARD COUNTY,155,25 Years,13,7,6,7,4,3,1,0,1,0,0,0,0,0,0,5,3,2
FOARD COUNTY,155,26 Years,13,6,7,9,4,5,0,0,0,0,0,0,0,0,0,4,2,2
FOARD COUNTY,155,27 Years,11,3,8,8,2,6,0,0,0,0,0,0,0,0,0,3,1,2
FOARD COUNTY,155,28 Years,11,3,8,9,3,6,0,0,0,0,0,0,0,0,0,2,0,2
FOARD COUNTY,155,29 Years,14,8,6,9,6,3,3,1,2,0,0,0,0,0,0,2,1,1
FOARD COUNTY,155,30 Years,10,3,7,6,3,3,1,0,1,0,0,0,0,0,0,3,0,3
FOARD COUNTY,155,31 Years,8,3,5,6,2,4,0,0,0,0,0,0,0,0,0,2,1,1
FOARD COUNTY,155,32 Years,13,7,6,10,5,5,0,0,0,0,0,0,0,0,0,3,2,1
FOARD COUNTY,155,33 Years,12,5,7,8,3,5,0,0,0,0,0,0,0,0,0,4,2,2
FOARD COUNTY,155,34 Years,11,7,4,7,4,3,1,1,0,0,0,0,0,0,0,3,2,1
FOARD COUNTY,155,35 Years,15,10,5,11,7,4,1,0,1,0,0,0,0,0,0,3,3,0
FOARD COUNTY,155,36 Years,13,7,6,12,6,6,0,0,0,0,0,0,0,0,0,1,1,0
FOARD COUNTY,155,37 Years,8,3,5,7,2,5,0,0,0,0,0,0,0,0,0,1,1,0
FOARD COUNTY,155,38 Years,10,5,5,8,5,3,0,0,0,0,0,0,0,0,0,2,0,2
FOARD COUNTY,155,39 Years,8,4,4,5,3,2,0,0,0,0,0,0,1,1,0,2,0,2
FOARD COUNTY,155,40 Years,6,4,2,5,3,2,0,0,0,0,0,0,0,0,0,1,1,0
FOARD COUNTY,155,41 Years,7,5,2,5,3,2,0,0,0,0,0,0,0,0,0,2,2,0
FOARD COUNTY,155,42 Years,14,7,7,12,6,6,1,0,1,0,0,0,0,0,0,1,1,0
FOARD COUNTY,155,43 Years,14,8,6,12,7,5,0,0,0,0,0,0,0,0,0,2,1,1
FOARD COUNTY,155,44 Years,8,4,4,6,3,3,0,0,0,0,0,0,0,0,0,2,1,1
FOARD COUNTY,155,45 Years,8,5,3,6,3,3,1,1,0,0,0,0,0,0,0,1,1,0
FOARD COUNTY,155,46 Years,12,7,5,9,5,4,0,0,0,0,0,0,0,0,0,3,2,1
FOARD COUNTY,155,47 Years,18,9,9,15,6,9,1,1,0,0,0,0,0,0,0,2,2,0
FOARD COUNTY,155,48 Years,18,6,12,15,5,10,0,0,0,0,0,0,0,0,0,3,1,2
FOARD COUNTY,155,49 Years,14,7,7,12,6,6,0,0,0,0,0,0,0,0,0,2,1,1
FOARD COUNTY,155,50 Years,20,12,8,16,10,6,1,0,1,0,0,0,0,0,0,3,2,1
FOARD COUNTY,155,51 Years,16,8,8,11,4,7,1,1,0,0,0,0,0,0,0,4,3,1
FOARD COUNTY,155,52 Years,16,5,11,13,3,10,0,0,0,0,0,0,0,0,0,3,2,1
FOARD COUNTY,155,53 Years,16,8,8,10,4,6,2,2,0,0,0,0,0,0,0,4,2,2
FOARD COUNTY,155,54 Years,23,9,14,19,7,12,0,0,0,0,0,0,0,0,0,4,2,2
FOARD COUNTY,155,55 Years,20,12,8,14,8,6,0,0,0,0,0,0,0,0,0,6,4,2
FOARD COUNTY,155,56 Years,21,10,11,16,7,9,1,1,0,0,0,0,0,0,0,4,2,2
FOARD COUNTY,155,57 Years,19,9,10,15,8,7,1,0,1,0,0,0,0,0,0,3,1,2
FOARD COUNTY,155,58 Years,18,10,8,15,9,6,0,0,0,0,0,0,0,0,0,3,1,2
FOARD COUNTY,155,59 Years,17,10,7,15,8,7,0,0,0,0,0,0,0,0,0,2,2,0
FOARD COUNTY,155,60 Years,15,9,6,11,7,4,0,0,0,0,0,0,1,1,0,3,1,2
FOARD COUNTY,155,61 Years,22,10,12,19,8,11,1,0,1,0,0,0,1,1,0,1,1,0
FOARD COUNTY,155,62 Years,17,6,11,15,4,11,0,0,0,0,0,0,0,0,0,2,2,0
FOARD COUNTY,155,63 Years,11,5,6,8,3,5,0,0,0,0,0,0,0,0,0,3,2,1
FOARD COUNTY,155,64 Years,10,6,4,8,4,4,0,0,0,0,0,0,0,0,0,2,2,0
FOARD COUNTY,155,65 Years,17,8,9,15,7,8,0,0,0,0,0,0,0,0,0,2,1,1
FOARD COUNTY,155,66 Years,19,10,9,18,9,9,1,1,0,0,0,0,0,0,0,0,0,0
FOARD COUNTY,155,67 Years,21,12,9,19,10,9,1,1,0,0,0,0,0,0,0,1,1,0
FOARD COUNTY,155,68 Years,16,8,8,14,7,7,1,1,0,0,0,0,0,0,0,1,0,1
FOARD COUNTY,155,69 Years,15,7,8,14,7,7,0,0,0,0,0,0,0,0,0,1,0,1
FOARD COUNTY,155,70 Years,17,7,10,15,7,8,0,0,0,0,0,0,0,0,0,2,0,2
FOARD COUNTY,155,71 Years,15,6,9,15,6,9,0,0,0,0,0,0,0,0,0,0,0,0
FOARD COUNTY,155,72 Years,15,7,8,14,7,7,0,0,0,0,0,0,0,0,0,1,0,1
FOARD COUNTY,155,73 Years,15,6,9,11,5,6,0,0,0,1,0,1,0,0,0,3,1,2
FOARD COUNTY,155,74 Years,14,7,7,10,5,5,2,1,1,0,0,0,0,0,0,2,1,1
FOARD COUNTY,155,75 Years,13,8,5,11,7,4,0,0,0,0,0,0,0,0,0,2,1,1
FOARD COUNTY,155,76 Years,12,8,4,11,7,4,0,0,0,0,0,0,0,0,0,1,1,0
FOARD COUNTY,155,77 Years,14,8,6,11,7,4,0,0,0,0,0,0,0,0,0,3,1,2
FOARD COUNTY,155,78 Years,13,8,5,12,7,5,0,0,0,0,0,0,0,0,0,1,1,0
FOARD COUNTY,155,79 Years,16,7,9,14,7,7,2,0,2,0,0,0,0,0,0,0,0,0
FOARD COUNTY,155,80 Years,11,3,8,9,3,6,1,0,1,0,0,0,0,0,0,1,0,1
FOARD COUNTY,155,81 Years,12,5,7,10,4,6,2,1,1,0,0,0,0,0,0,0,0,0
FOARD COUNTY,155,82 Years,11,5,6,10,5,5,0,0,0,0,0,0,0,0,0,1,0,1
FOARD COUNTY,155,83 Years,10,4,6,10,4,6,0,0,0,0,0,0,0,0,0,0,0,0
FOARD COUNTY,155,84 Years,8,3,5,8,3,5,0,0,0,0,0,0,0,0,0,0,0,0
FOARD COUNTY,155,85 Years,10,6,4,9,5,4,0,0,0,0,0,0,0,0,0,1,1,0
FOARD COUNTY,155,86 Years,9,3,6,8,2,6,0,0,0,0,0,0,0,0,0,1,1,0
FOARD COUNTY,155,87 Years,6,3,3,5,2,3,0,0,0,0,0,0,0,0,0,1,1,0
FOARD COUNTY,155,88 Years,5,2,3,4,1,3,0,0,0,0,0,0,0,0,0,1,1,0
FOARD COUNTY,155,89 Years,5,2,3,5,2,3,0,0,0,0,0,0,0,0,0,0,0,0
FOARD COUNTY,155,90 Years,5,1,4,5,1,4,0,0,0,0,0,0,0,0,0,0,0,0
FOARD COUNTY,155,91 Years,5,1,4,5,1,4,0,0,0,0,0,0,0,0,0,0,0,0
FOARD COUNTY,155,92 Years,4,2,2,4,2,2,0,0,0,0,0,0,0,0,0,0,0,0
FOARD COUNTY,155,93 Years,5,1,4,4,1,3,1,0,1,0,0,0,0,0,0,0,0,0
FOARD COUNTY,155,94 Years,3,1,2,3,1,2,0,0,0,0,0,0,0,0,0,0,0,0
FOARD COUNTY,155,95 Years +,10,3,7,9,3,6,1,0,1,0,0,0,0,0,0,0,0,0
FORT BEND COUNTY,157,All Ages,779600,382953,396647,262101,131106,130995,151890,70999,80891,156497,77292,79205,20672,10250,10422,188440,93306,95134
FORT BEND COUNTY,157,< 1 Year,9877,5018,4859,2488,1252,1236,1892,958,934,1926,977,949,631,326,305,2940,1505,1435
FORT BEND COUNTY,157,1 Years,10288,5208,5080,2590,1299,1291,1969,987,982,2038,1039,999,627,319,308,3064,1564,1500
FORT BEND COUNTY,157,2 Years,10844,5511,5333,2787,1404,1383,2105,1060,1045,2178,1127,1051,613,312,301,3161,1608,1553
FORT BEND COUNTY,157,3 Years,11115,5669,5446,2931,1481,1450,2133,1073,1060,2261,1200,1061,570,293,277,3220,1622,1598
FORT BEND COUNTY,157,4 Years,10978,5658,5320,2968,1518,1450,2018,1027,991,2287,1239,1048,523,275,248,3182,1599,1583
FORT BEND COUNTY,157,5 Years,10666,5517,5149,2921,1481,1440,1853,951,902,2267,1240,1027,486,255,231,3139,1590,1549
FORT BEND COUNTY,157,6 Years,10246,5290,4956,2827,1449,1378,1748,899,849,2134,1140,994,447,229,218,3090,1573,1517
FORT BEND COUNTY,157,7 Years,10233,5278,4955,2764,1424,1340,1748,892,856,2124,1124,1000,429,216,213,3168,1622,1546
FORT BEND COUNTY,157,8 Years,9277,4815,4462,2484,1356,1128,1602,796,806,1864,980,884,371,187,184,2956,1496,1460
FORT BEND COUNTY,157,9 Years,11147,5709,5438,3076,1618,1458,2040,1008,1032,2158,1121,1037,431,230,201,3442,1732,1710
FORT BEND COUNTY,157,10 Years,11323,5794,5529,3097,1599,1498,2130,1063,1067,2285,1175,1110,411,207,204,3400,1750,1650
FORT BEND COUNTY,157,11 Years,11606,5886,5720,3205,1644,1561,2240,1104,1136,2288,1178,1110,423,206,217,3450,1754,1696
FORT BEND COUNTY,157,12 Years,11788,6091,5697,3436,1822,1614,2283,1167,1116,2253,1153,1100,406,194,212,3410,1755,1655
FORT BEND COUNTY,157,13 Years,11914,6085,5829,3533,1864,1669,2325,1138,1187,2186,1101,1085,423,209,214,3447,1773,1674
FORT BEND COUNTY,157,14 Years,12259,6203,6056,3689,1865,1824,2469,1219,1250,2216,1126,1090,457,232,225,3428,1761,1667
FORT BEND COUNTY,157,15 Years,12363,6255,6108,3714,1838,1876,2562,1329,1233,2215,1148,1067,422,202,220,3450,1738,1712
FORT BEND COUNTY,157,16 Years,12257,6347,5910,3814,1972,1842,2560,1325,1235,2082,1122,960,415,221,194,3386,1707,1679
FORT BEND COUNTY,157,17 Years,12408,6407,6001,3925,2044,1881,2684,1357,1327,2103,1128,975,428,223,205,3268,1655,1613
FORT BEND COUNTY,157,18 Years,11899,6208,5691,3882,2106,1776,2627,1352,1275,1859,949,910,412,208,204,3119,1593,1526
FORT BEND COUNTY,157,19 Years,10773,5537,5236,3371,1795,1576,2469,1276,1193,1627,806,821,391,188,203,2915,1472,1443
FORT BEND COUNTY,157,20 Years,10578,5454,5124,3245,1721,1524,2535,1286,1249,1639,838,801,385,179,206,2774,1430,1344
FORT BEND COUNTY,157,21 Years,10579,5502,5077,3333,1781,1552,2546,1323,1223,1700,867,833,347,168,179,2653,1363,1290
FORT BEND COUNTY,157,22 Years,10782,5581,5201,3395,1801,1594,2614,1344,1270,1765,911,854,341,172,169,2667,1353,1314
FORT BEND COUNTY,157,23 Years,11025,5598,5427,3406,1774,1632,2655,1324,1331,1902,944,958,355,180,175,2707,1376,1331
FORT BEND COUNTY,157,24 Years,11360,5717,5643,3517,1800,1717,2681,1366,1315,2009,995,1014,348,170,178,2805,1386,1419
FORT BEND COUNTY,157,25 Years,11645,5987,5658,3494,1838,1656,2813,1477,1336,2131,1085,1046,353,178,175,2854,1409,1445
FORT BEND COUNTY,157,26 Years,11018,5690,5328,3179,1676,1503,2656,1381,1275,2059,1051,1008,318,161,157,2806,1421,1385
FORT BEND COUNTY,157,27 Years,9848,5024,4824,2430,1269,1161,2345,1237,1108,2013,970,1043,253,126,127,2807,1422,1385
FORT BEND COUNTY,157,28 Years,9421,4698,4723,2095,1094,1001,2108,1085,1023,2204,1008,1196,214,121,93,2800,1390,1410
FORT BEND COUNTY,157,29 Years,9169,4623,4546,2120,1104,1016,1926,984,942,2220,1067,1153,188,103,85,2715,1365,1350
FORT BEND COUNTY,157,30 Years,9044,4426,4618,2230,1121,1109,1735,814,921,2276,1041,1235,178,91,87,2625,1359,1266
FORT BEND COUNTY,157,31 Years,9323,4625,4698,2411,1195,1216,1672,809,863,2322,1136,1186,206,99,107,2712,1386,1326
FORT BEND COUNTY,157,32 Years,9583,4744,4839,2493,1265,1228,1647,791,856,2463,1161,1302,186,90,96,2794,1437,1357
FORT BEND COUNTY,157,33 Years,10115,4978,5137,2695,1338,1357,1652,781,871,2780,1378,1402,158,81,77,2830,1400,1430
FORT BEND COUNTY,157,34 Years,9874,4738,5136,2565,1251,1314,1602,741,861,2777,1322,1455,181,84,97,2749,1340,1409
FORT BEND COUNTY,157,35 Years,10219,4908,5311,2728,1335,1393,1621,757,864,2742,1297,1445,176,79,97,2952,1440,1512
FORT BEND COUNTY,157,36 Years,10311,5048,5263,2796,1364,1432,1647,759,888,2707,1337,1370,186,82,104,2975,1506,1469
FORT BEND COUNTY,157,37 Years,10395,5038,5357,2887,1415,1472,1725,786,939,2560,1269,1291,215,93,122,3008,1475,1533
FORT BEND COUNTY,157,38 Years,10581,5049,5532,2962,1440,1522,1899,840,1059,2596,1241,1355,203,90,113,2921,1438,1483
FORT BEND COUNTY,157,39 Years,10301,4888,5413,2938,1431,1507,1839,783,1056,2485,1177,1308,210,90,120,2829,1407,1422
FORT BEND COUNTY,157,40 Years,10321,4942,5379,2942,1436,1506,1820,782,1038,2459,1180,1279,219,98,121,2881,1446,1435
FORT BEND COUNTY,157,41 Years,10371,4866,5505,2968,1446,1522,1909,827,1082,2434,1138,1296,191,75,116,2869,1380,1489
FORT BEND COUNTY,157,42 Years,10370,4892,5478,2921,1430,1491,1931,820,1111,2436,1149,1287,206,99,107,2876,1394,1482
FORT BEND COUNTY,157,43 Years,10863,5123,5740,3161,1523,1638,2030,865,1165,2508,1162,1346,232,121,111,2932,1452,1480
FORT BEND COUNTY,157,44 Years,10827,5122,5705,3153,1562,1591,2161,915,1246,2547,1193,1354,232,117,115,2734,1335,1399
FORT BEND COUNTY,157,45 Years,11167,5323,5844,3289,1619,1670,2290,979,1311,2612,1279,1333,218,101,117,2758,1345,1413
FORT BEND COUNTY,157,46 Years,11498,5411,6087,3605,1743,1862,2373,1014,1359,2551,1212,1339,213,107,106,2756,1335,1421
FORT BEND COUNTY,157,47 Years,11814,5640,6174,3927,1932,1995,2481,1071,1410,2484,1184,1300,218,118,100,2704,1335,1369
FORT BEND COUNTY,157,48 Years,11613,5501,6112,4032,1960,2072,2351,995,1356,2354,1119,1235,213,112,101,2663,1315,1348
FORT BEND COUNTY,157,49 Years,11000,5218,5782,3824,1839,1985,2234,970,1264,2258,1073,1185,212,105,107,2472,1231,1241
FORT BEND COUNTY,157,50 Years,10514,5042,5472,3722,1871,1851,2181,956,1225,2078,989,1089,179,76,103,2354,1150,1204
FORT BEND COUNTY,157,51 Years,10370,5047,5323,3773,1905,1868,2115,936,1179,2069,1015,1054,173,80,93,2240,1111,1129
FORT BEND COUNTY,157,52 Years,10378,5038,5340,3730,1848,1882,2114,944,1170,2097,1042,1055,178,86,92,2259,1118,1141
FORT BEND COUNTY,157,53 Years,10358,5016,5342,3922,1961,1961,2122,923,1199,1933,959,974,195,93,102,2186,1080,1106
FORT BEND COUNTY,157,54 Years,10341,4856,5485,3962,1892,2070,2133,889,1244,1968,980,988,193,94,99,2085,1001,1084
FORT BEND COUNTY,157,55 Years,10468,5001,5467,4164,2066,2098,2115,909,1206,2008,980,1028,193,98,95,1988,948,1040
FORT BEND COUNTY,157,56 Years,10172,4870,5302,4294,2111,2183,2022,882,1140,1779,868,911,205,97,108,1872,912,960
FORT BEND COUNTY,157,57 Years,10197,4775,5422,4374,2089,2285,2067,918,1149,1793,836,957,196,86,110,1767,846,921
FORT BEND COUNTY,157,58 Years,10510,5049,5461,4687,2317,2370,2094,949,1145,1812,832,980,183,92,91,1734,859,875
FORT BEND COUNTY,157,59 Years,10434,4976,5458,4880,2388,2492,2012,885,1127,1715,794,921,169,88,81,1658,821,837
FORT BEND COUNTY,157,60 Years,10292,4936,5356,4887,2449,2438,1987,852,1135,1659,780,879,165,90,75,1594,765,829
FORT BEND COUNTY,157,61 Years,10039,4850,5189,4822,2446,2376,1920,830,1090,1622,771,851,168,82,86,1507,721,786
FORT BEND COUNTY,157,62 Years,9683,4752,4931,4508,2303,2205,1852,824,1028,1685,818,867,182,94,88,1456,713,743
FORT BEND COUNTY,157,63 Years,9241,4420,4821,4262,2113,2149,1851,815,1036,1612,784,828,170,84,86,1346,624,722
FORT BEND COUNTY,157,64 Years,8519,4068,4451,3962,1984,1978,1672,697,975,1506,763,743,143,73,70,1236,551,685
FORT BEND COUNTY,157,65 Years,8225,3921,4304,3807,1882,1925,1569,653,916,1560,791,769,140,68,72,1149,527,622
FORT BEND COUNTY,157,66 Years,7846,3705,4141,3702,1878,1824,1495,576,919,1400,671,729,146,65,81,1103,515,588
FORT BEND COUNTY,157,67 Years,7233,3431,3802,3368,1685,1683,1354,567,787,1395,661,734,129,57,72,987,461,526
FORT BEND COUNTY,157,68 Years,6949,3339,3610,3197,1596,1601,1295,566,729,1369,674,695,124,53,71,964,450,514
FORT BEND COUNTY,157,69 Years,6406,3072,3334,2967,1485,1482,1233,519,714,1212,598,614,122,62,60,872,408,464
FORT BEND COUNTY,157,70 Years,6083,2898,3185,2954,1473,1481,1096,470,626,1084,531,553,116,62,54,833,362,471
FORT BEND COUNTY,157,71 Years,5802,2785,3017,2961,1484,1477,943,391,552,999,503,496,118,62,56,781,345,436
FORT BEND COUNTY,157,72 Years,4637,2223,2414,2225,1104,1121,742,322,420,894,445,449,80,43,37,696,309,387
FORT BEND COUNTY,157,73 Years,4107,1929,2178,1979,957,1022,646,273,373,809,393,416,80,43,37,593,263,330
FORT BEND COUNTY,157,74 Years,3821,1788,2033,1918,947,971,598,229,369,715,358,357,65,34,31,525,220,305
FORT BEND COUNTY,157,75 Years,3462,1653,1809,1777,877,900,505,206,299,644,345,299,55,26,29,481,199,282
FORT BEND COUNTY,157,76 Years,2974,1420,1554,1512,733,779,416,173,243,577,299,278,60,26,34,409,189,220
FORT BEND COUNTY,157,77 Years,2707,1230,1477,1330,629,701,388,155,233,548,257,291,46,17,29,395,172,223
FORT BEND COUNTY,157,78 Years,2485,1150,1335,1223,578,645,334,136,198,512,257,255,47,21,26,369,158,211
FORT BEND COUNTY,157,79 Years,2221,1009,1212,1131,529,602,300,122,178,441,223,218,34,14,20,315,121,194
FORT BEND COUNTY,157,80 Years,2010,879,1131,1028,465,563,267,93,174,395,197,198,26,8,18,294,116,178
FORT BEND COUNTY,157,81 Years,1761,759,1002,887,414,473,228,74,154,362,168,194,19,7,12,265,96,169
FORT BEND COUNTY,157,82 Years,1640,677,963,836,371,465,203,70,133,335,145,190,15,7,8,251,84,167
FORT BEND COUNTY,157,83 Years,1437,614,823,733,318,415,170,64,106,293,138,155,17,6,11,224,88,136
FORT BEND COUNTY,157,84 Years,1207,509,698,630,263,367,154,54,100,219,115,104,14,7,7,190,70,120
FORT BEND COUNTY,157,85 Years,1126,448,678,598,242,356,143,41,102,193,94,99,13,7,6,179,64,115
FORT BEND COUNTY,157,86 Years,985,394,591,539,218,321,105,31,74,158,77,81,10,6,4,173,62,111
FORT BEND COUNTY,157,87 Years,864,327,537,465,184,281,84,21,63,147,67,80,7,3,4,161,52,109
FORT BEND COUNTY,157,88 Years,776,278,498,417,149,268,73,20,53,127,53,74,5,2,3,154,54,100
FORT BEND COUNTY,157,89 Years,658,232,426,364,126,238,76,23,53,97,43,54,4,1,3,117,39,78
FORT BEND COUNTY,157,90 Years,539,194,345,300,113,187,61,13,48,81,34,47,5,3,2,92,31,61
FORT BEND COUNTY,157,91 Years,442,144,298,244,85,159,46,11,35,66,25,41,4,2,2,82,21,61
FORT BEND COUNTY,157,92 Years,358,112,246,211,68,143,34,7,27,48,17,31,1,1,0,64,19,45
FORT BEND COUNTY,157,93 Years,298,90,208,181,55,126,29,5,24,40,14,26,2,1,1,46,15,31
FORT BEND COUNTY,157,94 Years,222,66,156,131,42,89,24,5,19,25,8,17,1,0,1,41,11,30
FORT BEND COUNTY,157,95 Years +,527,141,386,294,79,215,67,13,54,72,23,49,4,1,3,90,25,65
FRANKLIN COUNTY,159,All Ages,10785,5397,5388,8390,4174,4216,456,228,228,68,22,46,249,118,131,1622,855,767
FRANKLIN COUNTY,159,< 1 Year,149,84,65,96,60,36,6,4,2,0,0,0,4,3,1,43,17,26
FRANKLIN COUNTY,159,1 Years,156,85,71,98,57,41,9,7,2,0,0,0,5,3,2,44,18,26
FRANKLIN COUNTY,159,2 Years,146,83,63,97,57,40,5,2,3,0,0,0,5,2,3,39,22,17
FRANKLIN COUNTY,159,3 Years,145,83,62,93,52,41,7,4,3,0,0,0,8,4,4,37,23,14
FRANKLIN COUNTY,159,4 Years,153,83,70,96,52,44,10,6,4,2,1,1,8,4,4,37,20,17
FRANKLIN COUNTY,159,5 Years,143,72,71,87,44,43,9,5,4,3,2,1,6,3,3,38,18,20
FRANKLIN COUNTY,159,6 Years,154,76,78,96,45,51,8,5,3,3,2,1,7,2,5,40,22,18
FRANKLIN COUNTY,159,7 Years,150,73,77,96,45,51,5,3,2,4,1,3,6,2,4,39,22,17
FRANKLIN COUNTY,159,8 Years,197,97,100,130,60,70,8,4,4,1,1,0,8,7,1,50,25,25
FRANKLIN COUNTY,159,9 Years,143,76,67,99,55,44,3,2,1,1,1,0,3,2,1,37,16,21
FRANKLIN COUNTY,159,10 Years,142,78,64,92,53,39,5,1,4,1,1,0,5,2,3,39,21,18
FRANKLIN COUNTY,159,11 Years,162,82,80,110,52,58,8,4,4,0,0,0,5,2,3,39,24,15
FRANKLIN COUNTY,159,12 Years,142,68,74,104,48,56,6,2,4,0,0,0,4,1,3,28,17,11
FRANKLIN COUNTY,159,13 Years,166,82,84,118,60,58,7,3,4,1,0,1,6,2,4,34,17,17
FRANKLIN COUNTY,159,14 Years,166,97,69,110,68,42,8,4,4,4,1,3,7,4,3,37,20,17
FRANKLIN COUNTY,159,15 Years,119,66,53,78,47,31,8,5,3,1,0,1,3,1,2,29,13,16
FRANKLIN COUNTY,159,16 Years,144,75,69,102,54,48,8,6,2,2,0,2,3,1,2,29,14,15
FRANKLIN COUNTY,159,17 Years,132,70,62,89,47,42,11,5,6,3,0,3,3,2,1,26,16,10
FRANKLIN COUNTY,159,18 Years,123,58,65,77,40,37,14,6,8,2,0,2,3,2,1,27,10,17
FRANKLIN COUNTY,159,19 Years,103,45,58,66,32,34,6,3,3,2,0,2,2,2,0,27,8,19
FRANKLIN COUNTY,159,20 Years,92,43,49,61,32,29,5,2,3,2,1,1,2,0,2,22,8,14
FRANKLIN COUNTY,159,21 Years,96,49,47,65,33,32,4,1,3,1,1,0,5,3,2,21,11,10
FRANKLIN COUNTY,159,22 Years,96,49,47,70,35,35,4,3,1,0,0,0,2,1,1,20,10,10
FRANKLIN COUNTY,159,23 Years,103,48,55,73,33,40,7,3,4,1,1,0,4,2,2,18,9,9
FRANKLIN COUNTY,159,24 Years,108,53,55,78,40,38,6,2,4,0,0,0,3,1,2,21,10,11
FRANKLIN COUNTY,159,25 Years,120,59,61,85,41,44,6,2,4,0,0,0,4,2,2,25,14,11
FRANKLIN COUNTY,159,26 Years,126,62,64,91,41,50,7,6,1,0,0,0,5,3,2,23,12,11
FRANKLIN COUNTY,159,27 Years,127,63,64,90,42,48,9,7,2,0,0,0,4,2,2,24,12,12
FRANKLIN COUNTY,159,28 Years,140,72,68,101,48,53,7,5,2,0,0,0,4,2,2,28,17,11
FRANKLIN COUNTY,159,29 Years,136,65,71,108,52,56,3,1,2,0,0,0,4,1,3,21,11,10
FRANKLIN COUNTY,159,30 Years,143,69,74,111,51,60,4,1,3,1,0,1,3,2,1,24,15,9
FRANKLIN COUNTY,159,31 Years,136,66,70,101,50,51,3,1,2,0,0,0,1,1,0,31,14,17
FRANKLIN COUNTY,159,32 Years,133,63,70,101,47,54,3,2,1,0,0,0,2,1,1,27,13,14
FRANKLIN COUNTY,159,33 Years,124,61,63,96,47,49,3,0,3,0,0,0,2,2,0,23,12,11
FRANKLIN COUNTY,159,34 Years,112,56,56,90,44,46,6,2,4,0,0,0,0,0,0,16,10,6
FRANKLIN COUNTY,159,35 Years,112,58,54,87,42,45,9,6,3,0,0,0,1,0,1,15,10,5
FRANKLIN COUNTY,159,36 Years,118,60,58,90,46,44,5,2,3,0,0,0,1,0,1,22,12,10
FRANKLIN COUNTY,159,37 Years,110,59,51,91,46,45,1,0,1,1,0,1,0,0,0,17,13,4
FRANKLIN COUNTY,159,38 Years,129,64,65,103,48,55,7,3,4,1,0,1,2,1,1,16,12,4
FRANKLIN COUNTY,159,39 Years,111,57,54,84,44,40,7,4,3,0,0,0,4,0,4,16,9,7
FRANKLIN COUNTY,159,40 Years,112,65,47,82,46,36,6,5,1,0,0,0,2,1,1,22,13,9
FRANKLIN COUNTY,159,41 Years,104,46,58,75,33,42,7,3,4,2,0,2,2,2,0,18,8,10
FRANKLIN COUNTY,159,42 Years,101,53,48,78,40,38,7,4,3,1,0,1,0,0,0,15,9,6
FRANKLIN COUNTY,159,43 Years,109,47,62,87,38,49,4,2,2,0,0,0,3,1,2,15,6,9
FRANKLIN COUNTY,159,44 Years,98,47,51,78,39,39,3,1,2,1,0,1,0,0,0,16,7,9
FRANKLIN COUNTY,159,45 Years,116,59,57,92,45,47,3,1,2,1,0,1,4,2,2,16,11,5
FRANKLIN COUNTY,159,46 Years,115,60,55,90,48,42,4,1,3,0,0,0,2,1,1,19,10,9
FRANKLIN COUNTY,159,47 Years,126,64,62,98,50,48,4,2,2,2,1,1,2,1,1,20,10,10
FRANKLIN COUNTY,159,48 Years,119,68,51,91,51,40,7,4,3,2,1,1,2,2,0,17,10,7
FRANKLIN COUNTY,159,49 Years,136,77,59,114,65,49,7,4,3,0,0,0,5,3,2,10,5,5
FRANKLIN COUNTY,159,50 Years,120,69,51,96,55,41,4,2,2,2,1,1,1,1,0,17,10,7
FRANKLIN COUNTY,159,51 Years,116,59,57,87,46,41,6,2,4,0,0,0,2,0,2,21,11,10
FRANKLIN COUNTY,159,52 Years,130,64,66,105,53,52,5,1,4,1,1,0,2,2,0,17,7,10
FRANKLIN COUNTY,159,53 Years,149,73,76,124,64,60,4,1,3,2,0,2,1,0,1,18,8,10
FRANKLIN COUNTY,159,54 Years,157,73,84,130,57,73,5,4,1,2,2,0,3,0,3,17,10,7
FRANKLIN COUNTY,159,55 Years,166,93,73,142,77,65,5,4,1,1,1,0,2,1,1,16,10,6
FRANKLIN COUNTY,159,56 Years,153,81,72,128,65,63,4,2,2,2,1,1,3,2,1,16,11,5
FRANKLIN COUNTY,159,57 Years,151,77,74,130,64,66,5,3,2,1,0,1,1,1,0,14,9,5
FRANKLIN COUNTY,159,58 Years,150,72,78,126,60,66,6,3,3,0,0,0,5,2,3,13,7,6
FRANKLIN COUNTY,159,59 Years,160,77,83,135,63,72,6,3,3,0,0,0,3,2,1,16,9,7
FRANKLIN COUNTY,159,60 Years,148,73,75,130,62,68,4,2,2,1,0,1,2,2,0,11,7,4
FRANKLIN COUNTY,159,61 Years,152,74,78,129,61,68,6,2,4,1,0,1,3,2,1,13,9,4
FRANKLIN COUNTY,159,62 Years,144,73,71,127,65,62,7,2,5,0,0,0,1,0,1,9,6,3
FRANKLIN COUNTY,159,63 Years,135,73,62,115,61,54,10,6,4,1,0,1,1,0,1,8,6,2
FRANKLIN COUNTY,159,64 Years,126,62,64,114,57,57,2,2,0,1,0,1,1,0,1,8,3,5
FRANKLIN COUNTY,159,65 Years,133,63,70,118,57,61,4,2,2,0,0,0,4,1,3,7,3,4
FRANKLIN COUNTY,159,66 Years,153,62,91,133,57,76,5,2,3,0,0,0,3,1,2,12,2,10
FRANKLIN COUNTY,159,67 Years,135,64,71,117,58,59,4,1,3,1,0,1,2,1,1,11,4,7
FRANKLIN COUNTY,159,68 Years,127,68,59,112,60,52,4,3,1,0,0,0,4,1,3,7,4,3
FRANKLIN COUNTY,159,69 Years,138,73,65,126,66,60,3,2,1,0,0,0,3,1,2,6,4,2
FRANKLIN COUNTY,159,70 Years,132,59,73,123,57,66,3,1,2,0,0,0,4,0,4,2,1,1
FRANKLIN COUNTY,159,71 Years,128,52,76,118,45,73,0,0,0,0,0,0,3,0,3,7,7,0
FRANKLIN COUNTY,159,72 Years,115,50,65,103,41,62,2,1,1,1,1,0,2,1,1,7,6,1
FRANKLIN COUNTY,159,73 Years,87,42,45,81,38,43,2,1,1,0,0,0,1,1,0,3,2,1
FRANKLIN COUNTY,159,74 Years,102,46,56,90,42,48,4,2,2,2,0,2,2,1,1,4,1,3
FRANKLIN COUNTY,159,75 Years,99,44,55,93,42,51,3,1,2,1,0,1,1,1,0,1,0,1
FRANKLIN COUNTY,159,76 Years,87,40,47,84,38,46,1,0,1,0,0,0,1,1,0,1,1,0
FRANKLIN COUNTY,159,77 Years,79,44,35,71,38,33,2,1,1,0,0,0,2,1,1,4,4,0
FRANKLIN COUNTY,159,78 Years,71,40,31,64,36,28,1,1,0,0,0,0,3,2,1,3,1,2
FRANKLIN COUNTY,159,79 Years,74,37,37,70,35,35,2,1,1,0,0,0,1,1,0,1,0,1
FRANKLIN COUNTY,159,80 Years,81,37,44,74,34,40,5,2,3,0,0,0,2,1,1,0,0,0
FRANKLIN COUNTY,159,81 Years,67,30,37,59,28,31,5,2,3,1,0,1,0,0,0,2,0,2
FRANKLIN COUNTY,159,82 Years,54,23,31,46,20,26,3,1,2,1,0,1,0,0,0,4,2,2
FRANKLIN COUNTY,159,83 Years,48,24,24,45,22,23,1,1,0,0,0,0,0,0,0,2,1,1
FRANKLIN COUNTY,159,84 Years,43,21,22,43,21,22,0,0,0,0,0,0,0,0,0,0,0,0
FRANKLIN COUNTY,159,85 Years,35,13,22,33,13,20,1,0,1,0,0,0,0,0,0,1,0,1
FRANKLIN COUNTY,159,86 Years,30,14,16,30,14,16,0,0,0,0,0,0,0,0,0,0,0,0
FRANKLIN COUNTY,159,87 Years,35,17,18,29,14,15,2,1,1,0,0,0,2,0,2,2,2,0
FRANKLIN COUNTY,159,88 Years,25,10,15,23,9,14,0,0,0,0,0,0,1,0,1,1,1,0
FRANKLIN COUNTY,159,89 Years,22,9,13,20,8,12,1,1,0,0,0,0,0,0,0,1,0,1
FRANKLIN COUNTY,159,90 Years,19,6,13,17,6,11,2,0,2,0,0,0,0,0,0,0,0,0
FRANKLIN COUNTY,159,91 Years,16,6,10,15,6,9,1,0,1,0,0,0,0,0,0,0,0,0
FRANKLIN COUNTY,159,92 Years,13,4,9,11,4,7,1,0,1,0,0,0,0,0,0,1,0,1
FRANKLIN COUNTY,159,93 Years,9,3,6,8,3,5,1,0,1,0,0,0,0,0,0,0,0,0
FRANKLIN COUNTY,159,94 Years,7,2,5,6,2,4,1,0,1,0,0,0,0,0,0,0,0,0
FRANKLIN COUNTY,159,95 Years +,21,6,15,15,5,10,4,1,3,0,0,0,1,0,1,1,0,1
FREESTONE COUNTY,161,All Ages,20429,10629,9800,13521,6793,6728,3272,1762,1510,61,27,34,296,167,129,3279,1880,1399
FREESTONE COUNTY,161,< 1 Year,250,122,128,136,63,73,49,23,26,1,1,0,7,5,2,57,30,27
FREESTONE COUNTY,161,1 Years,248,120,128,132,63,69,48,23,25,1,1,0,6,3,3,61,30,31
FREESTONE COUNTY,161,2 Years,240,120,120,124,65,59,48,23,25,1,1,0,5,3,2,62,28,34
FREESTONE COUNTY,161,3 Years,243,120,123,123,66,57,50,22,28,1,0,1,5,3,2,64,29,35
FREESTONE COUNTY,161,4 Years,244,126,118,125,70,55,51,23,28,0,0,0,6,3,3,62,30,32
FREESTONE COUNTY,161,5 Years,249,127,122,128,69,59,52,22,30,1,0,1,5,3,2,63,33,30
FREESTONE COUNTY,161,6 Years,263,137,126,136,74,62,52,23,29,1,1,0,5,4,1,69,35,34
FREESTONE COUNTY,161,7 Years,261,129,132,138,72,66,52,21,31,1,1,0,4,3,1,66,32,34
FREESTONE COUNTY,161,8 Years,267,124,143,148,70,78,48,21,27,1,1,0,5,0,5,65,32,33
FREESTONE COUNTY,161,9 Years,242,128,114,132,72,60,40,19,21,0,0,0,5,2,3,65,35,30
FREESTONE COUNTY,161,10 Years,267,157,110,166,101,65,37,23,14,0,0,0,8,4,4,56,29,27
FREESTONE COUNTY,161,11 Years,269,149,120,159,93,66,50,29,21,2,0,2,7,4,3,51,23,28
FREESTONE COUNTY,161,12 Years,248,131,117,136,74,62,44,24,20,1,0,1,8,6,2,59,27,32
FREESTONE COUNTY,161,13 Years,245,119,126,139,64,75,31,15,16,0,0,0,8,4,4,67,36,31
FREESTONE COUNTY,161,14 Years,247,106,141,141,67,74,37,11,26,0,0,0,4,2,2,65,26,39
FREESTONE COUNTY,161,15 Years,252,119,133,150,75,75,35,15,20,0,0,0,6,4,2,61,25,36
FREESTONE COUNTY,161,16 Years,278,145,133,167,85,82,44,28,16,1,1,0,8,5,3,58,26,32
FREESTONE COUNTY,161,17 Years,272,143,129,158,82,76,42,24,18,1,1,0,6,5,1,65,31,34
FREESTONE COUNTY,161,18 Years,245,125,120,142,72,70,41,21,20,0,0,0,5,4,1,57,28,29
FREESTONE COUNTY,161,19 Years,203,110,93,118,62,56,30,16,14,0,0,0,3,1,2,52,31,21
FREESTONE COUNTY,161,20 Years,175,91,84,102,51,51,28,16,12,2,0,2,5,3,2,38,21,17
FREESTONE COUNTY,161,21 Years,176,89,87,104,55,49,29,16,13,0,0,0,4,2,2,39,16,23
FREESTONE COUNTY,161,22 Years,192,100,92,105,55,50,27,14,13,0,0,0,6,4,2,54,27,27
FREESTONE COUNTY,161,23 Years,206,105,101,130,62,68,29,16,13,1,1,0,3,2,1,43,24,19
FREESTONE COUNTY,161,24 Years,233,116,117,151,74,77,32,13,19,1,0,1,2,0,2,47,29,18
FREESTONE COUNTY,161,25 Years,246,138,108,150,82,68,38,19,19,1,0,1,2,0,2,55,37,18
FREESTONE COUNTY,161,26 Years,256,137,119,161,81,80,45,25,20,0,0,0,4,2,2,46,29,17
FREESTONE COUNTY,161,27 Years,233,129,104,145,76,69,34,18,16,0,0,0,6,5,1,48,30,18
FREESTONE COUNTY,161,28 Years,253,146,107,150,86,64,37,23,14,2,0,2,4,4,0,60,33,27
FREESTONE COUNTY,161,29 Years,260,163,97,159,97,62,47,31,16,1,0,1,4,1,3,49,34,15
FREESTONE COUNTY,161,30 Years,262,135,127,155,78,77,53,28,25,1,1,0,6,3,3,47,25,22
FREESTONE COUNTY,161,31 Years,257,133,124,139,65,74,60,31,29,1,1,0,4,2,2,53,34,19
FREESTONE COUNTY,161,32 Years,266,150,116,147,75,72,63,34,29,1,1,0,6,4,2,49,36,13
FREESTONE COUNTY,161,33 Years,231,130,101,140,75,65,40,25,15,2,1,1,4,2,2,45,27,18
FREESTONE COUNTY,161,34 Years,224,127,97,138,70,68,36,26,10,1,0,1,1,1,0,48,30,18
FREESTONE COUNTY,161,35 Years,236,133,103,132,67,65,45,29,16,0,0,0,1,1,0,58,36,22
FREESTONE COUNTY,161,36 Years,261,139,122,150,70,80,40,24,16,0,0,0,4,3,1,67,42,25
FREESTONE COUNTY,161,37 Years,276,157,119,175,89,86,34,22,12,0,0,0,3,2,1,64,44,20
FREESTONE COUNTY,161,38 Years,288,172,116,180,98,82,46,29,17,0,0,0,6,6,0,56,39,17
FREESTONE COUNTY,161,39 Years,275,158,117,165,90,75,52,34,18,0,0,0,1,1,0,57,33,24
FREESTONE COUNTY,161,40 Years,295,183,112,189,106,83,48,34,14,0,0,0,1,0,1,57,43,14
FREESTONE COUNTY,161,41 Years,281,177,104,193,112,81,39,28,11,0,0,0,1,1,0,48,36,12
FREESTONE COUNTY,161,42 Years,280,176,104,180,104,76,39,30,9,0,0,0,2,1,1,59,41,18
FREESTONE COUNTY,161,43 Years,261,159,102,162,88,74,48,40,8,1,1,0,3,1,2,47,29,18
FREESTONE COUNTY,161,44 Years,251,149,102,157,84,73,36,28,8,2,1,1,4,3,1,52,33,19
FREESTONE COUNTY,161,45 Years,214,135,79,140,83,57,29,21,8,2,0,2,1,1,0,42,30,12
FREESTONE COUNTY,161,46 Years,267,155,112,170,94,76,39,26,13,1,0,1,1,0,1,56,35,21
FREESTONE COUNTY,161,47 Years,281,155,126,178,88,90,52,35,17,1,0,1,2,1,1,48,31,17
FREESTONE COUNTY,161,48 Years,280,149,131,190,90,100,38,24,14,3,2,1,3,2,1,46,31,15
FREESTONE COUNTY,161,49 Years,269,151,118,181,93,88,45,29,16,1,1,0,5,4,1,37,24,13
FREESTONE COUNTY,161,50 Years,225,140,85,153,85,68,30,21,9,0,0,0,2,2,0,40,32,8
FREESTONE COUNTY,161,51 Years,226,125,101,155,78,77,39,25,14,0,0,0,1,1,0,31,21,10
FREESTONE COUNTY,161,52 Years,229,119,110,152,73,79,38,23,15,3,1,2,3,2,1,33,20,13
FREESTONE COUNTY,161,53 Years,263,134,129,183,86,97,41,23,18,1,1,0,6,3,3,32,21,11
FREESTONE COUNTY,161,54 Years,276,147,129,202,105,97,40,21,19,0,0,0,2,0,2,32,21,11
FREESTONE COUNTY,161,55 Years,258,144,114,186,97,89,43,28,15,1,0,1,2,1,1,26,18,8
FREESTONE COUNTY,161,56 Years,272,130,142,192,86,106,43,24,19,0,0,0,5,4,1,32,16,16
FREESTONE COUNTY,161,57 Years,272,130,142,200,88,112,45,26,19,0,0,0,3,3,0,24,13,11
FREESTONE COUNTY,161,58 Years,295,146,149,222,109,113,45,22,23,0,0,0,2,1,1,26,14,12
FREESTONE COUNTY,161,59 Years,289,155,134,214,110,104,49,29,20,2,2,0,3,1,2,21,13,8
FREESTONE COUNTY,161,60 Years,274,131,143,211,100,111,45,23,22,2,1,1,1,0,1,15,7,8
FREESTONE COUNTY,161,61 Years,259,132,127,198,100,98,40,21,19,1,0,1,3,2,1,17,9,8
FREESTONE COUNTY,161,62 Years,266,128,138,204,102,102,41,18,23,0,0,0,3,1,2,18,7,11
FREESTONE COUNTY,161,63 Years,286,145,141,219,113,106,42,19,23,0,0,0,4,2,2,21,11,10
FREESTONE COUNTY,161,64 Years,269,139,130,218,112,106,32,16,16,0,0,0,3,1,2,16,10,6
FREESTONE COUNTY,161,65 Years,267,130,137,223,111,112,31,11,20,1,0,1,1,0,1,11,8,3
FREESTONE COUNTY,161,66 Years,238,114,124,195,96,99,33,11,22,0,0,0,0,0,0,10,7,3
FREESTONE COUNTY,161,67 Years,218,108,110,174,85,89,32,15,17,0,0,0,0,0,0,12,8,4
FREESTONE COUNTY,161,68 Years,254,128,126,196,100,96,38,18,20,2,1,1,2,0,2,16,9,7
FREESTONE COUNTY,161,69 Years,242,106,136,197,86,111,30,14,16,2,0,2,1,0,1,12,6,6
FREESTONE COUNTY,161,70 Years,230,99,131,195,83,112,25,12,13,1,1,0,2,0,2,7,3,4
FREESTONE COUNTY,161,71 Years,243,121,122,201,99,102,27,14,13,1,0,1,3,2,1,11,6,5
FREESTONE COUNTY,161,72 Years,186,83,103,145,66,79,28,10,18,2,0,2,0,0,0,11,7,4
FREESTONE COUNTY,161,73 Years,180,78,102,141,62,79,23,7,16,0,0,0,5,2,3,11,7,4
FREESTONE COUNTY,161,74 Years,191,84,107,151,64,87,27,12,15,0,0,0,4,2,2,9,6,3
FREESTONE COUNTY,161,75 Years,189,89,100,153,68,85,27,13,14,0,0,0,3,2,1,6,6,0
FREESTONE COUNTY,161,76 Years,170,78,92,142,62,80,21,9,12,0,0,0,1,1,0,6,6,0
FREESTONE COUNTY,161,77 Years,139,68,71,116,57,59,19,9,10,0,0,0,2,1,1,2,1,1
FREESTONE COUNTY,161,78 Years,123,60,63,102,52,50,17,7,10,0,0,0,2,0,2,2,1,1
FREESTONE COUNTY,161,79 Years,119,57,62,97,49,48,16,6,10,1,1,0,1,0,1,4,1,3
FREESTONE COUNTY,161,80 Years,111,53,58,92,47,45,17,6,11,0,0,0,1,0,1,1,0,1
FREESTONE COUNTY,161,81 Years,101,50,51,83,43,40,16,6,10,0,0,0,1,1,0,1,0,1
FREESTONE COUNTY,161,82 Years,98,42,56,82,35,47,12,5,7,0,0,0,1,0,1,3,2,1
FREESTONE COUNTY,161,83 Years,91,41,50,74,32,42,12,5,7,1,1,0,1,1,0,3,2,1
FREESTONE COUNTY,161,84 Years,76,33,43,62,27,35,12,5,7,0,0,0,0,0,0,2,1,1
FREESTONE COUNTY,161,85 Years,68,23,45,55,19,36,10,4,6,0,0,0,2,0,2,1,0,1
FREESTONE COUNTY,161,86 Years,60,24,36,48,20,28,10,4,6,0,0,0,2,0,2,0,0,0
FREESTONE COUNTY,161,87 Years,64,26,38,51,21,30,8,3,5,0,0,0,2,1,1,3,1,2
FREESTONE COUNTY,161,88 Years,59,22,37,46,17,29,8,3,5,1,0,1,0,0,0,4,2,2
FREESTONE COUNTY,161,89 Years,41,13,28,31,9,22,7,3,4,1,0,1,0,0,0,2,1,1
FREESTONE COUNTY,161,90 Years,37,14,23,28,10,18,8,4,4,0,0,0,0,0,0,1,0,1
FREESTONE COUNTY,161,91 Years,37,13,24,29,9,20,8,4,4,0,0,0,0,0,0,0,0,0
FREESTONE COUNTY,161,92 Years,30,9,21,23,7,16,5,2,3,0,0,0,1,0,1,1,0,1
FREESTONE COUNTY,161,93 Years,22,7,15,17,5,12,4,2,2,0,0,0,0,0,0,1,0,1
FREESTONE COUNTY,161,94 Years,20,5,15,15,4,11,5,1,4,0,0,0,0,0,0,0,0,0
FREESTONE COUNTY,161,95 Years +,48,12,36,32,7,25,14,4,10,0,0,0,0,0,0,2,1,1
FRIO COUNTY,163,All Ages,19411,11430,7981,2854,1535,1319,537,496,41,380,353,27,162,87,75,15478,8959,6519
FRIO COUNTY,163,< 1 Year,243,122,121,25,12,13,1,1,0,0,0,0,5,3,2,212,106,106
FRIO COUNTY,163,1 Years,249,123,126,28,12,16,2,1,1,1,1,0,4,2,2,214,107,107
FRIO COUNTY,163,2 Years,246,124,122,25,12,13,0,0,0,1,1,0,3,2,1,217,109,108
FRIO COUNTY,163,3 Years,260,128,132,29,14,15,1,0,1,2,1,1,2,1,1,226,112,114
FRIO COUNTY,163,4 Years,269,135,134,32,16,16,2,1,1,2,1,1,3,1,2,230,116,114
FRIO COUNTY,163,5 Years,275,142,133,36,20,16,2,1,1,2,1,1,3,1,2,232,119,113
FRIO COUNTY,163,6 Years,260,131,129,34,18,16,0,0,0,2,1,1,4,2,2,220,110,110
FRIO COUNTY,163,7 Years,255,129,126,31,17,14,0,0,0,2,2,0,2,1,1,220,109,111
FRIO COUNTY,163,8 Years,260,135,125,29,15,14,0,0,0,0,0,0,1,1,0,230,119,111
FRIO COUNTY,163,9 Years,238,123,115,21,11,10,0,0,0,0,0,0,3,1,2,214,111,103
FRIO COUNTY,163,10 Years,256,146,110,23,12,11,0,0,0,0,0,0,2,0,2,231,134,97
FRIO COUNTY,163,11 Years,249,127,122,25,11,14,1,1,0,0,0,0,2,1,1,221,114,107
FRIO COUNTY,163,12 Years,264,136,128,22,11,11,2,0,2,0,0,0,2,1,1,238,124,114
FRIO COUNTY,163,13 Years,249,126,123,20,11,9,1,1,0,0,0,0,2,1,1,226,113,113
FRIO COUNTY,163,14 Years,223,112,111,22,8,14,1,1,0,0,0,0,1,1,0,199,102,97
FRIO COUNTY,163,15 Years,233,123,110,27,9,18,0,0,0,0,0,0,2,1,1,204,113,91
FRIO COUNTY,163,16 Years,263,127,136,29,17,12,1,0,1,1,0,1,1,1,0,231,109,122
FRIO COUNTY,163,17 Years,274,151,123,24,13,11,0,0,0,0,0,0,2,0,2,248,138,110
FRIO COUNTY,163,18 Years,338,213,125,35,21,14,9,9,0,3,3,0,3,2,1,288,178,110
FRIO COUNTY,163,19 Years,303,194,109,26,14,12,5,5,0,20,18,2,2,1,1,250,156,94
FRIO COUNTY,163,20 Years,330,239,91,21,14,7,13,12,1,10,9,1,4,3,1,282,201,81
FRIO COUNTY,163,21 Years,362,274,88,28,18,10,27,26,1,13,13,0,6,4,2,288,213,75
FRIO COUNTY,163,22 Years,349,269,80,29,22,7,27,27,0,16,16,0,4,3,1,273,201,72
FRIO COUNTY,163,23 Years,440,329,111,44,32,12,40,38,2,17,17,0,4,3,1,335,239,96
FRIO COUNTY,163,24 Years,412,295,117,40,29,11,32,31,1,9,9,0,2,1,1,329,225,104
FRIO COUNTY,163,25 Years,447,323,124,43,32,11,25,25,0,19,18,1,5,4,1,355,244,111
FRIO COUNTY,163,26 Years,445,310,135,38,24,14,26,26,0,15,15,0,3,2,1,363,243,120
FRIO COUNTY,163,27 Years,449,324,125,30,21,9,25,25,0,20,20,0,2,1,1,372,257,115
FRIO COUNTY,163,28 Years,354,264,90,17,10,7,22,21,1,23,22,1,7,4,3,285,207,78
FRIO COUNTY,163,29 Years,334,237,97,28,15,13,25,25,0,19,18,1,3,1,2,259,178,81
FRIO COUNTY,163,30 Years,342,253,89,19,10,9,30,30,0,19,19,0,1,1,0,273,193,80
FRIO COUNTY,163,31 Years,341,244,97,25,14,11,21,20,1,15,15,0,5,2,3,275,193,82
FRIO COUNTY,163,32 Years,349,251,98,28,14,14,18,18,0,23,23,0,3,2,1,277,194,83
FRIO COUNTY,163,33 Years,316,219,97,35,25,10,17,17,0,8,8,0,1,0,1,255,169,86
FRIO COUNTY,163,34 Years,342,237,105,37,23,14,25,25,0,9,8,1,3,2,1,268,179,89
FRIO COUNTY,163,35 Years,317,200,117,37,23,14,19,19,0,13,13,0,1,1,0,247,144,103
FRIO COUNTY,163,36 Years,252,156,96,25,14,11,9,9,0,7,6,1,0,0,0,211,127,84
FRIO COUNTY,163,37 Years,249,156,93,30,18,12,12,11,1,9,8,1,3,3,0,195,116,79
FRIO COUNTY,163,38 Years,262,166,96,31,16,15,6,5,1,10,9,1,1,1,0,214,135,79
FRIO COUNTY,163,39 Years,245,154,91,31,18,13,9,7,2,5,5,0,1,0,1,199,124,75
FRIO COUNTY,163,40 Years,212,134,78,24,16,8,8,6,2,6,4,2,1,0,1,173,108,65
FRIO COUNTY,163,41 Years,199,113,86,24,15,9,5,4,1,3,2,1,1,0,1,166,92,74
FRIO COUNTY,163,42 Years,203,126,77,23,14,9,2,2,0,5,4,1,2,1,1,171,105,66
FRIO COUNTY,163,43 Years,219,136,83,26,16,10,6,5,1,6,6,0,0,0,0,181,109,72
FRIO COUNTY,163,44 Years,205,114,91,24,16,8,7,5,2,6,5,1,1,0,1,167,88,79
FRIO COUNTY,163,45 Years,192,107,85,22,14,8,5,5,0,2,2,0,2,1,1,161,85,76
FRIO COUNTY,163,46 Years,193,113,80,19,13,6,3,2,1,8,8,0,2,1,1,161,89,72
FRIO COUNTY,163,47 Years,191,106,85,28,13,15,3,3,0,5,4,1,3,2,1,152,84,68
FRIO COUNTY,163,48 Years,183,107,76,33,16,17,5,5,0,3,2,1,2,1,1,140,83,57
FRIO COUNTY,163,49 Years,180,99,81,28,14,14,2,1,1,3,3,0,2,1,1,145,80,65
FRIO COUNTY,163,50 Years,178,107,71,31,18,13,5,4,1,3,3,0,1,0,1,138,82,56
FRIO COUNTY,163,51 Years,191,103,88,34,16,18,1,0,1,2,1,1,1,1,0,153,85,68
FRIO COUNTY,163,52 Years,201,92,109,27,13,14,2,0,2,2,2,0,2,1,1,168,76,92
FRIO COUNTY,163,53 Years,190,100,90,26,15,11,0,0,0,0,0,0,2,1,1,162,84,78
FRIO COUNTY,163,54 Years,215,104,111,46,19,27,0,0,0,2,2,0,4,2,2,163,81,82
FRIO COUNTY,163,55 Years,183,101,82,44,19,25,0,0,0,1,1,0,2,1,1,136,80,56
FRIO COUNTY,163,56 Years,160,83,77,42,24,18,0,0,0,0,0,0,0,0,0,118,59,59
FRIO COUNTY,163,57 Years,161,82,79,41,26,15,0,0,0,1,1,0,2,1,1,117,54,63
FRIO COUNTY,163,58 Years,177,101,76,42,27,15,0,0,0,0,0,0,3,1,2,132,73,59
FRIO COUNTY,163,59 Years,195,108,87,43,26,17,3,2,1,1,0,1,2,1,1,146,79,67
FRIO COUNTY,163,60 Years,181,93,88,40,21,19,3,1,2,1,1,0,1,0,1,136,70,66
FRIO COUNTY,163,61 Years,181,86,95,43,18,25,2,1,1,0,0,0,0,0,0,136,67,69
FRIO COUNTY,163,62 Years,167,83,84,41,19,22,2,1,1,0,0,0,2,1,1,122,62,60
FRIO COUNTY,163,63 Years,160,82,78,46,25,21,1,0,1,0,0,0,1,0,1,112,57,55
FRIO COUNTY,163,64 Years,157,83,74,47,23,24,2,2,0,0,0,0,1,0,1,107,58,49
FRIO COUNTY,163,65 Years,156,78,78,49,24,25,2,1,1,0,0,0,0,0,0,105,53,52
FRIO COUNTY,163,66 Years,149,67,82,52,26,26,0,0,0,0,0,0,1,1,0,96,40,56
FRIO COUNTY,163,67 Years,154,72,82,46,22,24,0,0,0,0,0,0,1,1,0,107,49,58
FRIO COUNTY,163,68 Years,178,98,80,52,29,23,1,1,0,0,0,0,1,1,0,124,67,57
FRIO COUNTY,163,69 Years,171,78,93,53,26,27,0,0,0,0,0,0,1,0,1,117,52,65
FRIO COUNTY,163,70 Years,150,65,85,49,22,27,1,0,1,1,1,0,0,0,0,99,42,57
FRIO COUNTY,163,71 Years,132,64,68,32,16,16,1,0,1,0,0,0,0,0,0,99,48,51
FRIO COUNTY,163,72 Years,131,58,73,37,21,16,0,0,0,0,0,0,0,0,0,94,37,57
FRIO COUNTY,163,73 Years,138,66,72,39,21,18,0,0,0,1,0,1,0,0,0,98,45,53
FRIO COUNTY,163,74 Years,134,73,61,43,22,21,1,1,0,0,0,0,1,1,0,89,49,40
FRIO COUNTY,163,75 Years,119,57,62,40,20,20,1,1,0,0,0,0,2,1,1,76,35,41
FRIO COUNTY,163,76 Years,99,47,52,29,14,15,0,0,0,1,0,1,1,0,1,68,33,35
FRIO COUNTY,163,77 Years,92,42,50,34,13,21,2,2,0,0,0,0,1,1,0,55,26,29
FRIO COUNTY,163,78 Years,87,48,39,35,18,17,1,1,0,0,0,0,0,0,0,51,29,22
FRIO COUNTY,163,79 Years,79,35,44,32,14,18,1,1,0,1,0,1,1,0,1,44,20,24
FRIO COUNTY,163,80 Years,76,35,41,32,15,17,1,1,0,0,0,0,0,0,0,43,19,24
FRIO COUNTY,163,81 Years,76,35,41,27,14,13,0,0,0,0,0,0,0,0,0,49,21,28
FRIO COUNTY,163,82 Years,67,30,37,25,13,12,0,0,0,0,0,0,0,0,0,42,17,25
FRIO COUNTY,163,83 Years,69,30,39,17,10,7,1,0,1,1,1,0,0,0,0,50,19,31
FRIO COUNTY,163,84 Years,57,22,35,17,7,10,1,0,1,0,0,0,0,0,0,39,15,24
FRIO COUNTY,163,85 Years,43,19,24,16,6,10,0,0,0,0,0,0,0,0,0,27,13,14
FRIO COUNTY,163,86 Years,37,16,21,14,5,9,0,0,0,0,0,0,0,0,0,23,11,12
FRIO COUNTY,163,87 Years,35,15,20,14,5,9,0,0,0,0,0,0,0,0,0,21,10,11
FRIO COUNTY,163,88 Years,29,10,19,10,4,6,0,0,0,0,0,0,1,1,0,18,5,13
FRIO COUNTY,163,89 Years,29,14,15,12,7,5,0,0,0,0,0,0,1,0,1,16,7,9
FRIO COUNTY,163,90 Years,22,13,9,9,5,4,0,0,0,0,0,0,1,1,0,12,7,5
FRIO COUNTY,163,91 Years,19,7,12,9,3,6,0,0,0,0,0,0,0,0,0,10,4,6
FRIO COUNTY,163,92 Years,16,6,10,7,3,4,0,0,0,0,0,0,0,0,0,9,3,6
FRIO COUNTY,163,93 Years,11,5,6,5,2,3,0,0,0,0,0,0,0,0,0,6,3,3
FRIO COUNTY,163,94 Years,10,4,6,4,1,3,0,0,0,0,0,0,0,0,0,6,3,3
FRIO COUNTY,163,95 Years +,28,11,17,11,5,6,0,0,0,0,0,0,1,0,1,16,6,10
GAINES COUNTY,165,All Ages,21004,10727,10277,11610,5835,5775,300,148,152,68,26,42,204,103,101,8822,4615,4207
GAINES COUNTY,165,< 1 Year,372,196,176,228,126,102,0,0,0,6,1,5,2,0,2,136,69,67
GAINES COUNTY,165,1 Years,378,202,176,221,121,100,5,5,0,5,2,3,1,0,1,146,74,72
GAINES COUNTY,165,2 Years,395,207,188,223,120,103,6,3,3,6,1,5,2,1,1,158,82,76
GAINES COUNTY,165,3 Years,389,196,193,214,109,105,6,3,3,2,1,1,2,1,1,165,82,83
GAINES COUNTY,165,4 Years,384,190,194,209,106,103,6,2,4,4,1,3,1,0,1,164,81,83
GAINES COUNTY,165,5 Years,360,179,181,189,100,89,8,4,4,2,0,2,1,0,1,160,75,85
GAINES COUNTY,165,6 Years,355,180,175,186,101,85,7,3,4,4,1,3,1,0,1,157,75,82
GAINES COUNTY,165,7 Years,348,183,165,180,100,80,7,3,4,2,1,1,1,0,1,158,79,79
GAINES COUNTY,165,8 Years,393,210,183,194,115,79,7,2,5,2,2,0,1,0,1,189,91,98
GAINES COUNTY,165,9 Years,428,225,203,223,118,105,10,6,4,0,0,0,2,1,1,193,100,93
GAINES COUNTY,165,10 Years,436,219,217,237,114,123,5,2,3,0,0,0,6,2,4,188,101,87
GAINES COUNTY,165,11 Years,405,197,208,229,102,127,6,3,3,0,0,0,3,0,3,167,92,75
GAINES COUNTY,165,12 Years,420,214,206,230,120,110,6,4,2,0,0,0,2,1,1,182,89,93
GAINES COUNTY,165,13 Years,413,199,214,220,109,111,3,2,1,1,0,1,4,0,4,185,88,97
GAINES COUNTY,165,14 Years,417,200,217,214,105,109,4,3,1,1,0,1,4,1,3,194,91,103
GAINES COUNTY,165,15 Years,400,201,199,205,108,97,3,2,1,1,1,0,5,1,4,186,89,97
GAINES COUNTY,165,16 Years,359,188,171,192,102,90,2,1,1,1,1,0,1,0,1,163,84,79
GAINES COUNTY,165,17 Years,361,175,186,191,96,95,5,3,2,0,0,0,0,0,0,165,76,89
GAINES COUNTY,165,18 Years,334,160,174,175,88,87,6,4,2,1,0,1,4,2,2,148,66,82
GAINES COUNTY,165,19 Years,295,146,149,152,74,78,3,2,1,2,1,1,5,4,1,133,65,68
GAINES COUNTY,165,20 Years,268,143,125,132,69,63,4,3,1,1,1,0,7,4,3,124,66,58
GAINES COUNTY,165,21 Years,257,139,118,128,66,62,4,1,3,1,1,0,6,5,1,118,66,52
GAINES COUNTY,165,22 Years,278,149,129,134,67,67,4,2,2,1,1,0,7,4,3,132,75,57
GAINES COUNTY,165,23 Years,280,149,131,135,68,67,4,2,2,1,0,1,6,4,2,134,75,59
GAINES COUNTY,165,24 Years,281,153,128,148,78,70,3,2,1,2,1,1,4,4,0,124,68,56
GAINES COUNTY,165,25 Years,310,165,145,161,83,78,7,3,4,1,1,0,8,3,5,133,75,58
GAINES COUNTY,165,26 Years,343,192,151,173,89,84,6,4,2,0,0,0,11,8,3,153,91,62
GAINES COUNTY,165,27 Years,318,180,138,166,87,79,5,4,1,0,0,0,4,3,1,143,86,57
GAINES COUNTY,165,28 Years,295,162,133,155,76,79,4,3,1,0,0,0,5,5,0,131,78,53
GAINES COUNTY,165,29 Years,318,168,150,167,80,87,2,1,1,0,0,0,5,3,2,144,84,60
GAINES COUNTY,165,30 Years,313,160,153,170,86,84,3,2,1,0,0,0,1,0,1,139,72,67
GAINES COUNTY,165,31 Years,293,162,131,157,89,68,2,1,1,0,0,0,1,0,1,133,72,61
GAINES COUNTY,165,32 Years,309,168,141,173,89,84,3,2,1,0,0,0,2,1,1,131,76,55
GAINES COUNTY,165,33 Years,294,141,153,161,82,79,4,2,2,0,0,0,2,0,2,127,57,70
GAINES COUNTY,165,34 Years,313,165,148,174,97,77,2,1,1,2,0,2,1,0,1,134,67,67
GAINES COUNTY,165,35 Years,292,150,142,160,88,72,4,2,2,0,0,0,2,0,2,126,60,66
GAINES COUNTY,165,36 Years,276,146,130,152,85,67,4,2,2,0,0,0,2,1,1,118,58,60
GAINES COUNTY,165,37 Years,294,156,138,157,86,71,3,1,2,0,0,0,3,1,2,131,68,63
GAINES COUNTY,165,38 Years,277,138,139,150,74,76,1,1,0,0,0,0,1,0,1,125,63,62
GAINES COUNTY,165,39 Years,263,129,134,145,73,72,1,1,0,0,0,0,1,0,1,116,55,61
GAINES COUNTY,165,40 Years,251,122,129,136,68,68,2,1,1,0,0,0,3,2,1,110,51,59
GAINES COUNTY,165,41 Years,254,128,126,127,61,66,3,1,2,0,0,0,0,0,0,124,66,58
GAINES COUNTY,165,42 Years,249,124,125,132,59,73,3,1,2,1,0,1,2,1,1,111,63,48
GAINES COUNTY,165,43 Years,216,103,113,121,51,70,2,0,2,0,0,0,3,2,1,90,50,40
GAINES COUNTY,165,44 Years,215,109,106,125,60,65,4,0,4,0,0,0,1,1,0,85,48,37
GAINES COUNTY,165,45 Years,197,98,99,106,50,56,2,0,2,1,1,0,1,0,1,87,47,40
GAINES COUNTY,165,46 Years,213,103,110,122,53,69,3,2,1,1,0,1,3,2,1,84,46,38
GAINES COUNTY,165,47 Years,202,90,112,119,48,71,6,1,5,1,0,1,1,1,0,75,40,35
GAINES COUNTY,165,48 Years,211,106,105,137,61,76,3,0,3,0,0,0,2,0,2,69,45,24
GAINES COUNTY,165,49 Years,202,98,104,115,53,62,2,1,1,0,0,0,1,1,0,84,43,41
GAINES COUNTY,165,50 Years,225,111,114,130,66,64,3,1,2,1,0,1,0,0,0,91,44,47
GAINES COUNTY,165,51 Years,210,106,104,119,60,59,2,1,1,1,0,1,0,0,0,88,45,43
GAINES COUNTY,165,52 Years,207,104,103,117,56,61,3,2,1,0,0,0,2,2,0,85,44,41
GAINES COUNTY,165,53 Years,235,120,115,135,68,67,6,2,4,1,1,0,4,4,0,89,45,44
GAINES COUNTY,165,54 Years,236,129,107,134,78,56,4,1,3,1,1,0,1,1,0,96,48,48
GAINES COUNTY,165,55 Years,232,118,114,134,71,63,4,0,4,1,1,0,2,1,1,91,45,46
GAINES COUNTY,165,56 Years,232,116,116,126,65,61,6,4,2,1,1,0,4,0,4,95,46,49
GAINES COUNTY,165,57 Years,225,115,110,121,54,67,5,4,1,1,0,1,3,1,2,95,56,39
GAINES COUNTY,165,58 Years,230,124,106,130,64,66,5,3,2,2,1,1,4,2,2,89,54,35
GAINES COUNTY,165,59 Years,211,122,89,120,65,55,3,2,1,1,0,1,4,2,2,83,53,30
GAINES COUNTY,165,60 Years,200,112,88,99,54,45,4,1,3,1,0,1,3,1,2,93,56,37
GAINES COUNTY,165,61 Years,182,93,89,101,49,52,4,3,1,0,0,0,5,2,3,72,39,33
GAINES COUNTY,165,62 Years,163,85,78,91,48,43,2,1,1,0,0,0,4,2,2,66,34,32
GAINES COUNTY,165,63 Years,156,82,74,89,43,46,0,0,0,0,0,0,2,2,0,65,37,28
GAINES COUNTY,165,64 Years,143,70,73,85,39,46,1,0,1,0,0,0,4,3,1,53,28,25
GAINES COUNTY,165,65 Years,152,74,78,95,43,52,2,1,1,0,0,0,2,1,1,53,29,24
GAINES COUNTY,165,66 Years,146,76,70,91,48,43,2,1,1,0,0,0,1,0,1,52,27,25
GAINES COUNTY,165,67 Years,116,54,62,73,33,40,0,0,0,0,0,0,1,0,1,42,21,21
GAINES COUNTY,165,68 Years,119,55,64,73,32,41,2,2,0,0,0,0,0,0,0,44,21,23
GAINES COUNTY,165,69 Years,128,70,58,80,42,38,1,1,0,0,0,0,1,0,1,46,27,19
GAINES COUNTY,165,70 Years,124,61,63,78,40,38,0,0,0,0,0,0,1,1,0,45,20,25
GAINES COUNTY,165,71 Years,105,56,49,65,36,29,1,1,0,1,1,0,2,2,0,36,16,20
GAINES COUNTY,165,72 Years,92,50,42,58,32,26,3,1,2,0,0,0,1,0,1,30,17,13
GAINES COUNTY,165,73 Years,102,45,57,71,30,41,1,0,1,1,1,0,0,0,0,29,14,15
GAINES COUNTY,165,74 Years,94,44,50,64,29,35,1,1,0,0,0,0,1,1,0,28,13,15
GAINES COUNTY,165,75 Years,101,53,48,69,32,37,2,1,1,0,0,0,1,1,0,29,19,10
GAINES COUNTY,165,76 Years,93,44,49,61,23,38,3,1,2,0,0,0,1,1,0,28,19,9
GAINES COUNTY,165,77 Years,61,26,35,39,14,25,2,1,1,0,0,0,1,1,0,19,10,9
GAINES COUNTY,165,78 Years,70,32,38,48,19,29,1,1,0,0,0,0,0,0,0,21,12,9
GAINES COUNTY,165,79 Years,70,32,38,54,25,29,1,0,1,0,0,0,0,0,0,15,7,8
GAINES COUNTY,165,80 Years,66,34,32,47,25,22,3,2,1,0,0,0,0,0,0,16,7,9
GAINES COUNTY,165,81 Years,70,33,37,46,19,27,3,0,3,0,0,0,0,0,0,21,14,7
GAINES COUNTY,165,82 Years,70,38,32,43,20,23,1,0,1,0,0,0,1,1,0,25,17,8
GAINES COUNTY,165,83 Years,61,33,28,38,18,20,1,1,0,0,0,0,1,0,1,21,14,7
GAINES COUNTY,165,84 Years,52,20,32,32,11,21,4,1,3,0,0,0,1,0,1,15,8,7
GAINES COUNTY,165,85 Years,44,18,26,31,11,20,3,1,2,0,0,0,0,0,0,10,6,4
GAINES COUNTY,165,86 Years,44,17,27,31,10,21,2,0,2,0,0,0,0,0,0,11,7,4
GAINES COUNTY,165,87 Years,40,18,22,29,11,18,1,0,1,0,0,0,0,0,0,10,7,3
GAINES COUNTY,165,88 Years,35,16,19,28,11,17,1,0,1,0,0,0,0,0,0,6,5,1
GAINES COUNTY,165,89 Years,31,12,19,20,6,14,0,0,0,0,0,0,1,1,0,10,5,5
GAINES COUNTY,165,90 Years,24,13,11,15,8,7,1,1,0,0,0,0,0,0,0,8,4,4
GAINES COUNTY,165,91 Years,15,9,6,9,4,5,1,1,0,0,0,0,0,0,0,5,4,1
GAINES COUNTY,165,92 Years,19,8,11,13,4,9,0,0,0,0,0,0,0,0,0,6,4,2
GAINES COUNTY,165,93 Years,14,7,7,8,4,4,0,0,0,1,0,1,0,0,0,5,3,2
GAINES COUNTY,165,94 Years,9,4,5,5,3,2,0,0,0,1,0,1,0,0,0,3,1,2
GAINES COUNTY,165,95 Years +,26,5,21,15,2,13,0,0,0,0,0,0,1,0,1,10,3,7
GALVESTON COUNTY,167,All Ages,337503,166405,171098,190711,94244,96467,43299,20385,22914,11999,5738,6261,7903,3994,3909,83591,42044,41547
GALVESTON COUNTY,167,< 1 Year,4131,2069,2062,1829,904,925,597,291,306,123,65,58,220,115,105,1362,694,668
GALVESTON COUNTY,167,1 Years,4244,2136,2108,1892,937,955,620,314,306,125,68,57,212,112,100,1395,705,690
GALVESTON COUNTY,167,2 Years,4417,2260,2157,1983,1008,975,655,334,321,123,68,55,199,105,94,1457,745,712
GALVESTON COUNTY,167,3 Years,4555,2333,2222,2098,1073,1025,667,343,324,123,68,55,186,100,86,1481,749,732
GALVESTON COUNTY,167,4 Years,4562,2333,2229,2106,1084,1022,665,337,328,125,68,57,179,98,81,1487,746,741
GALVESTON COUNTY,167,5 Years,4540,2300,2240,2105,1068,1037,654,332,322,130,68,62,183,100,83,1468,732,736
GALVESTON COUNTY,167,6 Years,4549,2316,2233,2065,1059,1006,644,328,316,138,70,68,193,101,92,1509,758,751
GALVESTON COUNTY,167,7 Years,4642,2350,2292,2089,1070,1019,644,324,320,151,73,78,194,95,99,1564,788,776
GALVESTON COUNTY,167,8 Years,4532,2277,2255,2023,1021,1002,637,311,326,143,66,77,180,93,87,1549,786,763
GALVESTON COUNTY,167,9 Years,4544,2341,2203,2045,1064,981,660,329,331,135,71,64,177,90,87,1527,787,740
GALVESTON COUNTY,167,10 Years,4680,2434,2246,2076,1073,1003,680,354,326,153,90,63,176,89,87,1595,828,767
GALVESTON COUNTY,167,11 Years,4707,2428,2279,2130,1092,1038,662,349,313,155,84,71,159,83,76,1601,820,781
GALVESTON COUNTY,167,12 Years,4598,2359,2239,2121,1085,1036,669,351,318,157,77,80,164,93,71,1487,753,734
GALVESTON COUNTY,167,13 Years,4564,2351,2213,2151,1118,1033,592,318,274,160,75,85,159,81,78,1502,759,743
GALVESTON COUNTY,167,14 Years,4705,2491,2214,2275,1196,1079,620,331,289,164,86,78,148,82,66,1498,796,702
GALVESTON COUNTY,167,15 Years,4677,2410,2267,2211,1133,1078,680,338,342,170,89,81,142,65,77,1474,785,689
GALVESTON COUNTY,167,16 Years,4537,2331,2206,2156,1109,1047,606,287,319,152,76,76,140,70,70,1483,789,694
GALVESTON COUNTY,167,17 Years,4600,2386,2214,2222,1142,1080,583,295,288,164,75,89,151,81,70,1480,793,687
GALVESTON COUNTY,167,18 Years,4387,2287,2100,2086,1115,971,592,288,304,150,76,74,141,73,68,1418,735,683
GALVESTON COUNTY,167,19 Years,4024,2111,1913,1943,1028,915,533,283,250,134,71,63,124,70,54,1290,659,631
GALVESTON COUNTY,167,20 Years,3872,2012,1860,1851,991,860,530,270,260,130,64,66,122,60,62,1239,627,612
GALVESTON COUNTY,167,21 Years,3803,1920,1883,1820,942,878,499,245,254,137,54,83,125,62,63,1222,617,605
GALVESTON COUNTY,167,22 Years,3862,1948,1914,1849,952,897,502,246,256,153,58,95,123,60,63,1235,632,603
GALVESTON COUNTY,167,23 Years,4064,1994,2070,1975,959,1016,561,280,281,159,69,90,102,51,51,1267,635,632
GALVESTON COUNTY,167,24 Years,4378,2166,2212,2176,1088,1088,614,302,312,177,84,93,102,51,51,1309,641,668
GALVESTON COUNTY,167,25 Years,4659,2275,2384,2322,1169,1153,726,342,384,197,82,115,113,52,61,1301,630,671
GALVESTON COUNTY,167,26 Years,4905,2450,2455,2519,1285,1234,731,347,384,162,68,94,121,63,58,1372,687,685
GALVESTON COUNTY,167,27 Years,5094,2567,2527,2675,1369,1306,739,344,395,165,84,81,114,60,54,1401,710,691
GALVESTON COUNTY,167,28 Years,4972,2531,2441,2644,1319,1325,709,368,341,175,93,82,103,52,51,1341,699,642
GALVESTON COUNTY,167,29 Years,4613,2317,2296,2427,1190,1237,669,342,327,163,82,81,92,49,43,1262,654,608
GALVESTON COUNTY,167,30 Years,4531,2208,2323,2394,1189,1205,626,269,357,188,85,103,92,48,44,1231,617,614
GALVESTON COUNTY,167,31 Years,4689,2261,2428,2526,1240,1286,589,243,346,225,103,122,89,41,48,1260,634,626
GALVESTON COUNTY,167,32 Years,4817,2409,2408,2640,1328,1312,587,283,304,198,90,108,88,43,45,1304,665,639
GALVESTON COUNTY,167,33 Years,4751,2413,2338,2571,1308,1263,596,304,292,199,97,102,82,38,44,1303,666,637
GALVESTON COUNTY,167,34 Years,4585,2198,2387,2501,1193,1308,592,271,321,179,84,95,67,38,29,1246,612,634
GALVESTON COUNTY,167,35 Years,4541,2203,2338,2460,1166,1294,562,277,285,175,81,94,73,35,38,1271,644,627
GALVESTON COUNTY,167,36 Years,4492,2202,2290,2484,1197,1287,545,279,266,186,81,105,87,36,51,1190,609,581
GALVESTON COUNTY,167,37 Years,4630,2237,2393,2523,1201,1322,629,298,331,179,73,106,80,37,43,1219,628,591
GALVESTON COUNTY,167,38 Years,4764,2354,2410,2586,1276,1310,654,300,354,174,73,101,90,44,46,1260,661,599
GALVESTON COUNTY,167,39 Years,4494,2232,2262,2501,1243,1258,564,258,306,163,82,81,90,37,53,1176,612,564
GALVESTON COUNTY,167,40 Years,4242,2092,2150,2365,1164,1201,518,243,275,129,57,72,80,37,43,1150,591,559
GALVESTON COUNTY,167,41 Years,4158,2066,2092,2274,1152,1122,511,232,279,152,54,98,87,50,37,1134,578,556
GALVESTON COUNTY,167,42 Years,4156,2056,2100,2257,1106,1151,503,238,265,172,78,94,89,52,37,1135,582,553
GALVESTON COUNTY,167,43 Years,4157,2076,2081,2278,1111,1167,473,237,236,188,93,95,82,43,39,1136,592,544
GALVESTON COUNTY,167,44 Years,4131,2010,2121,2291,1111,1180,475,213,262,180,86,94,81,38,43,1104,562,542
GALVESTON COUNTY,167,45 Years,4198,2074,2124,2381,1183,1198,468,213,255,198,91,107,75,35,40,1076,552,524
GALVESTON COUNTY,167,46 Years,4213,2080,2133,2373,1182,1191,458,221,237,211,96,115,92,42,50,1079,539,540
GALVESTON COUNTY,167,47 Years,4593,2248,2345,2773,1368,1405,468,216,252,206,99,107,93,42,51,1053,523,530
GALVESTON COUNTY,167,48 Years,4486,2179,2307,2746,1359,1387,447,213,234,205,95,110,79,38,41,1009,474,535
GALVESTON COUNTY,167,49 Years,4182,2079,2103,2533,1284,1249,413,206,207,202,88,114,63,26,37,971,475,496
GALVESTON COUNTY,167,50 Years,4127,2003,2124,2523,1243,1280,428,199,229,185,78,107,70,30,40,921,453,468
GALVESTON COUNTY,167,51 Years,4026,1983,2043,2437,1205,1232,462,226,236,191,89,102,43,22,21,893,441,452
GALVESTON COUNTY,167,52 Years,4208,2026,2182,2539,1238,1301,519,243,276,211,105,106,68,35,33,871,405,466
GALVESTON COUNTY,167,53 Years,4410,2129,2281,2676,1322,1354,543,231,312,202,99,103,71,27,44,918,450,468
GALVESTON COUNTY,167,54 Years,4450,2172,2278,2805,1378,1427,544,240,304,187,95,92,83,36,47,831,423,408
GALVESTON COUNTY,167,55 Years,4638,2307,2331,3015,1514,1501,529,242,287,183,87,96,71,38,33,840,426,414
GALVESTON COUNTY,167,56 Years,4693,2293,2400,3043,1484,1559,553,263,290,185,87,98,79,51,28,833,408,425
GALVESTON COUNTY,167,57 Years,4766,2345,2421,3118,1537,1581,573,268,305,177,89,88,91,48,43,807,403,404
GALVESTON COUNTY,167,58 Years,4779,2355,2424,3166,1561,1605,575,265,310,170,92,78,91,46,45,777,391,386
GALVESTON COUNTY,167,59 Years,4633,2255,2378,3100,1527,1573,577,255,322,159,84,75,76,28,48,721,361,360
GALVESTON COUNTY,167,60 Years,4502,2203,2299,3008,1479,1529,540,247,293,159,81,78,80,46,34,715,350,365
GALVESTON COUNTY,167,61 Years,4383,2171,2212,2963,1472,1491,532,252,280,152,78,74,73,33,40,663,336,327
GALVESTON COUNTY,167,62 Years,4245,2096,2149,2882,1434,1448,528,250,278,145,71,74,75,35,40,615,306,309
GALVESTON COUNTY,167,63 Years,4117,1993,2124,2818,1407,1411,511,220,291,149,64,85,64,36,28,575,266,309
GALVESTON COUNTY,167,64 Years,3973,1898,2075,2732,1351,1381,504,204,300,127,51,76,55,28,27,555,264,291
GALVESTON COUNTY,167,65 Years,3833,1868,1965,2642,1321,1321,499,203,296,114,60,54,52,26,26,526,258,268
GALVESTON COUNTY,167,66 Years,3635,1759,1876,2534,1258,1276,447,185,262,94,53,41,59,31,28,501,232,269
GALVESTON COUNTY,167,67 Years,3332,1610,1722,2291,1137,1154,417,174,243,92,49,43,47,23,24,485,227,258
GALVESTON COUNTY,167,68 Years,3225,1554,1671,2231,1106,1125,412,173,239,89,45,44,43,23,20,450,207,243
GALVESTON COUNTY,167,69 Years,3049,1437,1612,2124,1023,1101,384,163,221,87,41,46,42,21,21,412,189,223
GALVESTON COUNTY,167,70 Years,3047,1441,1606,2233,1087,1146,353,141,212,64,30,34,31,12,19,366,171,195
GALVESTON COUNTY,167,71 Years,2897,1403,1494,2135,1050,1085,306,146,160,65,33,32,37,20,17,354,154,200
GALVESTON COUNTY,167,72 Years,2329,1118,1211,1672,827,845,275,123,152,54,21,33,31,16,15,297,131,166
GALVESTON COUNTY,167,73 Years,2157,1035,1122,1521,757,764,261,101,160,53,17,36,33,19,14,289,141,148
GALVESTON COUNTY,167,74 Years,2169,1003,1166,1590,759,831,244,88,156,48,23,25,28,13,15,259,120,139
GALVESTON COUNTY,167,75 Years,2003,904,1099,1472,676,796,219,87,132,40,18,22,22,8,14,250,115,135
GALVESTON COUNTY,167,76 Years,1805,812,993,1299,594,705,201,83,118,40,16,24,24,11,13,241,108,133
GALVESTON COUNTY,167,77 Years,1623,736,887,1168,534,634,188,74,114,46,21,25,22,11,11,199,96,103
GALVESTON COUNTY,167,78 Years,1464,657,807,1055,483,572,164,60,104,41,22,19,20,9,11,184,83,101
GALVESTON COUNTY,167,79 Years,1325,594,731,962,440,522,150,59,91,34,16,18,15,9,6,164,70,94
GALVESTON COUNTY,167,80 Years,1231,547,684,887,399,488,141,51,90,42,24,18,17,9,8,144,64,80
GALVESTON COUNTY,167,81 Years,1153,490,663,829,361,468,141,45,96,31,15,16,15,7,8,137,62,75
GALVESTON COUNTY,167,82 Years,1044,434,610,753,321,432,131,41,90,29,11,18,10,5,5,121,56,65
GALVESTON COUNTY,167,83 Years,970,399,571,712,295,417,109,35,74,27,11,16,9,5,4,113,53,60
GALVESTON COUNTY,167,84 Years,852,339,513,620,247,373,96,31,65,19,8,11,10,5,5,107,48,59
GALVESTON COUNTY,167,85 Years,784,306,478,567,228,339,91,27,64,18,6,12,7,2,5,101,43,58
GALVESTON COUNTY,167,86 Years,709,270,439,531,206,325,76,22,54,14,6,8,6,2,4,82,34,48
GALVESTON COUNTY,167,87 Years,642,251,391,479,195,284,73,21,52,13,6,7,7,3,4,70,26,44
GALVESTON COUNTY,167,88 Years,580,228,352,429,173,256,64,19,45,13,6,7,5,1,4,69,29,40
GALVESTON COUNTY,167,89 Years,513,193,320,391,148,243,57,19,38,11,6,5,3,1,2,51,19,32
GALVESTON COUNTY,167,90 Years,442,166,276,328,126,202,56,16,40,9,4,5,2,1,1,47,19,28
GALVESTON COUNTY,167,91 Years,363,126,237,269,94,175,47,14,33,7,2,5,1,1,0,39,15,24
GALVESTON COUNTY,167,92 Years,304,94,210,226,71,155,41,12,29,4,1,3,3,1,2,30,9,21
GALVESTON COUNTY,167,93 Years,240,71,169,178,51,127,32,10,22,4,2,2,2,1,1,24,7,17
GALVESTON COUNTY,167,94 Years,184,56,128,137,40,97,23,6,17,5,3,2,2,1,1,17,6,11
GALVESTON COUNTY,167,95 Years +,422,115,307,300,81,219,65,14,51,8,4,4,5,2,3,44,14,30
GARZA COUNTY,169,All Ages,6398,4029,2369,2740,1540,1200,404,271,133,6,1,5,72,30,42,3176,2187,989
GARZA COUNTY,169,< 1 Year,62,33,29,28,15,13,4,1,3,0,0,0,2,1,1,28,16,12
GARZA COUNTY,169,1 Years,66,36,30,31,17,14,3,1,2,0,0,0,2,1,1,30,17,13
GARZA COUNTY,169,2 Years,70,36,34,33,18,15,3,1,2,0,0,0,2,1,1,32,16,16
GARZA COUNTY,169,3 Years,73,35,38,35,18,17,3,1,2,0,0,0,3,2,1,32,14,18
GARZA COUNTY,169,4 Years,74,34,40,35,16,19,4,3,1,0,0,0,2,1,1,33,14,19
GARZA COUNTY,169,5 Years,65,27,38,30,12,18,5,3,2,0,0,0,3,1,2,27,11,16
GARZA COUNTY,169,6 Years,66,30,36,28,14,14,4,2,2,0,0,0,3,1,2,31,13,18
GARZA COUNTY,169,7 Years,73,33,40,33,15,18,4,1,3,0,0,0,0,0,0,36,17,19
GARZA COUNTY,169,8 Years,86,39,47,37,14,23,5,1,4,0,0,0,1,0,1,43,24,19
GARZA COUNTY,169,9 Years,95,55,40,28,17,11,6,4,2,0,0,0,1,0,1,60,34,26
GARZA COUNTY,169,10 Years,71,39,32,27,15,12,4,2,2,0,0,0,1,1,0,39,21,18
GARZA COUNTY,169,11 Years,73,39,34,28,16,12,4,3,1,0,0,0,2,1,1,39,19,20
GARZA COUNTY,169,12 Years,62,27,35,29,13,16,4,4,0,0,0,0,1,1,0,28,9,19
GARZA COUNTY,169,13 Years,60,26,34,28,15,13,3,2,1,0,0,0,1,0,1,28,9,19
GARZA COUNTY,169,14 Years,64,34,30,31,16,15,3,2,1,0,0,0,1,0,1,29,16,13
GARZA COUNTY,169,15 Years,86,50,36,33,19,14,6,3,3,0,0,0,2,0,2,45,28,17
GARZA COUNTY,169,16 Years,74,41,33,27,15,12,5,2,3,0,0,0,1,1,0,41,23,18
GARZA COUNTY,169,17 Years,73,40,33,26,15,11,4,3,1,0,0,0,2,0,2,41,22,19
GARZA COUNTY,169,18 Years,124,99,25,45,33,12,9,7,2,0,0,0,1,0,1,69,59,10
GARZA COUNTY,169,19 Years,106,81,25,30,22,8,6,5,1,0,0,0,1,1,0,69,53,16
GARZA COUNTY,169,20 Years,113,82,31,35,24,11,8,7,1,0,0,0,1,0,1,69,51,18
GARZA COUNTY,169,21 Years,146,118,28,36,26,10,10,9,1,0,0,0,1,1,0,99,82,17
GARZA COUNTY,169,22 Years,175,149,26,44,34,10,10,9,1,0,0,0,3,2,1,118,104,14
GARZA COUNTY,169,23 Years,106,83,23,40,31,9,10,8,2,0,0,0,1,0,1,55,44,11
GARZA COUNTY,169,24 Years,103,73,30,39,27,12,7,5,2,0,0,0,3,1,2,54,40,14
GARZA COUNTY,169,25 Years,147,106,41,47,26,21,16,14,2,0,0,0,1,1,0,83,65,18
GARZA COUNTY,169,26 Years,187,140,47,61,42,19,17,13,4,1,0,1,1,0,1,107,85,22
GARZA COUNTY,169,27 Years,123,90,33,38,26,12,12,11,1,0,0,0,0,0,0,73,53,20
GARZA COUNTY,169,28 Years,96,64,32,31,19,12,7,5,2,0,0,0,1,0,1,57,40,17
GARZA COUNTY,169,29 Years,187,150,37,60,46,14,16,10,6,0,0,0,1,1,0,110,93,17
GARZA COUNTY,169,30 Years,153,120,33,46,31,15,11,9,2,0,0,0,1,0,1,95,80,15
GARZA COUNTY,169,31 Years,109,76,33,40,24,16,8,6,2,1,0,1,0,0,0,60,46,14
GARZA COUNTY,169,32 Years,92,56,36,30,19,11,6,3,3,0,0,0,1,0,1,55,34,21
GARZA COUNTY,169,33 Years,68,33,35,27,10,17,5,4,1,0,0,0,2,1,1,34,18,16
GARZA COUNTY,169,34 Years,121,88,33,45,30,15,10,7,3,0,0,0,0,0,0,66,51,15
GARZA COUNTY,169,35 Years,56,32,24,26,13,13,3,2,1,0,0,0,0,0,0,27,17,10
GARZA COUNTY,169,36 Years,43,24,19,16,10,6,0,0,0,0,0,0,1,0,1,26,14,12
GARZA COUNTY,169,37 Years,55,35,20,24,14,10,4,3,1,0,0,0,1,0,1,26,18,8
GARZA COUNTY,169,38 Years,95,75,20,30,19,11,11,10,1,0,0,0,0,0,0,54,46,8
GARZA COUNTY,169,39 Years,69,47,22,23,12,11,8,7,1,0,0,0,0,0,0,38,28,10
GARZA COUNTY,169,40 Years,65,44,21,22,10,12,7,6,1,0,0,0,0,0,0,36,28,8
GARZA COUNTY,169,41 Years,40,21,19,16,7,9,3,2,1,0,0,0,0,0,0,21,12,9
GARZA COUNTY,169,42 Years,55,27,28,26,10,16,7,4,3,0,0,0,0,0,0,22,13,9
GARZA COUNTY,169,43 Years,104,72,32,35,19,16,10,6,4,0,0,0,0,0,0,59,47,12
GARZA COUNTY,169,44 Years,54,29,25,27,14,13,2,0,2,0,0,0,1,1,0,24,14,10
GARZA COUNTY,169,45 Years,107,81,26,32,18,14,6,6,0,0,0,0,0,0,0,69,57,12
GARZA COUNTY,169,46 Years,125,99,26,43,28,15,8,6,2,0,0,0,0,0,0,74,65,9
GARZA COUNTY,169,47 Years,115,84,31,47,29,18,6,5,1,0,0,0,0,0,0,62,50,12
GARZA COUNTY,169,48 Years,85,55,30,40,21,19,4,2,2,0,0,0,1,1,0,40,31,9
GARZA COUNTY,169,49 Years,75,34,41,41,19,22,5,3,2,0,0,0,1,1,0,28,11,17
GARZA COUNTY,169,50 Years,70,42,28,25,11,14,3,2,1,0,0,0,1,1,0,41,28,13
GARZA COUNTY,169,51 Years,69,48,21,32,23,9,2,1,1,1,0,1,0,0,0,34,24,10
GARZA COUNTY,169,52 Years,63,44,19,29,17,12,2,2,0,0,0,0,1,1,0,31,24,7
GARZA COUNTY,169,53 Years,68,42,26,36,22,14,1,0,1,0,0,0,1,0,1,30,20,10
GARZA COUNTY,169,54 Years,71,45,26,41,24,17,2,2,0,0,0,0,1,0,1,27,19,8
GARZA COUNTY,169,55 Years,74,43,31,46,27,19,5,2,3,0,0,0,2,0,2,21,14,7
GARZA COUNTY,169,56 Years,123,99,24,48,33,15,6,5,1,0,0,0,2,1,1,67,60,7
GARZA COUNTY,169,57 Years,99,69,30,46,27,19,5,3,2,0,0,0,0,0,0,48,39,9
GARZA COUNTY,169,58 Years,109,72,37,48,27,21,7,3,4,0,0,0,0,0,0,54,42,12
GARZA COUNTY,169,59 Years,66,36,30,34,18,16,3,2,1,2,0,2,0,0,0,27,16,11
GARZA COUNTY,169,60 Years,57,34,23,31,17,14,4,2,2,0,0,0,1,1,0,21,14,7
GARZA COUNTY,169,61 Years,51,25,26,32,16,16,1,0,1,0,0,0,0,0,0,18,9,9
GARZA COUNTY,169,62 Years,49,26,23,36,18,18,4,2,2,0,0,0,0,0,0,9,6,3
GARZA COUNTY,169,63 Years,35,17,18,25,14,11,3,1,2,0,0,0,0,0,0,7,2,5
GARZA COUNTY,169,64 Years,51,28,23,32,18,14,2,1,1,0,0,0,0,0,0,17,9,8
GARZA COUNTY,169,65 Years,56,28,28,34,18,16,1,0,1,0,0,0,1,0,1,20,10,10
GARZA COUNTY,169,66 Years,51,21,30,32,15,17,1,1,0,0,0,0,1,0,1,17,5,12
GARZA COUNTY,169,67 Years,33,11,22,25,9,16,2,0,2,0,0,0,0,0,0,6,2,4
GARZA COUNTY,169,68 Years,41,17,24,26,10,16,3,1,2,0,0,0,0,0,0,12,6,6
GARZA COUNTY,169,69 Years,48,25,23,28,13,15,2,1,1,0,0,0,2,1,1,16,10,6
GARZA COUNTY,169,70 Years,44,22,22,27,13,14,1,1,0,0,0,0,1,1,0,15,7,8
GARZA COUNTY,169,71 Years,38,17,21,26,12,14,2,0,2,1,1,0,2,1,1,7,3,4
GARZA COUNTY,169,72 Years,34,15,19,27,13,14,0,0,0,0,0,0,1,0,1,6,2,4
GARZA COUNTY,169,73 Years,34,13,21,24,12,12,2,0,2,0,0,0,0,0,0,8,1,7
GARZA COUNTY,169,74 Years,35,14,21,23,11,12,1,1,0,0,0,0,0,0,0,11,2,9
GARZA COUNTY,169,75 Years,31,15,16,21,9,12,1,1,0,0,0,0,0,0,0,9,5,4
GARZA COUNTY,169,76 Years,27,11,16,21,9,12,0,0,0,0,0,0,0,0,0,6,2,4
GARZA COUNTY,169,77 Years,27,11,16,19,8,11,0,0,0,0,0,0,0,0,0,8,3,5
GARZA COUNTY,169,78 Years,27,13,14,17,8,9,1,0,1,0,0,0,0,0,0,9,5,4
GARZA COUNTY,169,79 Years,26,10,16,19,8,11,1,0,1,0,0,0,1,0,1,5,2,3
GARZA COUNTY,169,80 Years,23,12,11,19,11,8,1,0,1,0,0,0,0,0,0,3,1,2
GARZA COUNTY,169,81 Years,21,10,11,16,7,9,0,0,0,0,0,0,0,0,0,5,3,2
GARZA COUNTY,169,82 Years,20,9,11,12,5,7,0,0,0,0,0,0,0,0,0,8,4,4
GARZA COUNTY,169,83 Years,20,10,10,14,8,6,1,0,1,0,0,0,0,0,0,5,2,3
GARZA COUNTY,169,84 Years,14,8,6,11,6,5,1,0,1,0,0,0,0,0,0,2,2,0
GARZA COUNTY,169,85 Years,11,5,6,8,4,4,1,0,1,0,0,0,0,0,0,2,1,1
GARZA COUNTY,169,86 Years,14,7,7,8,4,4,1,1,0,0,0,0,0,0,0,5,2,3
GARZA COUNTY,169,87 Years,12,4,8,8,3,5,0,0,0,0,0,0,0,0,0,4,1,3
GARZA COUNTY,169,88 Years,12,7,5,9,5,4,2,1,1,0,0,0,0,0,0,1,1,0
GARZA COUNTY,169,89 Years,9,5,4,6,3,3,1,0,1,0,0,0,0,0,0,2,2,0
GARZA COUNTY,169,90 Years,8,3,5,5,2,3,0,0,0,0,0,0,0,0,0,3,1,2
GARZA COUNTY,169,91 Years,5,2,3,5,2,3,0,0,0,0,0,0,0,0,0,0,0,0
GARZA COUNTY,169,92 Years,6,3,3,4,2,2,1,1,0,0,0,0,0,0,0,1,0,1
GARZA COUNTY,169,93 Years,6,4,2,4,2,2,1,1,0,0,0,0,0,0,0,1,1,0
GARZA COUNTY,169,94 Years,5,2,3,3,1,2,0,0,0,0,0,0,0,0,0,2,1,1
GARZA COUNTY,169,95 Years +,13,4,9,9,2,7,0,0,0,0,0,0,0,0,0,4,2,2
GILLESPIE COUNTY,171,All Ages,26973,13015,13958,19820,9363,10457,115,64,51,114,53,61,338,170,168,6586,3365,3221
GILLESPIE COUNTY,171,< 1 Year,268,135,133,114,57,57,13,10,3,2,2,0,11,6,5,128,60,68
GILLESPIE COUNTY,171,1 Years,273,135,138,118,57,61,15,7,8,3,2,1,8,4,4,129,65,64
GILLESPIE COUNTY,171,2 Years,282,136,146,124,60,64,11,6,5,2,1,1,10,3,7,135,66,69
GILLESPIE COUNTY,171,3 Years,284,138,146,130,63,67,11,5,6,3,2,1,6,1,5,134,67,67
GILLESPIE COUNTY,171,4 Years,280,147,133,133,70,63,8,6,2,3,2,1,7,5,2,129,64,65
GILLESPIE COUNTY,171,5 Years,276,150,126,131,72,59,8,6,2,2,2,0,8,7,1,127,63,64
GILLESPIE COUNTY,171,6 Years,274,143,131,130,72,58,0,0,0,3,2,1,11,8,3,130,61,69
GILLESPIE COUNTY,171,7 Years,287,142,145,139,73,66,0,0,0,3,2,1,10,7,3,135,60,75
GILLESPIE COUNTY,171,8 Years,257,130,127,122,65,57,2,2,0,0,0,0,6,1,5,127,62,65
GILLESPIE COUNTY,171,9 Years,291,157,134,177,95,82,1,1,0,0,0,0,4,2,2,109,59,50
GILLESPIE COUNTY,171,10 Years,320,171,149,187,98,89,1,0,1,2,2,0,6,4,2,124,67,57
GILLESPIE COUNTY,171,11 Years,291,145,146,167,81,86,1,0,1,0,0,0,3,1,2,120,63,57
GILLESPIE COUNTY,171,12 Years,274,150,124,160,82,78,0,0,0,0,0,0,5,2,3,109,66,43
GILLESPIE COUNTY,171,13 Years,291,165,126,168,96,72,0,0,0,1,0,1,4,2,2,118,67,51
GILLESPIE COUNTY,171,14 Years,318,177,141,175,100,75,2,1,1,2,0,2,6,2,4,133,74,59
GILLESPIE COUNTY,171,15 Years,298,157,141,183,98,85,2,0,2,0,0,0,5,3,2,108,56,52
GILLESPIE COUNTY,171,16 Years,286,149,137,185,98,87,1,0,1,1,0,1,2,2,0,97,49,48
GILLESPIE COUNTY,171,17 Years,273,142,131,171,90,81,0,0,0,2,1,1,4,3,1,96,48,48
GILLESPIE COUNTY,171,18 Years,272,144,128,163,90,73,0,0,0,0,0,0,6,3,3,103,51,52
GILLESPIE COUNTY,171,19 Years,239,117,122,139,70,69,0,0,0,0,0,0,7,2,5,93,45,48
GILLESPIE COUNTY,171,20 Years,243,126,117,135,69,66,0,0,0,0,0,0,5,1,4,103,56,47
GILLESPIE COUNTY,171,21 Years,260,142,118,147,74,73,1,0,1,4,2,2,7,4,3,101,62,39
GILLESPIE COUNTY,171,22 Years,259,123,136,146,64,82,0,0,0,3,1,2,7,3,4,103,55,48
GILLESPIE COUNTY,171,23 Years,271,138,133,159,77,82,1,0,1,2,1,1,5,2,3,104,58,46
GILLESPIE COUNTY,171,24 Years,296,145,151,180,85,95,1,0,1,4,4,0,5,4,1,106,52,54
GILLESPIE COUNTY,171,25 Years,305,145,160,198,88,110,1,1,0,1,1,0,2,2,0,103,53,50
GILLESPIE COUNTY,171,26 Years,301,143,158,198,92,106,0,0,0,1,1,0,2,0,2,100,50,50
GILLESPIE COUNTY,171,27 Years,245,128,117,146,77,69,1,0,1,2,1,1,3,1,2,93,49,44
GILLESPIE COUNTY,171,28 Years,231,115,116,128,64,64,0,0,0,3,0,3,5,2,3,95,49,46
GILLESPIE COUNTY,171,29 Years,248,114,134,158,66,92,2,1,1,1,0,1,4,2,2,83,45,38
GILLESPIE COUNTY,171,30 Years,259,136,123,164,79,85,1,1,0,0,0,0,4,3,1,90,53,37
GILLESPIE COUNTY,171,31 Years,296,147,149,188,80,108,1,1,0,1,1,0,2,2,0,104,63,41
GILLESPIE COUNTY,171,32 Years,261,136,125,166,83,83,2,1,1,1,0,1,2,1,1,90,51,39
GILLESPIE COUNTY,171,33 Years,274,135,139,184,85,99,0,0,0,2,0,2,1,0,1,87,50,37
GILLESPIE COUNTY,171,34 Years,275,130,145,187,84,103,0,0,0,2,0,2,2,1,1,84,45,39
GILLESPIE COUNTY,171,35 Years,263,134,129,169,81,88,0,0,0,2,2,0,0,0,0,92,51,41
GILLESPIE COUNTY,171,36 Years,244,115,129,155,68,87,2,1,1,0,0,0,4,2,2,83,44,39
GILLESPIE COUNTY,171,37 Years,270,143,127,172,89,83,1,0,1,2,0,2,3,2,1,92,52,40
GILLESPIE COUNTY,171,38 Years,269,139,130,172,89,83,1,0,1,2,2,0,2,2,0,92,46,46
GILLESPIE COUNTY,171,39 Years,255,140,115,161,85,76,0,0,0,2,1,1,3,2,1,89,52,37
GILLESPIE COUNTY,171,40 Years,232,120,112,157,81,76,1,1,0,1,1,0,4,2,2,69,35,34
GILLESPIE COUNTY,171,41 Years,221,116,105,144,72,72,0,0,0,1,1,0,3,2,1,73,41,32
GILLESPIE COUNTY,171,42 Years,250,119,131,172,84,88,0,0,0,0,0,0,3,2,1,75,33,42
GILLESPIE COUNTY,171,43 Years,248,113,135,156,72,84,0,0,0,3,0,3,4,2,2,85,39,46
GILLESPIE COUNTY,171,44 Years,263,146,117,170,88,82,0,0,0,1,0,1,3,2,1,89,56,33
GILLESPIE COUNTY,171,45 Years,245,125,120,165,77,88,0,0,0,0,0,0,3,2,1,77,46,31
GILLESPIE COUNTY,171,46 Years,245,115,130,184,86,98,0,0,0,0,0,0,1,1,0,60,28,32
GILLESPIE COUNTY,171,47 Years,279,142,137,211,112,99,1,0,1,0,0,0,3,1,2,64,29,35
GILLESPIE COUNTY,171,48 Years,285,134,151,197,94,103,1,0,1,3,0,3,3,1,2,81,39,42
GILLESPIE COUNTY,171,49 Years,264,126,138,183,81,102,1,1,0,2,1,1,2,1,1,76,42,34
GILLESPIE COUNTY,171,50 Years,272,119,153,187,81,106,0,0,0,1,0,1,3,1,2,81,37,44
GILLESPIE COUNTY,171,51 Years,267,125,142,186,88,98,0,0,0,1,0,1,2,1,1,78,36,42
GILLESPIE COUNTY,171,52 Years,287,150,137,211,108,103,2,2,0,2,0,2,2,1,1,70,39,31
GILLESPIE COUNTY,171,53 Years,302,149,153,222,113,109,1,1,0,2,0,2,2,1,1,75,34,41
GILLESPIE COUNTY,171,54 Years,321,149,172,235,110,125,0,0,0,4,3,1,3,2,1,79,34,45
GILLESPIE COUNTY,171,55 Years,348,148,200,268,113,155,0,0,0,3,2,1,4,1,3,73,32,41
GILLESPIE COUNTY,171,56 Years,400,193,207,319,159,160,0,0,0,2,0,2,3,2,1,76,32,44
GILLESPIE COUNTY,171,57 Years,409,197,212,328,163,165,0,0,0,3,0,3,2,1,1,76,33,43
GILLESPIE COUNTY,171,58 Years,422,212,210,354,178,176,0,0,0,5,2,3,2,1,1,61,31,30
GILLESPIE COUNTY,171,59 Years,415,190,225,350,157,193,1,0,1,3,3,0,5,0,5,56,30,26
GILLESPIE COUNTY,171,60 Years,401,180,221,345,150,195,0,0,0,0,0,0,5,0,5,51,30,21
GILLESPIE COUNTY,171,61 Years,446,184,262,377,161,216,2,1,1,0,0,0,4,1,3,63,21,42
GILLESPIE COUNTY,171,62 Years,423,192,231,370,166,204,2,1,1,0,0,0,1,1,0,50,24,26
GILLESPIE COUNTY,171,63 Years,423,204,219,368,176,192,2,2,0,0,0,0,5,2,3,48,24,24
GILLESPIE COUNTY,171,64 Years,435,198,237,379,177,202,1,1,0,0,0,0,4,1,3,51,19,32
GILLESPIE COUNTY,171,65 Years,476,209,267,420,189,231,2,1,1,1,1,0,5,1,4,48,17,31
GILLESPIE COUNTY,171,66 Years,473,209,264,427,183,244,1,1,0,0,0,0,2,1,1,43,24,19
GILLESPIE COUNTY,171,67 Years,449,198,251,404,178,226,0,0,0,0,0,0,3,2,1,42,18,24
GILLESPIE COUNTY,171,68 Years,431,204,227,397,189,208,0,0,0,0,0,0,4,1,3,30,14,16
GILLESPIE COUNTY,171,69 Years,395,178,217,361,159,202,1,1,0,2,1,1,4,2,2,27,15,12
GILLESPIE COUNTY,171,70 Years,416,206,210,380,184,196,0,0,0,2,1,1,4,3,1,30,18,12
GILLESPIE COUNTY,171,71 Years,471,208,263,442,191,251,0,0,0,0,0,0,3,2,1,26,15,11
GILLESPIE COUNTY,171,72 Years,413,191,222,379,168,211,0,0,0,1,1,0,2,1,1,31,21,10
GILLESPIE COUNTY,171,73 Years,367,169,198,339,155,184,0,0,0,0,0,0,4,1,3,24,13,11
GILLESPIE COUNTY,171,74 Years,371,176,195,343,165,178,1,0,1,1,0,1,4,1,3,22,10,12
GILLESPIE COUNTY,171,75 Years,350,162,188,321,147,174,2,1,1,0,0,0,4,2,2,23,12,11
GILLESPIE COUNTY,171,76 Years,314,153,161,284,134,150,1,0,1,1,1,0,2,1,1,26,17,9
GILLESPIE COUNTY,171,77 Years,299,138,161,270,122,148,0,0,0,0,0,0,2,1,1,27,15,12
GILLESPIE COUNTY,171,78 Years,269,121,148,249,111,138,0,0,0,0,0,0,3,3,0,17,7,10
GILLESPIE COUNTY,171,79 Years,259,121,138,240,113,127,1,0,1,1,0,1,3,3,0,14,5,9
GILLESPIE COUNTY,171,80 Years,244,113,131,228,107,121,0,0,0,0,0,0,3,3,0,13,3,10
GILLESPIE COUNTY,171,81 Years,226,103,123,212,96,116,0,0,0,0,0,0,2,2,0,12,5,7
GILLESPIE COUNTY,171,82 Years,200,90,110,184,84,100,0,0,0,1,0,1,1,1,0,14,5,9
GILLESPIE COUNTY,171,83 Years,192,87,105,179,82,97,0,0,0,1,0,1,0,0,0,12,5,7
GILLESPIE COUNTY,171,84 Years,179,83,96,164,77,87,0,0,0,0,0,0,0,0,0,15,6,9
GILLESPIE COUNTY,171,85 Years,158,67,91,146,63,83,0,0,0,0,0,0,0,0,0,12,4,8
GILLESPIE COUNTY,171,86 Years,139,59,80,129,55,74,0,0,0,0,0,0,0,0,0,10,4,6
GILLESPIE COUNTY,171,87 Years,129,55,74,121,50,71,0,0,0,0,0,0,1,1,0,7,4,3
GILLESPIE COUNTY,171,88 Years,117,48,69,110,46,64,0,0,0,0,0,0,0,0,0,7,2,5
GILLESPIE COUNTY,171,89 Years,114,50,64,106,47,59,0,0,0,0,0,0,0,0,0,8,3,5
GILLESPIE COUNTY,171,90 Years,90,38,52,82,35,47,0,0,0,0,0,0,1,0,1,7,3,4
GILLESPIE COUNTY,171,91 Years,86,30,56,81,30,51,0,0,0,0,0,0,1,0,1,4,0,4
GILLESPIE COUNTY,171,92 Years,72,28,44,65,26,39,0,0,0,1,0,1,2,1,1,4,1,3
GILLESPIE COUNTY,171,93 Years,56,21,35,49,18,31,0,0,0,1,0,1,3,1,2,3,2,1
GILLESPIE COUNTY,171,94 Years,41,12,29,38,12,26,0,0,0,0,0,0,1,0,1,2,0,2
GILLESPIE COUNTY,171,95 Years +,115,38,77,103,34,69,0,0,0,0,0,0,1,0,1,11,4,7
GLASSCOCK COUNTY,173,All Ages,1380,733,647,906,478,428,14,6,8,1,0,1,8,5,3,451,244,207
GLASSCOCK COUNTY,173,< 1 Year,17,12,5,8,5,3,0,0,0,0,0,0,0,0,0,9,7,2
GLASSCOCK COUNTY,173,1 Years,18,10,8,9,4,5,0,0,0,0,0,0,0,0,0,9,6,3
GLASSCOCK COUNTY,173,2 Years,16,10,6,8,4,4,0,0,0,0,0,0,0,0,0,8,6,2
GLASSCOCK COUNTY,173,3 Years,17,8,9,9,5,4,0,0,0,0,0,0,0,0,0,8,3,5
GLASSCOCK COUNTY,173,4 Years,15,8,7,9,5,4,0,0,0,0,0,0,0,0,0,6,3,3
GLASSCOCK COUNTY,173,5 Years,16,5,11,9,2,7,0,0,0,0,0,0,0,0,0,7,3,4
GLASSCOCK COUNTY,173,6 Years,15,5,10,9,3,6,0,0,0,0,0,0,0,0,0,6,2,4
GLASSCOCK COUNTY,173,7 Years,14,8,6,8,5,3,0,0,0,0,0,0,0,0,0,6,3,3
GLASSCOCK COUNTY,173,8 Years,15,7,8,7,2,5,0,0,0,0,0,0,0,0,0,8,5,3
GLASSCOCK COUNTY,173,9 Years,15,7,8,8,4,4,0,0,0,0,0,0,0,0,0,7,3,4
GLASSCOCK COUNTY,173,10 Years,17,8,9,9,4,5,0,0,0,0,0,0,0,0,0,8,4,4
GLASSCOCK COUNTY,173,11 Years,17,6,11,10,4,6,0,0,0,0,0,0,1,0,1,6,2,4
GLASSCOCK COUNTY,173,12 Years,17,8,9,10,5,5,0,0,0,0,0,0,0,0,0,7,3,4
GLASSCOCK COUNTY,173,13 Years,21,12,9,10,7,3,0,0,0,0,0,0,0,0,0,11,5,6
GLASSCOCK COUNTY,173,14 Years,17,9,8,9,5,4,0,0,0,0,0,0,0,0,0,8,4,4
GLASSCOCK COUNTY,173,15 Years,21,12,9,13,6,7,0,0,0,0,0,0,0,0,0,8,6,2
GLASSCOCK COUNTY,173,16 Years,17,14,3,12,10,2,0,0,0,0,0,0,0,0,0,5,4,1
GLASSCOCK COUNTY,173,17 Years,19,14,5,13,10,3,0,0,0,0,0,0,0,0,0,6,4,2
GLASSCOCK COUNTY,173,18 Years,19,7,12,12,5,7,0,0,0,0,0,0,0,0,0,7,2,5
GLASSCOCK COUNTY,173,19 Years,17,6,11,11,5,6,0,0,0,0,0,0,0,0,0,6,1,5
GLASSCOCK COUNTY,173,20 Years,21,13,8,11,7,4,0,0,0,0,0,0,0,0,0,10,6,4
GLASSCOCK COUNTY,173,21 Years,19,12,7,10,7,3,1,0,1,0,0,0,0,0,0,8,5,3
GLASSCOCK COUNTY,173,22 Years,23,16,7,13,10,3,1,0,1,0,0,0,0,0,0,9,6,3
GLASSCOCK COUNTY,173,23 Years,26,19,7,15,11,4,2,2,0,0,0,0,0,0,0,9,6,3
GLASSCOCK COUNTY,173,24 Years,23,12,11,14,6,8,2,1,1,0,0,0,0,0,0,7,5,2
GLASSCOCK COUNTY,173,25 Years,25,13,12,18,9,9,0,0,0,0,0,0,0,0,0,7,4,3
GLASSCOCK COUNTY,173,26 Years,20,4,16,12,3,9,1,1,0,0,0,0,1,0,1,6,0,6
GLASSCOCK COUNTY,173,27 Years,10,6,4,5,2,3,0,0,0,0,0,0,0,0,0,5,4,1
GLASSCOCK COUNTY,173,28 Years,7,2,5,2,0,2,0,0,0,0,0,0,0,0,0,5,2,3
GLASSCOCK COUNTY,173,29 Years,5,3,2,2,1,1,0,0,0,0,0,0,0,0,0,3,2,1
GLASSCOCK COUNTY,173,30 Years,9,7,2,4,3,1,1,0,1,0,0,0,0,0,0,4,4,0
GLASSCOCK COUNTY,173,31 Years,15,9,6,9,6,3,1,0,1,0,0,0,0,0,0,5,3,2
GLASSCOCK COUNTY,173,32 Years,9,6,3,5,3,2,1,1,0,0,0,0,0,0,0,3,2,1
GLASSCOCK COUNTY,173,33 Years,12,5,7,11,5,6,0,0,0,0,0,0,0,0,0,1,0,1
GLASSCOCK COUNTY,173,34 Years,16,9,7,11,6,5,0,0,0,0,0,0,0,0,0,5,3,2
GLASSCOCK COUNTY,173,35 Years,14,7,7,9,5,4,0,0,0,0,0,0,0,0,0,5,2,3
GLASSCOCK COUNTY,173,36 Years,15,7,8,6,4,2,0,0,0,0,0,0,1,0,1,8,3,5
GLASSCOCK COUNTY,173,37 Years,11,5,6,6,3,3,0,0,0,0,0,0,0,0,0,5,2,3
GLASSCOCK COUNTY,173,38 Years,14,5,9,9,4,5,0,0,0,0,0,0,0,0,0,5,1,4
GLASSCOCK COUNTY,173,39 Years,14,8,6,7,4,3,0,0,0,1,0,1,0,0,0,6,4,2
GLASSCOCK COUNTY,173,40 Years,16,8,8,11,5,6,0,0,0,0,0,0,0,0,0,5,3,2
GLASSCOCK COUNTY,173,41 Years,17,9,8,7,2,5,0,0,0,0,0,0,1,1,0,9,6,3
GLASSCOCK COUNTY,173,42 Years,22,10,12,14,7,7,0,0,0,0,0,0,1,1,0,7,2,5
GLASSCOCK COUNTY,173,43 Years,16,7,9,8,4,4,0,0,0,0,0,0,0,0,0,8,3,5
GLASSCOCK COUNTY,173,44 Years,16,12,4,8,6,2,0,0,0,0,0,0,0,0,0,8,6,2
GLASSCOCK COUNTY,173,45 Years,13,8,5,7,5,2,1,0,1,0,0,0,0,0,0,5,3,2
GLASSCOCK COUNTY,173,46 Years,18,8,10,11,7,4,0,0,0,0,0,0,0,0,0,7,1,6
GLASSCOCK COUNTY,173,47 Years,20,9,11,12,5,7,1,0,1,0,0,0,0,0,0,7,4,3
GLASSCOCK COUNTY,173,48 Years,23,15,8,16,10,6,1,0,1,0,0,0,0,0,0,6,5,1
GLASSCOCK COUNTY,173,49 Years,13,5,8,10,4,6,0,0,0,0,0,0,0,0,0,3,1,2
GLASSCOCK COUNTY,173,50 Years,9,3,6,6,1,5,1,1,0,0,0,0,0,0,0,2,1,1
GLASSCOCK COUNTY,173,51 Years,14,9,5,9,5,4,0,0,0,0,0,0,0,0,0,5,4,1
GLASSCOCK COUNTY,173,52 Years,16,10,6,7,5,2,0,0,0,0,0,0,0,0,0,9,5,4
GLASSCOCK COUNTY,173,53 Years,15,10,5,10,7,3,0,0,0,0,0,0,0,0,0,5,3,2
GLASSCOCK COUNTY,173,54 Years,19,7,12,14,6,8,0,0,0,0,0,0,0,0,0,5,1,4
GLASSCOCK COUNTY,173,55 Years,23,12,11,16,9,7,0,0,0,0,0,0,0,0,0,7,3,4
GLASSCOCK COUNTY,173,56 Years,15,6,9,12,5,7,0,0,0,0,0,0,1,1,0,2,0,2
GLASSCOCK COUNTY,173,57 Years,19,7,12,15,4,11,0,0,0,0,0,0,0,0,0,4,3,1
GLASSCOCK COUNTY,173,58 Years,20,12,8,16,9,7,0,0,0,0,0,0,0,0,0,4,3,1
GLASSCOCK COUNTY,173,59 Years,24,15,9,20,13,7,0,0,0,0,0,0,0,0,0,4,2,2
GLASSCOCK COUNTY,173,60 Years,29,16,13,21,11,10,0,0,0,0,0,0,0,0,0,8,5,3
GLASSCOCK COUNTY,173,61 Years,18,10,8,13,7,6,0,0,0,0,0,0,0,0,0,5,3,2
GLASSCOCK COUNTY,173,62 Years,14,6,8,12,5,7,0,0,0,0,0,0,0,0,0,2,1,1
GLASSCOCK COUNTY,173,63 Years,16,7,9,15,7,8,0,0,0,0,0,0,0,0,0,1,0,1
GLASSCOCK COUNTY,173,64 Years,14,8,6,13,7,6,0,0,0,0,0,0,0,0,0,1,1,0
GLASSCOCK COUNTY,173,65 Years,16,10,6,7,4,3,0,0,0,0,0,0,0,0,0,9,6,3
GLASSCOCK COUNTY,173,66 Years,13,9,4,10,7,3,0,0,0,0,0,0,0,0,0,3,2,1
GLASSCOCK COUNTY,173,67 Years,16,6,10,13,6,7,0,0,0,0,0,0,0,0,0,3,0,3
GLASSCOCK COUNTY,173,68 Years,21,14,7,14,10,4,0,0,0,0,0,0,0,0,0,7,4,3
GLASSCOCK COUNTY,173,69 Years,14,11,3,8,7,1,0,0,0,0,0,0,0,0,0,6,4,2
GLASSCOCK COUNTY,173,70 Years,18,10,8,14,8,6,0,0,0,0,0,0,0,0,0,4,2,2
GLASSCOCK COUNTY,173,71 Years,20,11,9,15,7,8,0,0,0,0,0,0,2,2,0,3,2,1
GLASSCOCK COUNTY,173,72 Years,12,8,4,10,6,4,0,0,0,0,0,0,0,0,0,2,2,0
GLASSCOCK COUNTY,173,73 Years,8,5,3,6,3,3,0,0,0,0,0,0,0,0,0,2,2,0
GLASSCOCK COUNTY,173,74 Years,12,7,5,9,4,5,0,0,0,0,0,0,0,0,0,3,3,0
GLASSCOCK COUNTY,173,75 Years,16,8,8,14,7,7,0,0,0,0,0,0,0,0,0,2,1,1
GLASSCOCK COUNTY,173,76 Years,13,6,7,12,6,6,0,0,0,0,0,0,0,0,0,1,0,1
GLASSCOCK COUNTY,173,77 Years,6,3,3,6,3,3,0,0,0,0,0,0,0,0,0,0,0,0
GLASSCOCK COUNTY,173,78 Years,7,1,6,6,1,5,0,0,0,0,0,0,0,0,0,1,0,1
GLASSCOCK COUNTY,173,79 Years,8,2,6,7,2,5,0,0,0,0,0,0,0,0,0,1,0,1
GLASSCOCK COUNTY,173,80 Years,13,6,7,11,6,5,0,0,0,0,0,0,0,0,0,2,0,2
GLASSCOCK COUNTY,173,81 Years,11,6,5,8,5,3,0,0,0,0,0,0,0,0,0,3,1,2
GLASSCOCK COUNTY,173,82 Years,11,6,5,9,4,5,0,0,0,0,0,0,0,0,0,2,2,0
GLASSCOCK COUNTY,173,83 Years,11,7,4,8,5,3,0,0,0,0,0,0,0,0,0,3,2,1
GLASSCOCK COUNTY,173,84 Years,10,3,7,8,2,6,0,0,0,0,0,0,0,0,0,2,1,1
GLASSCOCK COUNTY,173,85 Years,9,5,4,9,5,4,0,0,0,0,0,0,0,0,0,0,0,0
GLASSCOCK COUNTY,173,86 Years,3,2,1,3,2,1,0,0,0,0,0,0,0,0,0,0,0,0
GLASSCOCK COUNTY,173,87 Years,6,2,4,5,1,4,0,0,0,0,0,0,0,0,0,1,1,0
GLASSCOCK COUNTY,173,88 Years,5,3,2,5,3,2,0,0,0,0,0,0,0,0,0,0,0,0
GLASSCOCK COUNTY,173,89 Years,5,3,2,5,3,2,0,0,0,0,0,0,0,0,0,0,0,0
GLASSCOCK COUNTY,173,90 Years,2,2,0,2,2,0,0,0,0,0,0,0,0,0,0,0,0,0
GLASSCOCK COUNTY,173,91 Years,0,0,0,0,0,0,0,0,0,0,0,0,0,0,0,0,0,0
GLASSCOCK COUNTY,173,92 Years,2,1,1,2,1,1,0,0,0,0,0,0,0,0,0,0,0,0
GLASSCOCK COUNTY,173,93 Years,1,0,1,1,0,1,0,0,0,0,0,0,0,0,0,0,0,0
GLASSCOCK COUNTY,173,94 Years,1,1,0,1,1,0,0,0,0,0,0,0,0,0,0,0,0,0
GLASSCOCK COUNTY,173,95 Years +,3,2,1,3,2,1,0,0,0,0,0,0,0,0,0,0,0,0
GOLIAD COUNTY,175,All Ages,7791,3897,3894,4343,2160,2183,351,173,178,17,8,9,114,65,49,2966,1491,1475
GOLIAD COUNTY,175,< 1 Year,81,37,44,24,11,13,3,1,2,2,1,1,6,3,3,46,21,25
GOLIAD COUNTY,175,1 Years,85,43,42,27,14,13,5,3,2,0,0,0,3,2,1,50,24,26
GOLIAD COUNTY,175,2 Years,85,49,36,29,15,14,0,0,0,0,0,0,5,4,1,51,30,21
GOLIAD COUNTY,175,3 Years,88,54,34,31,18,13,7,6,1,0,0,0,0,0,0,50,30,20
GOLIAD COUNTY,175,4 Years,81,46,35,29,16,13,8,6,2,0,0,0,3,2,1,41,22,19
GOLIAD COUNTY,175,5 Years,77,35,42,27,12,15,7,5,2,0,0,0,2,1,1,41,17,24
GOLIAD COUNTY,175,6 Years,71,32,39,23,11,12,7,5,2,0,0,0,2,1,1,39,15,24
GOLIAD COUNTY,175,7 Years,75,34,41,26,12,14,6,2,4,0,0,0,2,1,1,41,19,22
GOLIAD COUNTY,175,8 Years,94,43,51,34,18,16,6,1,5,0,0,0,2,1,1,52,23,29
GOLIAD COUNTY,175,9 Years,74,42,32,34,20,14,5,2,3,0,0,0,3,2,1,32,18,14
GOLIAD COUNTY,175,10 Years,96,52,44,31,19,12,6,3,3,0,0,0,4,2,2,55,28,27
GOLIAD COUNTY,175,11 Years,86,42,44,31,19,12,4,3,1,0,0,0,1,1,0,50,19,31
GOLIAD COUNTY,175,12 Years,76,42,34,31,15,16,3,1,2,0,0,0,1,1,0,41,25,16
GOLIAD COUNTY,175,13 Years,96,48,48,40,17,23,5,3,2,0,0,0,2,0,2,49,28,21
GOLIAD COUNTY,175,14 Years,98,46,52,39,18,21,6,3,3,0,0,0,1,0,1,52,25,27
GOLIAD COUNTY,175,15 Years,93,50,43,43,22,21,4,2,2,0,0,0,0,0,0,46,26,20
GOLIAD COUNTY,175,16 Years,114,56,58,44,24,20,6,3,3,0,0,0,1,0,1,63,29,34
GOLIAD COUNTY,175,17 Years,90,49,41,45,22,23,4,2,2,0,0,0,1,1,0,40,24,16
GOLIAD COUNTY,175,18 Years,93,45,48,43,21,22,2,2,0,0,0,0,1,1,0,47,21,26
GOLIAD COUNTY,175,19 Years,92,43,49,40,22,18,5,2,3,0,0,0,1,1,0,46,18,28
GOLIAD COUNTY,175,20 Years,93,53,40,47,30,17,4,2,2,1,1,0,1,0,1,40,20,20
GOLIAD COUNTY,175,21 Years,87,50,37,40,21,19,6,5,1,1,1,0,2,2,0,38,21,17
GOLIAD COUNTY,175,22 Years,84,47,37,34,17,17,3,1,2,1,1,0,2,2,0,44,26,18
GOLIAD COUNTY,175,23 Years,103,51,52,49,25,24,2,1,1,0,0,0,2,1,1,50,24,26
GOLIAD COUNTY,175,24 Years,106,57,49,54,30,24,4,1,3,1,1,0,1,0,1,46,25,21
GOLIAD COUNTY,175,25 Years,110,52,58,66,32,34,3,1,2,0,0,0,2,2,0,39,17,22
GOLIAD COUNTY,175,26 Years,101,58,43,61,33,28,1,1,0,0,0,0,2,2,0,37,22,15
GOLIAD COUNTY,175,27 Years,100,55,45,46,24,22,5,4,1,0,0,0,2,1,1,47,26,21
GOLIAD COUNTY,175,28 Years,81,45,36,34,22,12,6,1,5,0,0,0,1,0,1,40,22,18
GOLIAD COUNTY,175,29 Years,69,35,34,32,17,15,3,0,3,0,0,0,1,0,1,33,18,15
GOLIAD COUNTY,175,30 Years,65,31,34,28,15,13,2,0,2,0,0,0,1,0,1,34,16,18
GOLIAD COUNTY,175,31 Years,65,30,35,26,13,13,2,1,1,0,0,0,2,0,2,35,16,19
GOLIAD COUNTY,175,32 Years,73,40,33,36,21,15,1,1,0,1,1,0,0,0,0,35,17,18
GOLIAD COUNTY,175,33 Years,67,35,32,36,15,21,1,1,0,0,0,0,0,0,0,30,19,11
GOLIAD COUNTY,175,34 Years,66,35,31,36,14,22,2,1,1,0,0,0,1,0,1,27,20,7
GOLIAD COUNTY,175,35 Years,79,40,39,41,20,21,1,0,1,0,0,0,1,0,1,36,20,16
GOLIAD COUNTY,175,36 Years,74,35,39,35,17,18,0,0,0,0,0,0,1,1,0,38,17,21
GOLIAD COUNTY,175,37 Years,84,38,46,42,20,22,3,2,1,0,0,0,0,0,0,39,16,23
GOLIAD COUNTY,175,38 Years,71,42,29,34,20,14,2,1,1,0,0,0,1,1,0,34,20,14
GOLIAD COUNTY,175,39 Years,65,42,23,36,24,12,4,2,2,1,0,1,1,0,1,23,16,7
GOLIAD COUNTY,175,40 Years,66,29,37,33,12,21,2,2,0,0,0,0,1,1,0,30,14,16
GOLIAD COUNTY,175,41 Years,69,30,39,35,16,19,2,1,1,0,0,0,1,0,1,31,13,18
GOLIAD COUNTY,175,42 Years,60,25,35,33,14,19,4,1,3,0,0,0,1,0,1,22,10,12
GOLIAD COUNTY,175,43 Years,71,33,38,38,15,23,2,1,1,0,0,0,1,0,1,30,17,13
GOLIAD COUNTY,175,44 Years,78,38,40,44,20,24,6,5,1,0,0,0,0,0,0,28,13,15
GOLIAD COUNTY,175,45 Years,78,40,38,38,20,18,4,2,2,0,0,0,3,3,0,33,15,18
GOLIAD COUNTY,175,46 Years,85,44,41,48,24,24,3,2,1,0,0,0,1,1,0,33,17,16
GOLIAD COUNTY,175,47 Years,79,36,43,41,21,20,7,2,5,0,0,0,0,0,0,31,13,18
GOLIAD COUNTY,175,48 Years,90,46,44,54,26,28,4,3,1,0,0,0,0,0,0,32,17,15
GOLIAD COUNTY,175,49 Years,81,47,34,46,28,18,1,1,0,2,1,1,1,1,0,31,16,15
GOLIAD COUNTY,175,50 Years,89,48,41,56,31,25,1,1,0,1,0,1,0,0,0,31,16,15
GOLIAD COUNTY,175,51 Years,90,43,47,56,26,30,3,1,2,1,0,1,2,0,2,28,16,12
GOLIAD COUNTY,175,52 Years,102,43,59,61,24,37,5,3,2,1,0,1,0,0,0,35,16,19
GOLIAD COUNTY,175,53 Years,103,44,59,68,26,42,3,2,1,0,0,0,2,1,1,30,15,15
GOLIAD COUNTY,175,54 Years,107,48,59,70,33,37,2,0,2,0,0,0,4,2,2,31,13,18
GOLIAD COUNTY,175,55 Years,94,43,51,63,32,31,2,0,2,0,0,0,3,1,2,26,10,16
GOLIAD COUNTY,175,56 Years,113,55,58,76,38,38,3,1,2,0,0,0,2,1,1,32,15,17
GOLIAD COUNTY,175,57 Years,121,63,58,79,42,37,4,2,2,0,0,0,2,2,0,36,17,19
GOLIAD COUNTY,175,58 Years,127,65,62,79,38,41,8,4,4,0,0,0,1,1,0,39,22,17
GOLIAD COUNTY,175,59 Years,118,63,55,73,38,35,6,4,2,0,0,0,3,3,0,36,18,18
GOLIAD COUNTY,175,60 Years,126,59,67,81,38,43,8,4,4,0,0,0,1,1,0,36,16,20
GOLIAD COUNTY,175,61 Years,126,64,62,83,40,43,7,2,5,0,0,0,0,0,0,36,22,14
GOLIAD COUNTY,175,62 Years,105,57,48,73,38,35,3,2,1,0,0,0,2,1,1,27,16,11
GOLIAD COUNTY,175,63 Years,129,63,66,85,41,44,5,2,3,0,0,0,1,1,0,38,19,19
GOLIAD COUNTY,175,64 Years,123,54,69,85,37,48,7,2,5,0,0,0,1,1,0,30,14,16
GOLIAD COUNTY,175,65 Years,110,53,57,72,33,39,6,2,4,0,0,0,1,1,0,31,17,14
GOLIAD COUNTY,175,66 Years,128,60,68,93,42,51,5,3,2,0,0,0,1,1,0,29,14,15
GOLIAD COUNTY,175,67 Years,128,68,60,90,45,45,5,3,2,0,0,0,2,2,0,31,18,13
GOLIAD COUNTY,175,68 Years,115,66,49,81,46,35,4,3,1,0,0,0,1,1,0,29,16,13
GOLIAD COUNTY,175,69 Years,121,65,56,87,47,40,8,5,3,0,0,0,2,1,1,24,12,12
GOLIAD COUNTY,175,70 Years,115,65,50,88,49,39,3,2,1,0,0,0,0,0,0,24,14,10
GOLIAD COUNTY,175,71 Years,121,59,62,88,46,42,5,0,5,0,0,0,3,0,3,25,13,12
GOLIAD COUNTY,175,72 Years,93,45,48,62,29,33,3,2,1,1,1,0,1,0,1,26,13,13
GOLIAD COUNTY,175,73 Years,90,42,48,64,30,34,2,1,1,1,0,1,1,0,1,22,11,11
GOLIAD COUNTY,175,74 Years,87,39,48,63,29,34,3,2,1,1,0,1,0,0,0,20,8,12
GOLIAD COUNTY,175,75 Years,85,43,42,61,33,28,4,2,2,0,0,0,0,0,0,20,8,12
GOLIAD COUNTY,175,76 Years,76,33,43,51,24,27,4,2,2,0,0,0,1,0,1,20,7,13
GOLIAD COUNTY,175,77 Years,86,42,44,61,28,33,6,5,1,0,0,0,0,0,0,19,9,10
GOLIAD COUNTY,175,78 Years,78,40,38,59,30,29,3,2,1,0,0,0,1,0,1,15,8,7
GOLIAD COUNTY,175,79 Years,60,27,33,46,21,25,1,1,0,1,0,1,0,0,0,12,5,7
GOLIAD COUNTY,175,80 Years,63,26,37,48,21,27,2,1,1,0,0,0,0,0,0,13,4,9
GOLIAD COUNTY,175,81 Years,50,23,27,38,18,20,1,0,1,0,0,0,0,0,0,11,5,6
GOLIAD COUNTY,175,82 Years,42,21,21,30,16,14,1,0,1,0,0,0,0,0,0,11,5,6
GOLIAD COUNTY,175,83 Years,46,23,23,30,17,13,2,0,2,0,0,0,1,1,0,13,5,8
GOLIAD COUNTY,175,84 Years,37,17,20,21,10,11,2,1,1,0,0,0,0,0,0,14,6,8
GOLIAD COUNTY,175,85 Years,30,12,18,19,6,13,1,0,1,0,0,0,1,1,0,9,5,4
GOLIAD COUNTY,175,86 Years,32,15,17,19,9,10,2,1,1,0,0,0,0,0,0,11,5,6
GOLIAD COUNTY,175,87 Years,27,12,15,14,6,8,2,1,1,0,0,0,0,0,0,11,5,6
GOLIAD COUNTY,175,88 Years,22,9,13,10,4,6,2,0,2,0,0,0,0,0,0,10,5,5
GOLIAD COUNTY,175,89 Years,21,7,14,9,3,6,4,0,4,0,0,0,0,0,0,8,4,4
GOLIAD COUNTY,175,90 Years,18,6,12,7,2,5,3,0,3,0,0,0,0,0,0,8,4,4
GOLIAD COUNTY,175,91 Years,16,8,8,7,4,3,2,1,1,0,0,0,0,0,0,7,3,4
GOLIAD COUNTY,175,92 Years,21,10,11,11,6,5,3,1,2,0,0,0,0,0,0,7,3,4
GOLIAD COUNTY,175,93 Years,13,6,7,8,3,5,1,0,1,0,0,0,0,0,0,4,3,1
GOLIAD COUNTY,175,94 Years,12,4,8,8,2,6,1,0,1,0,0,0,0,0,0,3,2,1
GOLIAD COUNTY,175,95 Years +,30,12,18,16,7,9,4,1,3,0,0,0,0,0,0,10,4,6
GONZALES COUNTY,177,All Ages,20641,10388,10253,8408,4112,4296,1335,710,625,79,32,47,231,105,126,10588,5429,5159
GONZALES COUNTY,177,< 1 Year,279,150,129,83,45,38,13,8,5,0,0,0,6,2,4,177,95,82
GONZALES COUNTY,177,1 Years,286,151,135,77,42,35,13,7,6,0,0,0,5,2,3,191,100,91
GONZALES COUNTY,177,2 Years,312,165,147,81,44,37,16,8,8,2,1,1,6,3,3,207,109,98
GONZALES COUNTY,177,3 Years,330,169,161,86,46,40,16,8,8,0,0,0,6,3,3,222,112,110
GONZALES COUNTY,177,4 Years,324,170,154,88,47,41,15,9,6,2,1,1,6,3,3,213,110,103
GONZALES COUNTY,177,5 Years,304,160,144,86,46,40,14,7,7,0,0,0,5,2,3,199,105,94
GONZALES COUNTY,177,6 Years,290,159,131,79,43,36,12,7,5,0,0,0,5,3,2,194,106,88
GONZALES COUNTY,177,7 Years,295,157,138,79,40,39,16,9,7,2,1,1,6,3,3,192,104,88
GONZALES COUNTY,177,8 Years,297,148,149,70,34,36,15,10,5,2,1,1,7,3,4,203,100,103
GONZALES COUNTY,177,9 Years,307,159,148,69,37,32,16,7,9,0,0,0,8,4,4,214,111,103
GONZALES COUNTY,177,10 Years,310,170,140,77,43,34,16,8,8,2,0,2,5,3,2,210,116,94
GONZALES COUNTY,177,11 Years,304,157,147,81,43,38,14,6,8,1,0,1,7,5,2,201,103,98
GONZALES COUNTY,177,12 Years,301,155,146,82,43,39,15,7,8,1,0,1,7,3,4,196,102,94
GONZALES COUNTY,177,13 Years,288,147,141,67,34,33,14,7,7,1,0,1,3,0,3,203,106,97
GONZALES COUNTY,177,14 Years,294,152,142,79,39,40,14,8,6,1,0,1,3,1,2,197,104,93
GONZALES COUNTY,177,15 Years,319,153,166,89,39,50,13,6,7,3,1,2,5,1,4,209,106,103
GONZALES COUNTY,177,16 Years,299,147,152,86,40,46,13,7,6,1,1,0,6,0,6,193,99,94
GONZALES COUNTY,177,17 Years,295,155,140,87,48,39,19,13,6,0,0,0,6,2,4,183,92,91
GONZALES COUNTY,177,18 Years,290,149,141,102,51,51,18,13,5,2,2,0,6,3,3,162,80,82
GONZALES COUNTY,177,19 Years,281,143,138,90,44,46,15,11,4,1,1,0,5,3,2,170,84,86
GONZALES COUNTY,177,20 Years,265,151,114,92,53,39,14,10,4,1,1,0,4,3,1,154,84,70
GONZALES COUNTY,177,21 Years,263,148,115,102,60,42,15,10,5,1,1,0,4,3,1,141,74,67
GONZALES COUNTY,177,22 Years,252,140,112,96,47,49,14,10,4,1,0,1,2,2,0,139,81,58
GONZALES COUNTY,177,23 Years,244,134,110,87,42,45,13,8,5,1,1,0,3,3,0,140,80,60
GONZALES COUNTY,177,24 Years,277,140,137,95,49,46,14,9,5,0,0,0,6,4,2,162,78,84
GONZALES COUNTY,177,25 Years,271,134,137,93,47,46,17,10,7,1,0,1,5,3,2,155,74,81
GONZALES COUNTY,177,26 Years,283,131,152,89,45,44,18,13,5,1,1,0,5,1,4,170,71,99
GONZALES COUNTY,177,27 Years,250,132,118,75,45,30,18,12,6,1,1,0,3,1,2,153,73,80
GONZALES COUNTY,177,28 Years,247,137,110,76,47,29,22,15,7,0,0,0,3,1,2,146,74,72
GONZALES COUNTY,177,29 Years,243,125,118,86,42,44,21,12,9,0,0,0,0,0,0,136,71,65
GONZALES COUNTY,177,30 Years,236,118,118,77,33,44,17,10,7,0,0,0,1,0,1,141,75,66
GONZALES COUNTY,177,31 Years,222,106,116,73,30,43,18,10,8,1,0,1,2,0,2,128,66,62
GONZALES COUNTY,177,32 Years,243,109,134,71,32,39,21,13,8,0,0,0,2,0,2,149,64,85
GONZALES COUNTY,177,33 Years,241,119,122,72,35,37,23,12,11,1,0,1,1,0,1,144,72,72
GONZALES COUNTY,177,34 Years,226,114,112,77,37,40,16,7,9,0,0,0,0,0,0,133,70,63
GONZALES COUNTY,177,35 Years,258,139,119,90,42,48,21,10,11,0,0,0,0,0,0,147,87,60
GONZALES COUNTY,177,36 Years,225,115,110,75,32,43,17,10,7,1,0,1,1,0,1,131,73,58
GONZALES COUNTY,177,37 Years,207,112,95,71,34,37,14,10,4,1,0,1,2,1,1,119,67,52
GONZALES COUNTY,177,38 Years,249,133,116,85,52,33,13,7,6,1,0,1,1,1,0,149,73,76
GONZALES COUNTY,177,39 Years,236,117,119,84,38,46,12,7,5,4,2,2,1,1,0,135,69,66
GONZALES COUNTY,177,40 Years,230,118,112,64,28,36,14,10,4,4,1,3,2,1,1,146,78,68
GONZALES COUNTY,177,41 Years,221,112,109,70,32,38,14,8,6,3,2,1,2,1,1,132,69,63
GONZALES COUNTY,177,42 Years,217,100,117,74,31,43,10,4,6,2,1,1,2,1,1,129,63,66
GONZALES COUNTY,177,43 Years,238,117,121,81,36,45,18,12,6,2,2,0,0,0,0,137,67,70
GONZALES COUNTY,177,44 Years,229,125,104,81,44,37,19,13,6,2,1,1,2,0,2,125,67,58
GONZALES COUNTY,177,45 Years,208,97,111,82,37,45,15,8,7,1,0,1,3,0,3,107,52,55
GONZALES COUNTY,177,46 Years,228,111,117,96,45,51,10,4,6,1,0,1,1,0,1,120,62,58
GONZALES COUNTY,177,47 Years,224,112,112,106,56,50,9,5,4,1,0,1,1,0,1,107,51,56
GONZALES COUNTY,177,48 Years,238,121,117,94,49,45,14,6,8,0,0,0,2,2,0,128,64,64
GONZALES COUNTY,177,49 Years,245,121,124,102,51,51,9,4,5,2,1,1,4,2,2,128,63,65
GONZALES COUNTY,177,50 Years,216,108,108,91,47,44,7,3,4,2,1,1,1,1,0,115,56,59
GONZALES COUNTY,177,51 Years,206,98,108,84,37,47,12,3,9,3,1,2,1,0,1,106,57,49
GONZALES COUNTY,177,52 Years,226,114,112,99,47,52,16,8,8,1,0,1,1,1,0,109,58,51
GONZALES COUNTY,177,53 Years,238,128,110,109,59,50,18,11,7,0,0,0,2,1,1,109,57,52
GONZALES COUNTY,177,54 Years,250,130,120,110,58,52,20,11,9,1,0,1,1,1,0,118,60,58
GONZALES COUNTY,177,55 Years,272,141,131,128,62,66,20,8,12,2,2,0,1,0,1,121,69,52
GONZALES COUNTY,177,56 Years,279,140,139,138,66,72,20,8,12,0,0,0,1,0,1,120,66,54
GONZALES COUNTY,177,57 Years,257,132,125,127,61,66,24,11,13,0,0,0,1,0,1,105,60,45
GONZALES COUNTY,177,58 Years,278,144,134,146,69,77,23,11,12,0,0,0,2,1,1,107,63,44
GONZALES COUNTY,177,59 Years,285,141,144,142,65,77,22,11,11,1,0,1,1,0,1,119,65,54
GONZALES COUNTY,177,60 Years,280,139,141,149,69,80,17,8,9,0,0,0,3,1,2,111,61,50
GONZALES COUNTY,177,61 Years,268,131,137,151,73,78,20,10,10,0,0,0,4,1,3,93,47,46
GONZALES COUNTY,177,62 Years,261,128,133,149,68,81,23,12,11,0,0,0,5,2,3,84,46,38
GONZALES COUNTY,177,63 Years,246,124,122,135,62,73,23,12,11,0,0,0,2,1,1,86,49,37
GONZALES COUNTY,177,64 Years,233,113,120,136,65,71,19,10,9,1,0,1,2,1,1,75,37,38
GONZALES COUNTY,177,65 Years,223,112,111,138,70,68,21,10,11,1,0,1,1,1,0,62,31,31
GONZALES COUNTY,177,66 Years,215,106,109,129,61,68,24,15,9,0,0,0,2,1,1,60,29,31
GONZALES COUNTY,177,67 Years,187,83,104,109,46,63,17,9,8,1,0,1,1,0,1,59,28,31
GONZALES COUNTY,177,68 Years,181,91,90,110,55,55,15,7,8,0,0,0,0,0,0,56,29,27
GONZALES COUNTY,177,69 Years,217,110,107,147,76,71,14,7,7,1,1,0,1,1,0,54,25,29
GONZALES COUNTY,177,70 Years,195,96,99,128,70,58,12,4,8,0,0,0,2,1,1,53,21,32
GONZALES COUNTY,177,71 Years,217,105,112,152,75,77,12,5,7,0,0,0,1,0,1,52,25,27
GONZALES COUNTY,177,72 Years,170,84,86,108,53,55,8,4,4,1,1,0,2,2,0,51,24,27
GONZALES COUNTY,177,73 Years,145,61,84,80,35,45,6,4,2,2,1,1,2,0,2,55,21,34
GONZALES COUNTY,177,74 Years,152,72,80,99,48,51,7,3,4,3,1,2,2,0,2,41,20,21
GONZALES COUNTY,177,75 Years,152,73,79,105,49,56,8,3,5,1,0,1,1,1,0,37,20,17
GONZALES COUNTY,177,76 Years,159,75,84,113,52,61,10,4,6,0,0,0,0,0,0,36,19,17
GONZALES COUNTY,177,77 Years,142,67,75,96,48,48,12,3,9,0,0,0,0,0,0,34,16,18
GONZALES COUNTY,177,78 Years,137,59,78,91,43,48,8,2,6,0,0,0,1,1,0,37,13,24
GONZALES COUNTY,177,79 Years,135,59,76,92,40,52,11,4,7,0,0,0,1,1,0,31,14,17
GONZALES COUNTY,177,80 Years,113,49,64,78,38,40,11,4,7,0,0,0,0,0,0,24,7,17
GONZALES COUNTY,177,81 Years,108,47,61,74,35,39,8,3,5,1,0,1,0,0,0,25,9,16
GONZALES COUNTY,177,82 Years,98,41,57,65,30,35,7,2,5,1,0,1,0,0,0,25,9,16
GONZALES COUNTY,177,83 Years,101,51,50,66,34,32,8,4,4,0,0,0,2,2,0,25,11,14
GONZALES COUNTY,177,84 Years,74,34,40,48,22,26,7,4,3,0,0,0,0,0,0,19,8,11
GONZALES COUNTY,177,85 Years,76,33,43,51,23,28,6,3,3,0,0,0,0,0,0,19,7,12
GONZALES COUNTY,177,86 Years,67,30,37,46,22,24,6,3,3,0,0,0,0,0,0,15,5,10
GONZALES COUNTY,177,87 Years,56,20,36,37,13,24,7,3,4,0,0,0,0,0,0,12,4,8
GONZALES COUNTY,177,88 Years,57,23,34,40,15,25,6,3,3,0,0,0,1,1,0,10,4,6
GONZALES COUNTY,177,89 Years,51,22,29,33,12,21,6,3,3,0,0,0,1,1,0,11,6,5
GONZALES COUNTY,177,90 Years,37,13,24,25,8,17,3,1,2,1,0,1,0,0,0,8,4,4
GONZALES COUNTY,177,91 Years,29,11,18,21,7,14,3,2,1,0,0,0,1,1,0,4,1,3
GONZALES COUNTY,177,92 Years,29,12,17,20,7,13,3,2,1,0,0,0,0,0,0,6,3,3
GONZALES COUNTY,177,93 Years,28,10,18,19,6,13,4,2,2,0,0,0,0,0,0,5,2,3
GONZALES COUNTY,177,94 Years,24,7,17,13,3,10,5,2,3,0,0,0,1,0,1,5,2,3
GONZALES COUNTY,177,95 Years +,50,17,33,27,9,18,9,3,6,0,0,0,2,0,2,12,5,7
GRAY COUNTY,179,All Ages,21993,11698,10295,13568,6863,6705,1029,741,288,93,45,48,507,250,257,6796,3799,2997
GRAY COUNTY,179,< 1 Year,242,127,115,128,72,56,6,3,3,1,0,1,5,2,3,102,50,52
GRAY COUNTY,179,1 Years,249,131,118,125,69,56,6,3,3,2,1,1,7,2,5,109,56,53
GRAY COUNTY,179,2 Years,280,150,130,140,77,63,7,4,3,2,1,1,6,2,4,125,66,59
GRAY COUNTY,179,3 Years,303,158,145,145,78,67,6,4,2,2,1,1,9,2,7,141,73,68
GRAY COUNTY,179,4 Years,320,167,153,154,83,71,5,2,3,2,1,1,10,5,5,149,76,73
GRAY COUNTY,179,5 Years,324,168,156,150,79,71,6,4,2,1,1,0,11,6,5,156,78,78
GRAY COUNTY,179,6 Years,322,171,151,150,77,73,7,3,4,2,1,1,15,10,5,148,80,68
GRAY COUNTY,179,7 Years,318,166,152,147,73,74,8,4,4,2,1,1,14,12,2,147,76,71
GRAY COUNTY,179,8 Years,315,154,161,147,75,72,8,2,6,2,1,1,12,7,5,146,69,77
GRAY COUNTY,179,9 Years,314,154,160,154,74,80,7,3,4,1,1,0,9,7,2,143,69,74
GRAY COUNTY,179,10 Years,333,167,166,165,80,85,5,2,3,1,0,1,11,5,6,151,80,71
GRAY COUNTY,179,11 Years,312,149,163,155,78,77,7,4,3,0,0,0,12,4,8,138,63,75
GRAY COUNTY,179,12 Years,304,154,150,154,84,70,4,2,2,2,1,1,12,5,7,132,62,70
GRAY COUNTY,179,13 Years,344,183,161,167,86,81,9,6,3,1,1,0,11,3,8,156,87,69
GRAY COUNTY,179,14 Years,311,149,162,157,75,82,12,3,9,3,0,3,7,1,6,132,70,62
GRAY COUNTY,179,15 Years,295,140,155,145,67,78,14,7,7,2,2,0,6,3,3,128,61,67
GRAY COUNTY,179,16 Years,288,147,141,155,79,76,11,7,4,0,0,0,10,6,4,112,55,57
GRAY COUNTY,179,17 Years,280,146,134,155,81,74,7,5,2,0,0,0,8,6,2,110,54,56
GRAY COUNTY,179,18 Years,272,158,114,132,74,58,8,5,3,0,0,0,8,6,2,124,73,51
GRAY COUNTY,179,19 Years,236,128,108,110,65,45,5,1,4,0,0,0,9,6,3,112,56,56
GRAY COUNTY,179,20 Years,225,113,112,119,65,54,9,6,3,3,2,1,7,2,5,87,38,49
GRAY COUNTY,179,21 Years,238,124,114,119,65,54,6,4,2,0,0,0,7,2,5,106,53,53
GRAY COUNTY,179,22 Years,240,136,104,118,65,53,14,10,4,0,0,0,6,3,3,102,58,44
GRAY COUNTY,179,23 Years,271,147,124,138,74,64,11,7,4,0,0,0,8,4,4,114,62,52
GRAY COUNTY,179,24 Years,306,156,150,170,85,85,17,9,8,1,0,1,6,3,3,112,59,53
GRAY COUNTY,179,25 Years,321,173,148,184,98,86,13,6,7,1,1,0,5,2,3,118,66,52
GRAY COUNTY,179,26 Years,323,182,141,190,102,88,21,16,5,0,0,0,8,5,3,104,59,45
GRAY COUNTY,179,27 Years,302,177,125,159,88,71,22,18,4,0,0,0,4,3,1,117,68,49
GRAY COUNTY,179,28 Years,309,181,128,170,93,77,23,18,5,0,0,0,5,3,2,111,67,44
GRAY COUNTY,179,29 Years,300,166,134,167,82,85,22,18,4,1,1,0,5,3,2,105,62,43
GRAY COUNTY,179,30 Years,308,175,133,185,97,88,19,16,3,0,0,0,5,2,3,99,60,39
GRAY COUNTY,179,31 Years,336,193,143,198,102,96,19,17,2,1,0,1,6,3,3,112,71,41
GRAY COUNTY,179,32 Years,321,179,142,187,100,87,14,11,3,4,3,1,3,2,1,113,63,50
GRAY COUNTY,179,33 Years,301,155,146,195,98,97,16,13,3,2,1,1,2,0,2,86,43,43
GRAY COUNTY,179,34 Years,297,159,138,182,97,85,20,16,4,2,2,0,7,1,6,86,43,43
GRAY COUNTY,179,35 Years,311,185,126,183,108,75,14,12,2,3,2,1,5,2,3,106,61,45
GRAY COUNTY,179,36 Years,341,185,156,200,96,104,18,16,2,1,0,1,5,2,3,117,71,46
GRAY COUNTY,179,37 Years,307,186,121,172,87,85,21,18,3,1,1,0,3,2,1,110,78,32
GRAY COUNTY,179,38 Years,313,179,134,180,90,90,20,19,1,1,1,0,3,2,1,109,67,42
GRAY COUNTY,179,39 Years,310,188,122,173,94,79,22,21,1,1,1,0,5,3,2,109,69,40
GRAY COUNTY,179,40 Years,267,169,98,137,78,59,18,15,3,2,0,2,7,5,2,103,71,32
GRAY COUNTY,179,41 Years,285,164,121,160,81,79,16,13,3,2,1,1,5,2,3,102,67,35
GRAY COUNTY,179,42 Years,277,165,112,160,91,69,20,19,1,1,0,1,3,1,2,93,54,39
GRAY COUNTY,179,43 Years,257,166,91,152,92,60,20,19,1,2,2,0,2,1,1,81,52,29
GRAY COUNTY,179,44 Years,256,156,100,153,85,68,17,15,2,3,3,0,4,1,3,79,52,27
GRAY COUNTY,179,45 Years,271,161,110,153,79,74,17,17,0,1,1,0,3,1,2,97,63,34
GRAY COUNTY,179,46 Years,286,178,108,180,102,78,19,19,0,1,0,1,4,3,1,82,54,28
GRAY COUNTY,179,47 Years,293,177,116,194,109,85,19,18,1,0,0,0,5,3,2,75,47,28
GRAY COUNTY,179,48 Years,281,163,118,177,94,83,18,16,2,2,1,1,4,1,3,80,51,29
GRAY COUNTY,179,49 Years,285,171,114,172,100,72,20,15,5,1,0,1,3,1,2,89,55,34
GRAY COUNTY,179,50 Years,274,164,110,166,96,70,20,16,4,1,0,1,4,1,3,83,51,32
GRAY COUNTY,179,51 Years,261,163,98,155,86,69,18,17,1,1,1,0,2,1,1,85,58,27
GRAY COUNTY,179,52 Years,245,147,98,156,86,70,15,13,2,0,0,0,3,2,1,71,46,25
GRAY COUNTY,179,53 Years,242,149,93,159,91,68,18,15,3,0,0,0,5,2,3,60,41,19
GRAY COUNTY,179,54 Years,259,157,102,176,98,78,18,16,2,0,0,0,4,2,2,61,41,20
GRAY COUNTY,179,55 Years,258,146,112,186,100,86,20,16,4,1,0,1,6,3,3,45,27,18
GRAY COUNTY,179,56 Years,256,134,122,190,96,94,17,14,3,0,0,0,7,3,4,42,21,21
GRAY COUNTY,179,57 Years,269,131,138,195,94,101,13,10,3,2,1,1,7,2,5,52,24,28
GRAY COUNTY,179,58 Years,276,144,132,192,93,99,15,10,5,2,1,1,7,5,2,60,35,25
GRAY COUNTY,179,59 Years,270,144,126,190,93,97,11,8,3,2,1,1,6,3,3,61,39,22
GRAY COUNTY,179,60 Years,246,126,120,181,88,93,13,8,5,1,0,1,8,1,7,43,29,14
GRAY COUNTY,179,61 Years,264,144,120,208,108,100,10,6,4,1,0,1,5,3,2,40,27,13
GRAY COUNTY,179,62 Years,258,134,124,194,95,99,11,8,3,1,1,0,7,3,4,45,27,18
GRAY COUNTY,179,63 Years,244,125,119,175,84,91,14,10,4,1,0,1,8,5,3,46,26,20
GRAY COUNTY,179,64 Years,240,116,124,192,88,104,17,10,7,0,0,0,7,4,3,24,14,10
GRAY COUNTY,179,65 Years,216,96,120,173,76,97,12,4,8,0,0,0,4,2,2,27,14,13
GRAY COUNTY,179,66 Years,203,101,102,160,78,82,10,4,6,2,0,2,4,3,1,27,16,11
GRAY COUNTY,179,67 Years,198,92,106,168,76,92,6,2,4,1,0,1,3,2,1,20,12,8
GRAY COUNTY,179,68 Years,198,91,107,162,77,85,8,3,5,0,0,0,4,2,2,24,9,15
GRAY COUNTY,179,69 Years,188,86,102,152,73,79,6,2,4,1,1,0,5,1,4,24,9,15
GRAY COUNTY,179,70 Years,180,79,101,148,65,83,7,3,4,0,0,0,5,2,3,20,9,11
GRAY COUNTY,179,71 Years,180,78,102,148,61,87,4,3,1,2,0,2,6,5,1,20,9,11
GRAY COUNTY,179,72 Years,164,73,91,128,58,70,7,3,4,3,1,2,6,4,2,20,7,13
GRAY COUNTY,179,73 Years,158,73,85,133,60,73,5,2,3,1,1,0,4,2,2,15,8,7
GRAY COUNTY,179,74 Years,161,76,85,138,63,75,5,4,1,2,0,2,3,2,1,13,7,6
GRAY COUNTY,179,75 Years,156,67,89,129,54,75,7,3,4,1,0,1,5,4,1,14,6,8
GRAY COUNTY,179,76 Years,121,50,71,108,46,62,2,0,2,0,0,0,4,1,3,7,3,4
GRAY COUNTY,179,77 Years,117,52,65,104,46,58,5,2,3,0,0,0,2,1,1,6,3,3
GRAY COUNTY,179,78 Years,117,55,62,102,45,57,5,3,2,0,0,0,1,1,0,9,6,3
GRAY COUNTY,179,79 Years,116,52,64,97,42,55,5,2,3,1,0,1,4,2,2,9,6,3
GRAY COUNTY,179,80 Years,105,41,64,94,36,58,3,1,2,0,0,0,3,1,2,5,3,2
GRAY COUNTY,179,81 Years,98,36,62,88,31,57,1,1,0,0,0,0,3,1,2,6,3,3
GRAY COUNTY,179,82 Years,100,43,57,87,39,48,2,0,2,0,0,0,5,1,4,6,3,3
GRAY COUNTY,179,83 Years,87,35,52,73,32,41,7,1,6,0,0,0,3,1,2,4,1,3
GRAY COUNTY,179,84 Years,73,26,47,65,24,41,2,0,2,1,0,1,1,0,1,4,2,2
GRAY COUNTY,179,85 Years,83,32,51,74,25,49,2,2,0,1,1,0,1,1,0,5,3,2
GRAY COUNTY,179,86 Years,71,30,41,62,23,39,3,3,0,0,0,0,1,1,0,5,3,2
GRAY COUNTY,179,87 Years,66,24,42,57,21,36,2,1,1,1,0,1,2,0,2,4,2,2
GRAY COUNTY,179,88 Years,58,23,35,50,19,31,3,1,2,0,0,0,1,1,0,4,2,2
GRAY COUNTY,179,89 Years,47,19,28,44,17,27,1,1,0,0,0,0,0,0,0,2,1,1
GRAY COUNTY,179,90 Years,40,17,23,36,16,20,1,0,1,0,0,0,1,0,1,2,1,1
GRAY COUNTY,179,91 Years,33,15,18,28,13,15,1,0,1,0,0,0,1,0,1,3,2,1
GRAY COUNTY,179,92 Years,24,10,14,22,9,13,0,0,0,0,0,0,0,0,0,2,1,1
GRAY COUNTY,179,93 Years,21,8,13,19,7,12,1,1,0,0,0,0,0,0,0,1,0,1
GRAY COUNTY,179,94 Years,17,6,11,15,4,11,0,0,0,0,0,0,0,0,0,2,2,0
GRAY COUNTY,179,95 Years +,35,12,23,27,8,19,3,1,2,0,0,0,2,1,1,3,2,1
GRAYSON COUNTY,181,All Ages,134738,65768,68970,101572,49310,52262,7783,3706,4077,1336,632,704,5739,2710,3029,18308,9410,8898
GRAYSON COUNTY,181,< 1 Year,1665,858,807,976,502,474,110,56,54,24,10,14,151,70,81,404,220,184
GRAYSON COUNTY,181,1 Years,1666,850,816,983,512,471,105,53,52,18,8,10,149,67,82,411,210,201
GRAYSON COUNTY,181,2 Years,1674,836,838,980,504,476,103,52,51,21,8,13,162,71,91,408,201,207
GRAYSON COUNTY,181,3 Years,1685,843,842,1013,524,489,95,46,49,18,7,11,145,66,79,414,200,214
GRAYSON COUNTY,181,4 Years,1706,870,836,1030,541,489,95,45,50,18,8,10,142,63,79,421,213,208
GRAYSON COUNTY,181,5 Years,1704,900,804,1026,557,469,100,43,57,15,9,6,127,60,67,436,231,205
GRAYSON COUNTY,181,6 Years,1690,892,798,1014,555,459,105,46,59,11,7,4,121,52,69,439,232,207
GRAYSON COUNTY,181,7 Years,1707,900,807,1035,554,481,109,50,59,10,6,4,117,58,59,436,232,204
GRAYSON COUNTY,181,8 Years,1740,900,840,1053,558,495,112,50,62,11,6,5,108,62,46,456,224,232
GRAYSON COUNTY,181,9 Years,1778,898,880,1080,550,530,118,51,67,9,4,5,120,65,55,451,228,223
GRAYSON COUNTY,181,10 Years,1824,923,901,1107,562,545,121,62,59,14,9,5,132,66,66,450,224,226
GRAYSON COUNTY,181,11 Years,1751,891,860,1088,557,531,135,75,60,11,5,6,112,56,56,405,198,207
GRAYSON COUNTY,181,12 Years,1850,935,915,1177,591,586,131,62,69,14,7,7,128,67,61,400,208,192
GRAYSON COUNTY,181,13 Years,1872,946,926,1210,612,598,117,46,71,11,6,5,130,65,65,404,217,187
GRAYSON COUNTY,181,14 Years,1811,905,906,1182,598,584,125,57,68,8,5,3,112,56,56,384,189,195
GRAYSON COUNTY,181,15 Years,1739,834,905,1163,579,584,148,58,90,14,7,7,92,48,44,322,142,180
GRAYSON COUNTY,181,16 Years,1800,955,845,1189,642,547,140,61,79,20,12,8,102,54,48,349,186,163
GRAYSON COUNTY,181,17 Years,1813,955,858,1208,639,569,123,62,61,19,8,11,97,53,44,366,193,173
GRAYSON COUNTY,181,18 Years,1741,879,862,1123,581,542,123,55,68,38,17,21,113,61,52,344,165,179
GRAYSON COUNTY,181,19 Years,1616,813,803,1012,520,492,120,55,65,51,27,24,102,56,46,331,155,176
GRAYSON COUNTY,181,20 Years,1505,769,736,955,497,458,105,55,50,43,21,22,97,45,52,305,151,154
GRAYSON COUNTY,181,21 Years,1501,773,728,962,502,460,115,63,52,37,18,19,98,45,53,289,145,144
GRAYSON COUNTY,181,22 Years,1435,705,730,936,467,469,111,54,57,26,10,16,97,44,53,265,130,135
GRAYSON COUNTY,181,23 Years,1420,735,685,933,476,457,103,50,53,43,26,17,94,50,44,247,133,114
GRAYSON COUNTY,181,24 Years,1493,755,738,1024,518,506,107,49,58,23,12,11,109,58,51,230,118,112
GRAYSON COUNTY,181,25 Years,1563,794,769,1089,558,531,113,47,66,16,12,4,95,49,46,250,128,122
GRAYSON COUNTY,181,26 Years,1734,871,863,1225,627,598,126,65,61,20,9,11,100,48,52,263,122,141
GRAYSON COUNTY,181,27 Years,2022,978,1044,1463,706,757,152,76,76,36,17,19,98,44,54,273,135,138
GRAYSON COUNTY,181,28 Years,1982,927,1055,1422,662,760,152,69,83,30,11,19,83,42,41,295,143,152
GRAYSON COUNTY,181,29 Years,1878,875,1003,1363,607,756,135,69,66,35,17,18,93,47,46,252,135,117
GRAYSON COUNTY,181,30 Years,1781,874,907,1310,634,676,113,59,54,17,8,9,74,32,42,267,141,126
GRAYSON COUNTY,181,31 Years,1679,817,862,1219,581,638,107,53,54,17,14,3,65,23,42,271,146,125
GRAYSON COUNTY,181,32 Years,1564,775,789,1147,559,588,85,44,41,9,6,3,67,24,43,256,142,114
GRAYSON COUNTY,181,33 Years,1623,790,833,1199,560,639,103,57,46,6,3,3,56,20,36,259,150,109
GRAYSON COUNTY,181,34 Years,1550,746,804,1128,518,610,97,51,46,35,18,17,58,23,35,232,136,96
GRAYSON COUNTY,181,35 Years,1563,765,798,1161,543,618,87,48,39,29,20,9,47,22,25,239,132,107
GRAYSON COUNTY,181,36 Years,1586,800,786,1199,594,605,100,51,49,14,9,5,43,20,23,230,126,104
GRAYSON COUNTY,181,37 Years,1650,801,849,1238,604,634,108,49,59,11,3,8,50,24,26,243,121,122
GRAYSON COUNTY,181,38 Years,1619,805,814,1199,597,602,99,49,50,12,5,7,62,25,37,247,129,118
GRAYSON COUNTY,181,39 Years,1484,747,737,1108,551,557,98,48,50,13,5,8,50,21,29,215,122,93
GRAYSON COUNTY,181,40 Years,1467,729,738,1085,519,566,86,45,41,11,6,5,48,23,25,237,136,101
GRAYSON COUNTY,181,41 Years,1454,718,736,1095,542,553,77,29,48,12,7,5,48,28,20,222,112,110
GRAYSON COUNTY,181,42 Years,1411,685,726,1070,522,548,72,31,41,18,6,12,45,20,25,206,106,100
GRAYSON COUNTY,181,43 Years,1519,755,764,1140,561,579,73,37,36,23,10,13,50,22,28,233,125,108
GRAYSON COUNTY,181,44 Years,1566,779,787,1187,585,602,76,39,37,16,6,10,46,23,23,241,126,115
GRAYSON COUNTY,181,45 Years,1503,745,758,1154,570,584,84,36,48,12,4,8,39,17,22,214,118,96
GRAYSON COUNTY,181,46 Years,1586,759,827,1233,579,654,80,34,46,14,7,7,47,22,25,212,117,95
GRAYSON COUNTY,181,47 Years,1696,824,872,1343,643,700,77,36,41,16,7,9,52,26,26,208,112,96
GRAYSON COUNTY,181,48 Years,1669,797,872,1306,605,701,82,41,41,12,4,8,52,27,25,217,120,97
GRAYSON COUNTY,181,49 Years,1648,819,829,1298,630,668,73,41,32,13,5,8,40,18,22,224,125,99
GRAYSON COUNTY,181,50 Years,1575,724,851,1232,567,665,75,34,41,18,10,8,40,16,24,210,97,113
GRAYSON COUNTY,181,51 Years,1541,750,791,1212,579,633,85,46,39,20,10,10,44,23,21,180,92,88
GRAYSON COUNTY,181,52 Years,1627,818,809,1290,635,655,73,39,34,15,7,8,47,25,22,202,112,90
GRAYSON COUNTY,181,53 Years,1760,858,902,1415,686,729,90,44,46,16,7,9,56,22,34,183,99,84
GRAYSON COUNTY,181,54 Years,1870,938,932,1539,773,766,102,48,54,14,7,7,53,24,29,162,86,76
GRAYSON COUNTY,181,55 Years,1909,926,983,1582,763,819,110,56,54,12,5,7,48,22,26,157,80,77
GRAYSON COUNTY,181,56 Years,1867,923,944,1544,763,781,106,51,55,15,7,8,51,22,29,151,80,71
GRAYSON COUNTY,181,57 Years,1944,958,986,1603,787,816,112,59,53,19,8,11,52,21,31,158,83,75
GRAYSON COUNTY,181,58 Years,1921,932,989,1612,783,829,107,49,58,13,5,8,53,28,25,136,67,69
GRAYSON COUNTY,181,59 Years,1910,919,991,1628,778,850,109,55,54,15,4,11,41,21,20,117,61,56
GRAYSON COUNTY,181,60 Years,1921,965,956,1627,822,805,111,52,59,18,6,12,52,24,28,113,61,52
GRAYSON COUNTY,181,61 Years,1899,918,981,1590,776,814,126,53,73,18,8,10,54,25,29,111,56,55
GRAYSON COUNTY,181,62 Years,1916,901,1015,1638,775,863,107,50,57,23,9,14,45,20,25,103,47,56
GRAYSON COUNTY,181,63 Years,1833,895,938,1577,772,805,102,49,53,19,8,11,43,23,20,92,43,49
GRAYSON COUNTY,181,64 Years,1719,815,904,1492,716,776,85,39,46,13,5,8,49,17,32,80,38,42
GRAYSON COUNTY,181,65 Years,1588,755,833,1399,670,729,75,36,39,9,3,6,34,12,22,71,34,37
GRAYSON COUNTY,181,66 Years,1565,735,830,1374,643,731,71,39,32,11,4,7,39,17,22,70,32,38
GRAYSON COUNTY,181,67 Years,1457,673,784,1263,585,678,78,37,41,10,4,6,40,18,22,66,29,37
GRAYSON COUNTY,181,68 Years,1506,681,825,1312,593,719,80,38,42,7,2,5,40,19,21,67,29,38
GRAYSON COUNTY,181,69 Years,1444,677,767,1283,604,679,74,32,42,10,4,6,26,12,14,51,25,26
GRAYSON COUNTY,181,70 Years,1439,700,739,1308,637,671,52,25,27,5,1,4,32,16,16,42,21,21
GRAYSON COUNTY,181,71 Years,1493,711,782,1348,646,702,65,35,30,1,0,1,36,13,23,43,17,26
GRAYSON COUNTY,181,72 Years,1263,573,690,1142,526,616,51,22,29,4,2,2,33,12,21,33,11,22
GRAYSON COUNTY,181,73 Years,1140,520,620,1028,477,551,38,14,24,6,4,2,33,15,18,35,10,25
GRAYSON COUNTY,181,74 Years,1152,543,609,1044,496,548,43,22,21,7,4,3,31,10,21,27,11,16
GRAYSON COUNTY,181,75 Years,1107,529,578,1022,487,535,31,16,15,7,4,3,25,10,15,22,12,10
GRAYSON COUNTY,181,76 Years,1014,473,541,932,436,496,25,11,14,5,1,4,21,11,10,31,14,17
GRAYSON COUNTY,181,77 Years,863,369,494,793,342,451,25,9,16,4,1,3,14,5,9,27,12,15
GRAYSON COUNTY,181,78 Years,796,357,439,720,322,398,38,13,25,3,2,1,11,7,4,24,13,11
GRAYSON COUNTY,181,79 Years,741,341,400,681,316,365,26,10,16,6,2,4,11,6,5,17,7,10
GRAYSON COUNTY,181,80 Years,658,298,360,608,274,334,18,8,10,4,2,2,14,7,7,14,7,7
GRAYSON COUNTY,181,81 Years,642,297,345,591,275,316,20,7,13,2,1,1,15,6,9,14,8,6
GRAYSON COUNTY,181,82 Years,570,243,327,524,223,301,15,6,9,4,1,3,16,6,10,11,7,4
GRAYSON COUNTY,181,83 Years,558,235,323,519,218,301,14,5,9,2,0,2,12,5,7,11,7,4
GRAYSON COUNTY,181,84 Years,509,213,296,472,195,277,12,5,7,1,1,0,11,4,7,13,8,5
GRAYSON COUNTY,181,85 Years,476,193,283,443,179,264,10,4,6,0,0,0,11,3,8,12,7,5
GRAYSON COUNTY,181,86 Years,419,170,249,392,158,234,10,4,6,0,0,0,6,2,4,11,6,5
GRAYSON COUNTY,181,87 Years,377,150,227,350,138,212,10,3,7,2,0,2,6,3,3,9,6,3
GRAYSON COUNTY,181,88 Years,368,142,226,334,130,204,16,4,12,0,0,0,7,3,4,11,5,6
GRAYSON COUNTY,181,89 Years,289,111,178,266,102,164,12,3,9,0,0,0,3,1,2,8,5,3
GRAYSON COUNTY,181,90 Years,234,79,155,215,72,143,8,3,5,0,0,0,5,2,3,6,2,4
GRAYSON COUNTY,181,91 Years,200,70,130,184,64,120,5,1,4,0,0,0,4,2,2,7,3,4
GRAYSON COUNTY,181,92 Years,168,57,111,149,51,98,8,2,6,1,0,1,3,1,2,7,3,4
GRAYSON COUNTY,181,93 Years,139,44,95,124,39,85,6,2,4,0,0,0,2,0,2,7,3,4
GRAYSON COUNTY,181,94 Years,115,32,83,103,28,75,5,2,3,0,0,0,2,0,2,5,2,3
GRAYSON COUNTY,181,95 Years +,253,62,191,228,54,174,11,4,7,3,1,2,3,1,2,8,2,6
GREGG COUNTY,183,All Ages,125906,61976,63930,71905,35090,36815,25358,11979,13379,1471,727,744,3089,1483,1606,24083,12697,11386
GREGG COUNTY,183,< 1 Year,1570,809,761,695,362,333,324,168,156,11,5,6,84,34,50,456,240,216
GREGG COUNTY,183,1 Years,1599,811,788,704,362,342,324,161,163,12,5,7,86,38,48,473,245,228
GREGG COUNTY,183,2 Years,1675,866,809,726,373,353,330,170,160,15,6,9,96,41,55,508,276,232
GREGG COUNTY,183,3 Years,1790,936,854,764,399,365,350,177,173,18,10,8,102,48,54,556,302,254
GREGG COUNTY,183,4 Years,1829,960,869,770,399,371,352,183,169,16,7,9,107,49,58,584,322,262
GREGG COUNTY,183,5 Years,1848,966,882,775,401,374,364,187,177,13,6,7,96,47,49,600,325,275
GREGG COUNTY,183,6 Years,1831,946,885,768,391,377,357,184,173,17,6,11,94,43,51,595,322,273
GREGG COUNTY,183,7 Years,1840,955,885,785,410,375,348,181,167,15,6,9,90,41,49,602,317,285
GREGG COUNTY,183,8 Years,1750,938,812,748,395,353,331,175,156,15,11,4,85,48,37,571,309,262
GREGG COUNTY,183,9 Years,1791,958,833,777,424,353,376,192,184,11,8,3,74,37,37,553,297,256
GREGG COUNTY,183,10 Years,1812,944,868,770,406,364,404,200,204,17,10,7,85,35,50,536,293,243
GREGG COUNTY,183,11 Years,1802,930,872,810,424,386,363,182,181,19,12,7,73,34,39,537,278,259
GREGG COUNTY,183,12 Years,1806,967,839,808,450,358,361,185,176,14,9,5,61,31,30,562,292,270
GREGG COUNTY,183,13 Years,1823,933,890,789,421,368,406,198,208,14,7,7,81,31,50,533,276,257
GREGG COUNTY,183,14 Years,1803,933,870,774,423,351,406,202,204,21,12,9,73,29,44,529,267,262
GREGG COUNTY,183,15 Years,1812,942,870,824,451,373,388,187,201,20,10,10,63,36,27,517,258,259
GREGG COUNTY,183,16 Years,1822,967,855,855,460,395,403,216,187,13,7,6,56,33,23,495,251,244
GREGG COUNTY,183,17 Years,1786,944,842,842,460,382,397,199,198,21,13,8,53,31,22,473,241,232
GREGG COUNTY,183,18 Years,1762,945,817,832,466,366,400,195,205,26,13,13,50,28,22,454,243,211
GREGG COUNTY,183,19 Years,1640,881,759,784,437,347,380,181,199,22,13,9,52,26,26,402,224,178
GREGG COUNTY,183,20 Years,1613,832,781,784,410,374,365,184,181,17,10,7,50,25,25,397,203,194
GREGG COUNTY,183,21 Years,1537,790,747,727,378,349,374,191,183,18,13,5,45,23,22,373,185,188
GREGG COUNTY,183,22 Years,1543,769,774,738,386,352,394,189,205,17,9,8,46,22,24,348,163,185
GREGG COUNTY,183,23 Years,1579,783,796,781,413,368,386,185,201,18,6,12,44,23,21,350,156,194
GREGG COUNTY,183,24 Years,1553,759,794,768,385,383,379,175,204,20,6,14,38,19,19,348,174,174
GREGG COUNTY,183,25 Years,1619,785,834,800,401,399,433,198,235,22,9,13,30,14,16,334,163,171
GREGG COUNTY,183,26 Years,1825,916,909,949,486,463,468,234,234,24,13,11,46,24,22,338,159,179
GREGG COUNTY,183,27 Years,2029,1020,1009,1087,546,541,500,251,249,30,17,13,45,26,19,367,180,187
GREGG COUNTY,183,28 Years,2017,1007,1010,1086,545,541,481,234,247,30,13,17,40,21,19,380,194,186
GREGG COUNTY,183,29 Years,1874,979,895,1061,555,506,391,205,186,33,18,15,36,20,16,353,181,172
GREGG COUNTY,183,30 Years,1859,942,917,1045,534,511,399,188,211,29,17,12,35,17,18,351,186,165
GREGG COUNTY,183,31 Years,1806,900,906,1020,502,518,378,178,200,28,15,13,33,16,17,347,189,158
GREGG COUNTY,183,32 Years,1697,857,840,970,472,498,356,172,184,21,10,11,33,21,12,317,182,135
GREGG COUNTY,183,33 Years,1671,850,821,946,466,480,345,164,181,29,16,13,30,19,11,321,185,136
GREGG COUNTY,183,34 Years,1681,835,846,944,453,491,334,166,168,21,11,10,38,20,18,344,185,159
GREGG COUNTY,183,35 Years,1730,877,853,968,490,478,368,174,194,17,10,7,32,18,14,345,185,160
GREGG COUNTY,183,36 Years,1712,850,862,930,471,459,371,169,202,22,11,11,25,16,9,364,183,181
GREGG COUNTY,183,37 Years,1668,797,871,932,456,476,352,149,203,22,11,11,24,14,10,338,167,171
GREGG COUNTY,183,38 Years,1633,807,826,890,438,452,349,161,188,31,14,17,27,13,14,336,181,155
GREGG COUNTY,183,39 Years,1524,761,763,821,422,399,336,155,181,27,12,15,27,11,16,313,161,152
GREGG COUNTY,183,40 Years,1525,756,769,829,406,423,348,165,183,24,11,13,20,11,9,304,163,141
GREGG COUNTY,183,41 Years,1498,749,749,809,409,400,326,159,167,21,8,13,22,9,13,320,164,156
GREGG COUNTY,183,42 Years,1415,684,731,790,400,390,278,105,173,15,8,7,26,10,16,306,161,145
GREGG COUNTY,183,43 Years,1389,685,704,774,389,385,262,108,154,17,8,9,25,11,14,311,169,142
GREGG COUNTY,183,44 Years,1407,690,717,784,386,398,284,128,156,21,8,13,25,12,13,293,156,137
GREGG COUNTY,183,45 Years,1344,644,700,745,355,390,290,126,164,24,14,10,18,7,11,267,142,125
GREGG COUNTY,183,46 Years,1401,663,738,786,360,426,306,137,169,18,12,6,23,9,14,268,145,123
GREGG COUNTY,183,47 Years,1538,735,803,859,398,461,344,168,176,29,12,17,23,8,15,283,149,134
GREGG COUNTY,183,48 Years,1555,750,805,918,444,474,324,146,178,23,11,12,21,8,13,269,141,128
GREGG COUNTY,183,49 Years,1453,680,773,889,403,486,297,134,163,14,7,7,19,9,10,234,127,107
GREGG COUNTY,183,50 Years,1349,650,699,786,375,411,298,140,158,17,9,8,21,10,11,227,116,111
GREGG COUNTY,183,51 Years,1347,666,681,789,389,400,286,137,149,20,10,10,23,9,14,229,121,108
GREGG COUNTY,183,52 Years,1360,671,689,819,394,425,267,130,137,22,10,12,21,12,9,231,125,106
GREGG COUNTY,183,53 Years,1488,733,755,929,450,479,289,135,154,16,6,10,20,9,11,234,133,101
GREGG COUNTY,183,54 Years,1520,731,789,957,458,499,284,131,153,16,6,10,19,8,11,244,128,116
GREGG COUNTY,183,55 Years,1525,747,778,945,451,494,296,135,161,30,13,17,25,14,11,229,134,95
GREGG COUNTY,183,56 Years,1632,773,859,1043,491,552,308,128,180,24,10,14,20,8,12,237,136,101
GREGG COUNTY,183,57 Years,1588,761,827,1017,477,540,301,132,169,28,12,16,21,11,10,221,129,92
GREGG COUNTY,183,58 Years,1625,768,857,1055,497,558,319,133,186,22,10,12,24,12,12,205,116,89
GREGG COUNTY,183,59 Years,1571,749,822,1053,489,564,300,138,162,19,6,13,28,13,15,171,103,68
GREGG COUNTY,183,60 Years,1637,788,849,1139,546,593,300,131,169,17,4,13,23,8,15,158,99,59
GREGG COUNTY,183,61 Years,1562,780,782,1104,548,556,292,137,155,13,6,7,24,7,17,129,82,47
GREGG COUNTY,183,62 Years,1496,729,767,1043,509,534,297,138,159,15,5,10,25,10,15,116,67,49
GREGG COUNTY,183,63 Years,1468,713,755,1019,494,525,290,133,157,24,14,10,23,10,13,112,62,50
GREGG COUNTY,183,64 Years,1353,628,725,966,448,518,254,108,146,16,9,7,24,11,13,93,52,41
GREGG COUNTY,183,65 Years,1343,600,743,964,427,537,236,100,136,18,10,8,20,8,12,105,55,50
GREGG COUNTY,183,66 Years,1276,623,653,949,463,486,226,108,118,11,4,7,19,11,8,71,37,34
GREGG COUNTY,183,67 Years,1229,607,622,907,456,451,223,99,124,14,4,10,15,11,4,70,37,33
GREGG COUNTY,183,68 Years,1171,550,621,867,420,447,209,89,120,16,7,9,12,7,5,67,27,40
GREGG COUNTY,183,69 Years,1108,496,612,826,371,455,190,82,108,14,9,5,16,2,14,62,32,30
GREGG COUNTY,183,70 Years,1093,496,597,854,390,464,169,69,100,9,6,3,11,6,5,50,25,25
GREGG COUNTY,183,71 Years,1104,501,603,877,403,474,157,67,90,8,3,5,13,9,4,49,19,30
GREGG COUNTY,183,72 Years,902,421,481,707,323,384,134,65,69,4,1,3,13,8,5,44,24,20
GREGG COUNTY,183,73 Years,801,368,433,636,284,352,108,50,58,7,5,2,10,6,4,40,23,17
GREGG COUNTY,183,74 Years,833,373,460,685,304,381,97,41,56,7,5,2,11,7,4,33,16,17
GREGG COUNTY,183,75 Years,840,373,467,700,308,392,95,45,50,4,3,1,10,4,6,31,13,18
GREGG COUNTY,183,76 Years,709,313,396,570,250,320,99,46,53,5,3,2,10,4,6,25,10,15
GREGG COUNTY,183,77 Years,663,297,366,529,238,291,100,44,56,4,3,1,10,5,5,20,7,13
GREGG COUNTY,183,78 Years,611,261,350,505,214,291,78,32,46,3,1,2,6,4,2,19,10,9
GREGG COUNTY,183,79 Years,586,246,340,470,202,268,78,28,50,6,2,4,7,4,3,25,10,15
GREGG COUNTY,183,80 Years,538,219,319,443,178,265,66,29,37,2,1,1,5,3,2,22,8,14
GREGG COUNTY,183,81 Years,537,213,324,440,172,268,65,28,37,3,1,2,9,4,5,20,8,12
GREGG COUNTY,183,82 Years,501,202,299,416,165,251,59,25,34,4,2,2,5,2,3,17,8,9
GREGG COUNTY,183,83 Years,462,190,272,387,161,226,57,22,35,1,1,0,4,0,4,13,6,7
GREGG COUNTY,183,84 Years,397,162,235,329,137,192,51,19,32,1,0,1,4,0,4,12,6,6
GREGG COUNTY,183,85 Years,390,161,229,327,132,195,40,17,23,3,1,2,6,3,3,14,8,6
GREGG COUNTY,183,86 Years,354,131,223,296,109,187,38,11,27,2,1,1,6,3,3,12,7,5
GREGG COUNTY,183,87 Years,320,114,206,268,98,170,37,8,29,4,2,2,3,2,1,8,4,4
GREGG COUNTY,183,88 Years,290,104,186,244,87,157,32,11,21,1,1,0,3,0,3,10,5,5
GREGG COUNTY,183,89 Years,255,84,171,215,69,146,25,8,17,1,1,0,4,1,3,10,5,5
GREGG COUNTY,183,90 Years,209,72,137,171,59,112,24,5,19,1,0,1,3,1,2,10,7,3
GREGG COUNTY,183,91 Years,181,62,119,151,50,101,18,6,12,2,1,1,2,0,2,8,5,3
GREGG COUNTY,183,92 Years,152,45,107,128,41,87,16,2,14,1,0,1,2,0,2,5,2,3
GREGG COUNTY,183,93 Years,123,35,88,102,29,73,15,2,13,1,1,0,1,0,1,4,3,1
GREGG COUNTY,183,94 Years,87,25,62,73,20,53,10,2,8,1,1,0,0,0,0,3,2,1
GREGG COUNTY,183,95 Years +,234,62,172,175,41,134,43,12,31,2,1,1,1,0,1,13,8,5
GRIMES COUNTY,185,All Ages,28871,15749,13122,16729,8893,7836,4421,2554,1867,72,40,32,660,333,327,6989,3929,3060
GRIMES COUNTY,185,< 1 Year,317,163,154,143,69,74,38,21,17,0,0,0,30,24,6,106,49,57
GRIMES COUNTY,185,1 Years,337,167,170,150,74,76,38,21,17,1,1,0,36,20,16,112,51,61
GRIMES COUNTY,185,2 Years,347,168,179,156,77,79,38,19,19,1,1,0,36,14,22,116,57,59
GRIMES COUNTY,185,3 Years,372,180,192,166,86,80,40,22,18,0,0,0,36,6,30,130,66,64
GRIMES COUNTY,185,4 Years,366,193,173,160,85,75,47,22,25,0,0,0,30,14,16,129,72,57
GRIMES COUNTY,185,5 Years,360,204,156,158,89,69,44,24,20,1,1,0,31,18,13,126,72,54
GRIMES COUNTY,185,6 Years,347,194,153,152,86,66,41,20,21,1,1,0,31,21,10,122,66,56
GRIMES COUNTY,185,7 Years,348,196,152,168,95,73,39,22,17,0,0,0,18,12,6,123,67,56
GRIMES COUNTY,185,8 Years,331,165,166,154,76,78,40,19,21,0,0,0,12,2,10,125,68,57
GRIMES COUNTY,185,9 Years,347,177,170,142,69,73,45,24,21,0,0,0,13,7,6,147,77,70
GRIMES COUNTY,185,10 Years,363,179,184,167,83,84,35,16,19,1,1,0,6,2,4,154,77,77
GRIMES COUNTY,185,11 Years,380,180,200,168,78,90,56,29,27,1,1,0,10,4,6,145,68,77
GRIMES COUNTY,185,12 Years,361,176,185,147,64,83,61,38,23,1,0,1,8,4,4,144,70,74
GRIMES COUNTY,185,13 Years,357,188,169,144,70,74,55,35,20,4,3,1,9,7,2,145,73,72
GRIMES COUNTY,185,14 Years,370,182,188,149,74,75,65,35,30,1,1,0,8,3,5,147,69,78
GRIMES COUNTY,185,15 Years,367,179,188,164,80,84,51,25,26,1,1,0,6,2,4,145,71,74
GRIMES COUNTY,185,16 Years,338,155,183,135,59,76,58,22,36,1,1,0,5,2,3,139,71,68
GRIMES COUNTY,185,17 Years,349,176,173,148,80,68,58,27,31,1,0,1,12,6,6,130,63,67
GRIMES COUNTY,185,18 Years,329,172,157,141,71,70,61,33,28,0,0,0,13,9,4,114,59,55
GRIMES COUNTY,185,19 Years,271,149,122,119,60,59,46,24,22,1,0,1,7,6,1,98,59,39
GRIMES COUNTY,185,20 Years,309,195,114,140,87,53,62,42,20,1,0,1,7,5,2,99,61,38
GRIMES COUNTY,185,21 Years,307,172,135,133,76,57,60,39,21,2,1,1,6,2,4,106,54,52
GRIMES COUNTY,185,22 Years,334,188,146,147,79,68,65,42,23,2,1,1,15,11,4,105,55,50
GRIMES COUNTY,185,23 Years,360,214,146,170,91,79,71,48,23,2,0,2,12,9,3,105,66,39
GRIMES COUNTY,185,24 Years,361,217,144,167,92,75,70,47,23,1,0,1,11,9,2,112,69,43
GRIMES COUNTY,185,25 Years,408,244,164,202,122,80,83,52,31,1,0,1,9,4,5,113,66,47
GRIMES COUNTY,185,26 Years,396,228,168,197,107,90,79,51,28,0,0,0,8,3,5,112,67,45
GRIMES COUNTY,185,27 Years,414,246,168,236,126,110,81,59,22,1,1,0,6,2,4,90,58,32
GRIMES COUNTY,185,28 Years,372,224,148,210,120,90,66,49,17,0,0,0,6,3,3,90,52,38
GRIMES COUNTY,185,29 Years,382,224,158,214,117,97,77,55,22,0,0,0,1,1,0,90,51,39
GRIMES COUNTY,185,30 Years,337,191,146,178,99,79,67,42,25,0,0,0,3,2,1,89,48,41
GRIMES COUNTY,185,31 Years,359,226,133,195,118,77,64,48,16,1,1,0,3,1,2,96,58,38
GRIMES COUNTY,185,32 Years,372,222,150,203,114,89,62,45,17,1,1,0,4,1,3,102,61,41
GRIMES COUNTY,185,33 Years,368,224,144,201,120,81,62,39,23,1,1,0,5,2,3,99,62,37
GRIMES COUNTY,185,34 Years,362,219,143,196,109,87,57,38,19,1,1,0,4,1,3,104,70,34
GRIMES COUNTY,185,35 Years,358,218,140,192,109,83,75,45,30,0,0,0,1,0,1,90,64,26
GRIMES COUNTY,185,36 Years,333,194,139,172,100,72,66,32,34,1,1,0,1,1,0,93,60,33
GRIMES COUNTY,185,37 Years,363,208,155,190,107,83,77,46,31,1,1,0,0,0,0,95,54,41
GRIMES COUNTY,185,38 Years,345,190,155,191,106,85,69,35,34,1,1,0,5,3,2,79,45,34
GRIMES COUNTY,185,39 Years,348,209,139,186,112,74,72,45,27,2,1,1,3,1,2,85,50,35
GRIMES COUNTY,185,40 Years,310,186,124,166,98,68,50,32,18,1,0,1,4,3,1,89,53,36
GRIMES COUNTY,185,41 Years,303,178,125,164,95,69,47,29,18,0,0,0,1,1,0,91,53,38
GRIMES COUNTY,185,42 Years,350,202,148,181,104,77,57,35,22,1,1,0,5,4,1,106,58,48
GRIMES COUNTY,185,43 Years,354,205,149,196,107,89,51,33,18,3,1,2,4,3,1,100,61,39
GRIMES COUNTY,185,44 Years,339,202,137,192,114,78,54,37,17,2,0,2,2,2,0,89,49,40
GRIMES COUNTY,185,45 Years,356,206,150,203,117,86,53,32,21,4,3,1,5,2,3,91,52,39
GRIMES COUNTY,185,46 Years,380,220,160,234,134,100,51,29,22,1,1,0,9,6,3,85,50,35
GRIMES COUNTY,185,47 Years,377,232,145,228,130,98,59,42,17,1,0,1,4,3,1,85,57,28
GRIMES COUNTY,185,48 Years,361,213,148,217,118,99,48,33,15,1,0,1,3,1,2,92,61,31
GRIMES COUNTY,185,49 Years,352,205,147,209,119,90,47,28,19,1,0,1,4,2,2,91,56,35
GRIMES COUNTY,185,50 Years,340,201,139,198,110,88,49,35,14,0,0,0,4,2,2,89,54,35
GRIMES COUNTY,185,51 Years,337,205,132,189,116,73,60,40,20,0,0,0,4,2,2,84,47,37
GRIMES COUNTY,185,52 Years,353,201,152,188,104,84,74,43,31,1,1,0,8,3,5,82,50,32
GRIMES COUNTY,185,53 Years,370,206,164,212,114,98,77,44,33,3,1,2,7,4,3,71,43,28
GRIMES COUNTY,185,54 Years,393,229,164,243,144,99,69,38,31,1,1,0,7,3,4,73,43,30
GRIMES COUNTY,185,55 Years,391,212,179,253,132,121,71,39,32,1,1,0,4,2,2,62,38,24
GRIMES COUNTY,185,56 Years,392,214,178,267,140,127,65,38,27,0,0,0,4,2,2,56,34,22
GRIMES COUNTY,185,57 Years,398,213,185,280,145,135,56,32,24,1,1,0,5,3,2,56,32,24
GRIMES COUNTY,185,58 Years,420,213,207,286,140,146,60,35,25,1,0,1,6,1,5,67,37,30
GRIMES COUNTY,185,59 Years,439,249,190,291,157,134,66,39,27,1,0,1,7,3,4,74,50,24
GRIMES COUNTY,185,60 Years,410,221,189,284,142,142,64,37,27,1,1,0,6,3,3,55,38,17
GRIMES COUNTY,185,61 Years,417,224,193,288,144,144,58,38,20,1,0,1,5,3,2,65,39,26
GRIMES COUNTY,185,62 Years,425,228,197,297,149,148,60,32,28,2,1,1,4,1,3,62,45,17
GRIMES COUNTY,185,63 Years,440,228,212,316,152,164,54,31,23,2,1,1,4,1,3,64,43,21
GRIMES COUNTY,185,64 Years,450,262,188,328,190,138,60,35,25,1,0,1,4,2,2,57,35,22
GRIMES COUNTY,185,65 Years,392,224,168,292,170,122,51,25,26,1,1,0,6,2,4,42,26,16
GRIMES COUNTY,185,66 Years,366,189,177,274,139,135,52,26,26,0,0,0,4,1,3,36,23,13
GRIMES COUNTY,185,67 Years,362,182,180,262,131,131,46,22,24,0,0,0,3,2,1,51,27,24
GRIMES COUNTY,185,68 Years,354,193,161,275,147,128,42,23,19,0,0,0,3,2,1,34,21,13
GRIMES COUNTY,185,69 Years,309,169,140,226,125,101,45,22,23,0,0,0,4,1,3,34,21,13
GRIMES COUNTY,185,70 Years,320,156,164,247,127,120,35,14,21,1,0,1,2,0,2,35,15,20
GRIMES COUNTY,185,71 Years,301,148,153,242,123,119,29,12,17,1,1,0,3,1,2,26,11,15
GRIMES COUNTY,185,72 Years,237,117,120,191,95,96,25,12,13,1,1,0,0,0,0,20,9,11
GRIMES COUNTY,185,73 Years,249,124,125,196,101,95,23,8,15,0,0,0,3,0,3,27,15,12
GRIMES COUNTY,185,74 Years,254,128,126,203,106,97,20,8,12,1,0,1,6,3,3,24,11,13
GRIMES COUNTY,185,75 Years,258,120,138,209,100,109,18,7,11,0,0,0,6,3,3,25,10,15
GRIMES COUNTY,185,76 Years,200,100,100,163,83,80,13,5,8,0,0,0,4,3,1,20,9,11
GRIMES COUNTY,185,77 Years,190,104,86,148,83,65,21,10,11,0,0,0,3,3,0,18,8,10
GRIMES COUNTY,185,78 Years,167,91,76,131,76,55,16,6,10,0,0,0,4,2,2,16,7,9
GRIMES COUNTY,185,79 Years,143,72,71,120,62,58,11,4,7,0,0,0,2,2,0,10,4,6
GRIMES COUNTY,185,80 Years,125,56,69,102,47,55,13,5,8,0,0,0,1,0,1,9,4,5
GRIMES COUNTY,185,81 Years,114,51,63,92,40,52,14,7,7,0,0,0,2,0,2,6,4,2
GRIMES COUNTY,185,82 Years,115,52,63,91,40,51,13,8,5,0,0,0,3,0,3,8,4,4
GRIMES COUNTY,185,83 Years,107,48,59,81,38,43,15,6,9,0,0,0,2,1,1,9,3,6
GRIMES COUNTY,185,84 Years,97,45,52,74,35,39,12,5,7,0,0,0,1,1,0,10,4,6
GRIMES COUNTY,185,85 Years,80,34,46,63,25,38,11,5,6,0,0,0,0,0,0,6,4,2
GRIMES COUNTY,185,86 Years,87,36,51,65,28,37,12,4,8,1,0,1,3,0,3,6,4,2
GRIMES COUNTY,185,87 Years,80,29,51,59,23,36,14,4,10,0,0,0,3,0,3,4,2,2
GRIMES COUNTY,185,88 Years,77,33,44,55,27,28,17,4,13,0,0,0,2,0,2,3,2,1
GRIMES COUNTY,185,89 Years,58,25,33,42,20,22,10,3,7,0,0,0,1,0,1,5,2,3
GRIMES COUNTY,185,90 Years,46,17,29,33,11,22,8,4,4,0,0,0,0,0,0,5,2,3
GRIMES COUNTY,185,91 Years,38,10,28,26,7,19,7,3,4,0,0,0,1,0,1,4,0,4
GRIMES COUNTY,185,92 Years,36,11,25,27,8,19,5,2,3,0,0,0,0,0,0,4,1,3
GRIMES COUNTY,185,93 Years,27,10,17,21,8,13,5,2,3,0,0,0,0,0,0,1,0,1
GRIMES COUNTY,185,94 Years,22,8,14,17,6,11,5,2,3,0,0,0,0,0,0,0,0,0
GRIMES COUNTY,185,95 Years +,58,16,42,41,11,30,12,3,9,0,0,0,1,0,1,4,2,2
GUADALUPE COUNTY,187,All Ages,162618,80515,82103,81479,40359,41120,12375,6491,5884,2326,782,1544,3715,1846,1869,62723,31037,31686
GUADALUPE COUNTY,187,< 1 Year,2014,1018,996,885,444,441,105,49,56,19,8,11,75,36,39,930,481,449
GUADALUPE COUNTY,187,1 Years,2084,1060,1024,904,459,445,110,54,56,17,8,9,80,42,38,973,497,476
GUADALUPE COUNTY,187,2 Years,2150,1100,1050,941,479,462,117,61,56,17,8,9,76,36,40,999,516,483
GUADALUPE COUNTY,187,3 Years,2217,1143,1074,967,503,464,121,63,58,16,8,8,77,39,38,1036,530,506
GUADALUPE COUNTY,187,4 Years,2245,1164,1081,985,515,470,126,67,59,18,11,7,75,37,38,1041,534,507
GUADALUPE COUNTY,187,5 Years,2270,1174,1096,1004,522,482,123,67,56,17,9,8,74,40,34,1052,536,516
GUADALUPE COUNTY,187,6 Years,2254,1162,1092,1003,513,490,120,66,54,19,11,8,69,39,30,1043,533,510
GUADALUPE COUNTY,187,7 Years,2290,1163,1127,1009,517,492,129,66,63,20,11,9,70,43,27,1062,526,536
GUADALUPE COUNTY,187,8 Years,2441,1309,1132,1049,580,469,141,86,55,17,6,11,81,45,36,1153,592,561
GUADALUPE COUNTY,187,9 Years,2249,1176,1073,938,500,438,132,71,61,14,7,7,76,28,48,1089,570,519
GUADALUPE COUNTY,187,10 Years,2280,1190,1090,976,515,461,129,72,57,19,11,8,82,43,39,1074,549,525
GUADALUPE COUNTY,187,11 Years,2285,1175,1110,995,519,476,143,71,72,20,9,11,63,31,32,1064,545,519
GUADALUPE COUNTY,187,12 Years,2289,1182,1107,972,528,444,127,62,65,19,9,10,83,44,39,1088,539,549
GUADALUPE COUNTY,187,13 Years,2344,1208,1136,1001,523,478,126,78,48,33,12,21,84,48,36,1100,547,553
GUADALUPE COUNTY,187,14 Years,2279,1166,1113,987,519,468,148,89,59,32,10,22,68,37,31,1044,511,533
GUADALUPE COUNTY,187,15 Years,2315,1157,1158,994,496,498,160,89,71,31,8,23,68,40,28,1062,524,538
GUADALUPE COUNTY,187,16 Years,2331,1172,1159,995,501,494,190,104,86,25,13,12,71,41,30,1050,513,537
GUADALUPE COUNTY,187,17 Years,2364,1177,1187,968,481,487,179,93,86,23,12,11,86,46,40,1108,545,563
GUADALUPE COUNTY,187,18 Years,2215,1113,1102,856,437,419,182,96,86,29,10,19,85,49,36,1063,521,542
GUADALUPE COUNTY,187,19 Years,2018,1043,975,773,417,356,194,99,95,18,7,11,79,37,42,954,483,471
GUADALUPE COUNTY,187,20 Years,1982,1053,929,732,397,335,185,107,78,36,20,16,77,34,43,952,495,457
GUADALUPE COUNTY,187,21 Years,1962,1018,944,702,381,321,194,101,93,35,22,13,79,37,42,952,477,475
GUADALUPE COUNTY,187,22 Years,2037,1056,981,743,385,358,222,111,111,29,22,7,90,40,50,953,498,455
GUADALUPE COUNTY,187,23 Years,2165,1118,1047,812,413,399,224,118,106,32,15,17,84,43,41,1013,529,484
GUADALUPE COUNTY,187,24 Years,2238,1180,1058,873,466,407,248,137,111,17,8,9,77,37,40,1023,532,491
GUADALUPE COUNTY,187,25 Years,2299,1189,1110,906,472,434,257,127,130,32,17,15,89,46,43,1015,527,488
GUADALUPE COUNTY,187,26 Years,2362,1155,1207,993,486,507,217,110,107,36,14,22,100,44,56,1016,501,515
GUADALUPE COUNTY,187,27 Years,2456,1249,1207,1076,538,538,229,120,109,31,8,23,78,43,35,1042,540,502
GUADALUPE COUNTY,187,28 Years,2332,1226,1106,1053,541,512,196,113,83,23,10,13,70,37,33,990,525,465
GUADALUPE COUNTY,187,29 Years,2392,1251,1141,1127,556,571,181,110,71,21,9,12,62,32,30,1001,544,457
GUADALUPE COUNTY,187,30 Years,2268,1124,1144,1056,501,555,160,93,67,19,10,9,42,20,22,991,500,491
GUADALUPE COUNTY,187,31 Years,2140,1124,1016,997,509,488,149,85,64,11,5,6,43,24,19,940,501,439
GUADALUPE COUNTY,187,32 Years,2171,1144,1027,1014,522,492,124,72,52,10,6,4,27,18,9,996,526,470
GUADALUPE COUNTY,187,33 Years,2171,1116,1055,1048,526,522,120,63,57,14,4,10,29,13,16,960,510,450
GUADALUPE COUNTY,187,34 Years,2126,1054,1072,1029,501,528,121,60,61,22,10,12,29,13,16,925,470,455
GUADALUPE COUNTY,187,35 Years,2274,1146,1128,1090,566,524,132,71,61,28,7,21,32,13,19,992,489,503
GUADALUPE COUNTY,187,36 Years,2254,1127,1127,1120,571,549,120,63,57,22,7,15,31,15,16,961,471,490
GUADALUPE COUNTY,187,37 Years,2201,1075,1126,1097,545,552,125,73,52,27,6,21,24,10,14,928,441,487
GUADALUPE COUNTY,187,38 Years,2189,1072,1117,1069,531,538,126,75,51,33,8,25,31,11,20,930,447,483
GUADALUPE COUNTY,187,39 Years,2102,1024,1078,1018,510,508,134,59,75,33,8,25,32,15,17,885,432,453
GUADALUPE COUNTY,187,40 Years,2081,974,1107,1030,498,532,133,57,76,31,8,23,34,14,20,853,397,456
GUADALUPE COUNTY,187,41 Years,2011,971,1040,982,485,497,126,59,67,33,11,22,41,19,22,829,397,432
GUADALUPE COUNTY,187,42 Years,2026,999,1027,994,499,495,127,65,62,35,11,24,37,15,22,833,409,424
GUADALUPE COUNTY,187,43 Years,2100,1002,1098,1066,526,540,139,66,73,37,10,27,41,17,24,817,383,434
GUADALUPE COUNTY,187,44 Years,1942,952,990,963,485,478,142,75,67,35,8,27,35,17,18,767,367,400
GUADALUPE COUNTY,187,45 Years,1990,987,1003,974,496,478,142,83,59,39,9,30,31,12,19,804,387,417
GUADALUPE COUNTY,187,46 Years,2119,1005,1114,1103,567,536,162,76,86,41,8,33,31,14,17,782,340,442
GUADALUPE COUNTY,187,47 Years,2168,1065,1103,1131,562,569,185,100,85,40,11,29,34,14,20,778,378,400
GUADALUPE COUNTY,187,48 Years,2175,1077,1098,1105,552,553,201,100,101,54,20,34,36,21,15,779,384,395
GUADALUPE COUNTY,187,49 Years,2090,1019,1071,1091,546,545,168,76,92,59,26,33,33,17,16,739,354,385
GUADALUPE COUNTY,187,50 Years,2078,1019,1059,1092,533,559,210,111,99,47,14,33,32,13,19,697,348,349
GUADALUPE COUNTY,187,51 Years,2083,1035,1048,1092,540,552,222,126,96,25,10,15,35,21,14,709,338,371
GUADALUPE COUNTY,187,52 Years,2074,1017,1057,1081,525,556,235,122,113,45,22,23,34,22,12,679,326,353
GUADALUPE COUNTY,187,53 Years,2181,1057,1124,1161,579,582,241,121,120,49,14,35,27,13,14,703,330,373
GUADALUPE COUNTY,187,54 Years,2132,1029,1103,1176,572,604,243,119,124,45,11,34,31,16,15,637,311,326
GUADALUPE COUNTY,187,55 Years,2141,1017,1124,1180,579,601,229,116,113,36,6,30,39,22,17,657,294,363
GUADALUPE COUNTY,187,56 Years,2147,1035,1112,1183,571,612,243,131,112,51,20,31,38,14,24,632,299,333
GUADALUPE COUNTY,187,57 Years,2080,1020,1060,1180,585,595,233,123,110,58,24,34,42,22,20,567,266,301
GUADALUPE COUNTY,187,58 Years,2110,1024,1086,1208,605,603,177,90,87,40,9,31,30,14,16,655,306,349
GUADALUPE COUNTY,187,59 Years,1957,950,1007,1148,562,586,180,94,86,38,11,27,28,14,14,563,269,294
GUADALUPE COUNTY,187,60 Years,1864,892,972,1089,529,560,187,90,97,39,9,30,31,14,17,518,250,268
GUADALUPE COUNTY,187,61 Years,1778,837,941,1081,527,554,174,76,98,42,6,36,28,9,19,453,219,234
GUADALUPE COUNTY,187,62 Years,1822,891,931,1120,542,578,177,105,72,30,4,26,23,10,13,472,230,242
GUADALUPE COUNTY,187,63 Years,1798,848,950,1104,506,598,162,92,70,44,9,35,22,11,11,466,230,236
GUADALUPE COUNTY,187,64 Years,1679,799,880,1039,484,555,142,76,66,36,10,26,27,15,12,435,214,221
GUADALUPE COUNTY,187,65 Years,1621,773,848,1008,491,517,134,70,64,29,5,24,26,11,15,424,196,228
GUADALUPE COUNTY,187,66 Years,1567,765,802,967,454,513,114,71,43,35,8,27,20,9,11,431,223,208
GUADALUPE COUNTY,187,67 Years,1464,690,774,926,435,491,97,58,39,37,6,31,17,5,12,387,186,201
GUADALUPE COUNTY,187,68 Years,1485,698,787,965,467,498,96,53,43,32,5,27,15,6,9,377,167,210
GUADALUPE COUNTY,187,69 Years,1462,680,782,961,445,516,108,55,53,21,7,14,15,8,7,357,165,192
GUADALUPE COUNTY,187,70 Years,1425,681,744,952,460,492,100,54,46,25,5,20,13,6,7,335,156,179
GUADALUPE COUNTY,187,71 Years,1405,668,737,957,456,501,81,38,43,22,1,21,16,9,7,329,164,165
GUADALUPE COUNTY,187,72 Years,1199,584,615,771,378,393,77,36,41,14,1,13,14,7,7,323,162,161
GUADALUPE COUNTY,187,73 Years,1070,493,577,696,326,370,71,32,39,6,1,5,13,6,7,284,128,156
GUADALUPE COUNTY,187,74 Years,1072,513,559,729,351,378,69,33,36,9,3,6,12,6,6,253,120,133
GUADALUPE COUNTY,187,75 Years,1019,470,549,708,340,368,74,34,40,10,2,8,12,8,4,215,86,129
GUADALUPE COUNTY,187,76 Years,909,418,491,621,296,325,67,27,40,11,3,8,11,7,4,199,85,114
GUADALUPE COUNTY,187,77 Years,801,379,422,542,266,276,64,27,37,13,1,12,7,2,5,175,83,92
GUADALUPE COUNTY,187,78 Years,684,315,369,454,208,246,54,30,24,14,6,8,9,2,7,153,69,84
GUADALUPE COUNTY,187,79 Years,646,289,357,472,211,261,36,18,18,13,5,8,3,1,2,122,54,68
GUADALUPE COUNTY,187,80 Years,586,250,336,417,177,240,34,18,16,8,3,5,4,2,2,123,50,73
GUADALUPE COUNTY,187,81 Years,578,248,330,394,168,226,43,26,17,9,4,5,8,3,5,124,47,77
GUADALUPE COUNTY,187,82 Years,562,233,329,385,167,218,35,17,18,8,1,7,7,2,5,127,46,81
GUADALUPE COUNTY,187,83 Years,495,203,292,344,141,203,31,12,19,8,2,6,4,2,2,108,46,62
GUADALUPE COUNTY,187,84 Years,449,180,269,317,123,194,25,14,11,7,1,6,3,2,1,97,40,57
GUADALUPE COUNTY,187,85 Years,394,162,232,275,109,166,22,12,10,7,2,5,2,1,1,88,38,50
GUADALUPE COUNTY,187,86 Years,347,148,199,254,111,143,15,7,8,6,2,4,2,1,1,70,27,43
GUADALUPE COUNTY,187,87 Years,313,137,176,232,104,128,14,6,8,4,1,3,1,1,0,62,25,37
GUADALUPE COUNTY,187,88 Years,273,109,164,200,82,118,11,4,7,2,1,1,3,1,2,57,21,36
GUADALUPE COUNTY,187,89 Years,239,91,148,173,63,110,11,4,7,3,1,2,1,1,0,51,22,29
GUADALUPE COUNTY,187,90 Years,191,65,126,135,48,87,11,2,9,2,0,2,1,0,1,42,15,27
GUADALUPE COUNTY,187,91 Years,153,47,106,110,34,76,7,2,5,3,0,3,1,0,1,32,11,21
GUADALUPE COUNTY,187,92 Years,131,41,90,94,28,66,5,2,3,2,0,2,2,1,1,28,10,18
GUADALUPE COUNTY,187,93 Years,113,31,82,85,23,62,4,1,3,0,0,0,2,0,2,22,7,15
GUADALUPE COUNTY,187,94 Years,86,24,62,65,18,47,5,2,3,0,0,0,2,0,2,14,4,10
GUADALUPE COUNTY,187,95 Years +,198,56,142,140,39,101,14,6,8,3,0,3,1,0,1,40,11,29
HALE COUNTY,189,All Ages,33919,17585,16334,11370,5806,5564,1836,1114,722,158,86,72,541,267,274,20014,10312,9702
HALE COUNTY,189,< 1 Year,500,246,254,93,44,49,14,4,10,3,2,1,10,3,7,380,193,187
HALE COUNTY,189,1 Years,488,238,250,97,46,51,13,4,9,3,1,2,13,6,7,362,181,181
HALE COUNTY,189,2 Years,499,251,248,105,51,54,14,5,9,4,2,2,18,11,7,358,182,176
HALE COUNTY,189,3 Years,503,253,250,112,58,54,15,4,11,6,2,4,19,10,9,351,179,172
HALE COUNTY,189,4 Years,527,263,264,122,61,61,18,6,12,6,3,3,16,10,6,365,183,182
HALE COUNTY,189,5 Years,534,258,276,115,59,56,20,10,10,3,1,2,12,5,7,384,183,201
HALE COUNTY,189,6 Years,559,281,278,116,58,58,22,12,10,3,2,1,12,9,3,406,200,206
HALE COUNTY,189,7 Years,577,295,282,118,62,56,24,12,12,2,1,1,16,8,8,417,212,205
HALE COUNTY,189,8 Years,572,258,314,111,54,57,25,9,16,0,0,0,14,8,6,422,187,235
HALE COUNTY,189,9 Years,525,268,257,113,57,56,30,17,13,1,1,0,10,5,5,371,188,183
HALE COUNTY,189,10 Years,517,267,250,104,52,52,27,16,11,2,1,1,11,6,5,373,192,181
HALE COUNTY,189,11 Years,509,261,248,104,57,47,26,16,10,1,1,0,9,3,6,369,184,185
HALE COUNTY,189,12 Years,502,259,243,114,62,52,19,12,7,1,1,0,11,2,9,357,182,175
HALE COUNTY,189,13 Years,498,259,239,120,65,55,16,7,9,1,1,0,6,3,3,355,183,172
HALE COUNTY,189,14 Years,520,257,263,114,53,61,20,8,12,1,1,0,5,3,2,380,192,188
HALE COUNTY,189,15 Years,494,262,232,114,62,52,25,9,16,1,1,0,9,5,4,345,185,160
HALE COUNTY,189,16 Years,517,256,261,139,75,64,21,8,13,1,1,0,12,4,8,344,168,176
HALE COUNTY,189,17 Years,490,237,253,137,69,68,20,13,7,2,1,1,9,5,4,322,149,173
HALE COUNTY,189,18 Years,545,317,228,153,89,64,25,20,5,3,2,1,14,9,5,350,197,153
HALE COUNTY,189,19 Years,480,275,205,124,70,54,28,22,6,1,1,0,8,5,3,319,177,142
HALE COUNTY,189,20 Years,503,304,199,142,91,51,30,21,9,1,1,0,12,9,3,318,182,136
HALE COUNTY,189,21 Years,490,298,192,151,95,56,33,23,10,2,2,0,10,7,3,294,171,123
HALE COUNTY,189,22 Years,506,297,209,147,91,56,29,22,7,2,1,1,8,7,1,320,176,144
HALE COUNTY,189,23 Years,477,282,195,137,85,52,34,25,9,4,3,1,9,7,2,293,162,131
HALE COUNTY,189,24 Years,492,292,200,132,80,52,33,21,12,2,1,1,11,8,3,314,182,132
HALE COUNTY,189,25 Years,505,285,220,143,88,55,37,23,14,1,1,0,10,2,8,314,171,143
HALE COUNTY,189,26 Years,540,313,227,156,93,63,40,26,14,1,1,0,10,4,6,333,189,144
HALE COUNTY,189,27 Years,578,326,252,185,99,86,47,32,15,0,0,0,13,7,6,333,188,145
HALE COUNTY,189,28 Years,554,308,246,196,108,88,46,32,14,3,2,1,10,3,7,299,163,136
HALE COUNTY,189,29 Years,541,311,230,195,115,80,42,30,12,3,3,0,9,5,4,292,158,134
HALE COUNTY,189,30 Years,528,292,236,184,107,77,40,30,10,4,3,1,4,0,4,296,152,144
HALE COUNTY,189,31 Years,508,285,223,169,93,76,42,30,12,4,4,0,8,3,5,285,155,130
HALE COUNTY,189,32 Years,474,266,208,145,82,63,36,23,13,3,2,1,6,3,3,284,156,128
HALE COUNTY,189,33 Years,429,235,194,130,73,57,29,20,9,1,1,0,2,1,1,267,140,127
HALE COUNTY,189,34 Years,415,242,173,117,69,48,29,24,5,1,0,1,1,1,0,267,148,119
HALE COUNTY,189,35 Years,427,235,192,120,60,60,30,24,6,2,1,1,1,1,0,274,149,125
HALE COUNTY,189,36 Years,439,241,198,121,61,60,23,21,2,4,2,2,6,3,3,285,154,131
HALE COUNTY,189,37 Years,433,231,202,126,63,63,25,20,5,1,0,1,6,3,3,275,145,130
HALE COUNTY,189,38 Years,440,241,199,142,73,69,29,22,7,2,1,1,3,2,1,264,143,121
HALE COUNTY,189,39 Years,424,238,186,135,77,58,28,21,7,1,1,0,6,2,4,254,137,117
HALE COUNTY,189,40 Years,386,205,181,114,61,53,25,16,9,3,3,0,1,0,1,243,125,118
HALE COUNTY,189,41 Years,349,185,164,103,51,52,19,11,8,4,3,1,2,1,1,221,119,102
HALE COUNTY,189,42 Years,361,193,168,106,55,51,28,20,8,2,0,2,4,2,2,221,116,105
HALE COUNTY,189,43 Years,346,178,168,99,51,48,25,17,8,1,0,1,2,0,2,219,110,109
HALE COUNTY,189,44 Years,369,183,186,102,48,54,28,22,6,3,1,2,5,3,2,231,109,122
HALE COUNTY,189,45 Years,370,192,178,110,58,52,24,14,10,4,2,2,2,2,0,230,116,114
HALE COUNTY,189,46 Years,402,213,189,119,61,58,27,20,7,7,3,4,5,3,2,244,126,118
HALE COUNTY,189,47 Years,391,198,193,129,68,61,20,14,6,3,1,2,6,3,3,233,112,121
HALE COUNTY,189,48 Years,376,206,170,143,81,62,21,12,9,3,2,1,5,1,4,204,110,94
HALE COUNTY,189,49 Years,359,191,168,136,77,59,18,8,10,3,1,2,3,1,2,199,104,95
HALE COUNTY,189,50 Years,376,185,191,136,71,65,21,11,10,2,1,1,5,1,4,212,101,111
HALE COUNTY,189,51 Years,365,187,178,131,69,62,18,10,8,1,0,1,6,2,4,209,106,103
HALE COUNTY,189,52 Years,364,192,172,127,64,63,18,13,5,1,1,0,5,1,4,213,113,100
HALE COUNTY,189,53 Years,390,199,191,144,70,74,23,15,8,1,1,0,3,0,3,219,113,106
HALE COUNTY,189,54 Years,383,190,193,154,76,78,16,13,3,1,0,1,4,1,3,208,100,108
HALE COUNTY,189,55 Years,385,193,192,153,79,74,16,8,8,1,1,0,6,2,4,209,103,106
HALE COUNTY,189,56 Years,387,194,193,155,77,78,21,11,10,1,1,0,4,0,4,206,105,101
HALE COUNTY,189,57 Years,367,193,174,152,79,73,18,10,8,1,1,0,3,0,3,193,103,90
HALE COUNTY,189,58 Years,389,200,189,158,83,75,22,12,10,1,1,0,3,1,2,205,103,102
HALE COUNTY,189,59 Years,366,183,183,169,80,89,18,9,9,3,0,3,5,3,2,171,91,80
HALE COUNTY,189,60 Years,359,168,191,162,72,90,18,9,9,2,0,2,3,1,2,174,86,88
HALE COUNTY,189,61 Years,362,166,196,161,74,87,19,10,9,1,0,1,3,0,3,178,82,96
HALE COUNTY,189,62 Years,355,166,189,160,72,88,19,10,9,0,0,0,2,1,1,174,83,91
HALE COUNTY,189,63 Years,339,174,165,157,79,78,17,9,8,0,0,0,5,1,4,160,85,75
HALE COUNTY,189,64 Years,333,171,162,163,83,80,18,9,9,0,0,0,4,2,2,148,77,71
HALE COUNTY,189,65 Years,313,147,166,154,73,81,11,7,4,1,0,1,3,1,2,144,66,78
HALE COUNTY,189,66 Years,269,133,136,145,65,80,15,8,7,0,0,0,3,1,2,106,59,47
HALE COUNTY,189,67 Years,257,136,121,133,68,65,8,3,5,2,0,2,3,2,1,111,63,48
HALE COUNTY,189,68 Years,272,131,141,138,63,75,7,3,4,3,1,2,2,2,0,122,62,60
HALE COUNTY,189,69 Years,278,130,148,147,69,78,11,4,7,2,1,1,2,2,0,116,54,62
HALE COUNTY,189,70 Years,259,121,138,132,60,72,15,6,9,0,0,0,3,1,2,109,54,55
HALE COUNTY,189,71 Years,232,109,123,123,56,67,13,6,7,1,0,1,5,3,2,90,44,46
HALE COUNTY,189,72 Years,203,88,115,106,42,64,9,5,4,2,2,0,3,2,1,83,37,46
HALE COUNTY,189,73 Years,194,86,108,96,45,51,9,3,6,2,0,2,5,2,3,82,36,46
HALE COUNTY,189,74 Years,208,98,110,123,59,64,6,1,5,1,0,1,7,4,3,71,34,37
HALE COUNTY,189,75 Years,194,92,102,117,59,58,5,3,2,1,0,1,4,2,2,67,28,39
HALE COUNTY,189,76 Years,198,90,108,115,55,60,13,7,6,1,0,1,3,2,1,66,26,40
HALE COUNTY,189,77 Years,166,75,91,105,47,58,7,4,3,1,1,0,2,1,1,51,22,29
HALE COUNTY,189,78 Years,153,64,89,88,37,51,6,2,4,1,0,1,0,0,0,58,25,33
HALE COUNTY,189,79 Years,142,62,80,83,34,49,5,2,3,0,0,0,1,0,1,53,26,27
HALE COUNTY,189,80 Years,156,63,93,91,36,55,6,2,4,0,0,0,2,0,2,57,25,32
HALE COUNTY,189,81 Years,127,57,70,72,31,41,6,3,3,0,0,0,4,2,2,45,21,24
HALE COUNTY,189,82 Years,109,53,56,72,35,37,3,2,1,1,1,0,1,1,0,32,14,18
HALE COUNTY,189,83 Years,123,58,65,76,34,42,5,3,2,0,0,0,1,1,0,41,20,21
HALE COUNTY,189,84 Years,113,48,65,73,30,43,6,2,4,0,0,0,2,2,0,32,14,18
HALE COUNTY,189,85 Years,106,42,64,70,27,43,3,1,2,0,0,0,2,2,0,31,12,19
HALE COUNTY,189,86 Years,100,44,56,67,28,39,5,3,2,0,0,0,2,2,0,26,11,15
HALE COUNTY,189,87 Years,74,26,48,52,19,33,6,2,4,0,0,0,1,0,1,15,5,10
HALE COUNTY,189,88 Years,67,28,39,43,17,26,6,3,3,0,0,0,1,1,0,17,7,10
HALE COUNTY,189,89 Years,67,26,41,43,17,26,6,3,3,1,0,1,0,0,0,17,6,11
HALE COUNTY,189,90 Years,53,19,34,38,12,26,2,1,1,0,0,0,0,0,0,13,6,7
HALE COUNTY,189,91 Years,42,16,26,32,12,20,2,0,2,0,0,0,0,0,0,8,4,4
HALE COUNTY,189,92 Years,38,17,21,26,11,15,4,2,2,0,0,0,1,0,1,7,4,3
HALE COUNTY,189,93 Years,32,12,20,21,8,13,4,2,2,1,0,1,0,0,0,6,2,4
HALE COUNTY,189,94 Years,27,10,17,15,4,11,4,2,2,0,0,0,2,1,1,6,3,3
HALE COUNTY,189,95 Years +,59,16,43,33,7,26,7,2,5,1,1,0,1,0,1,17,6,11
HALL COUNTY,191,All Ages,3106,1556,1550,1672,827,845,276,158,118,2,1,1,32,12,20,1124,558,566
HALL COUNTY,191,< 1 Year,32,14,18,9,4,5,8,4,4,0,0,0,0,0,0,15,6,9
HALL COUNTY,191,1 Years,33,17,16,8,4,4,7,4,3,0,0,0,0,0,0,18,9,9
HALL COUNTY,191,2 Years,29,15,14,7,4,3,6,4,2,0,0,0,0,0,0,16,7,9
HALL COUNTY,191,3 Years,35,19,16,10,5,5,6,4,2,0,0,0,0,0,0,19,10,9
HALL COUNTY,191,4 Years,39,22,17,9,5,4,9,6,3,0,0,0,0,0,0,21,11,10
HALL COUNTY,191,5 Years,44,21,23,9,4,5,8,5,3,0,0,0,0,0,0,27,12,15
HALL COUNTY,191,6 Years,48,18,30,10,6,4,6,2,4,0,0,0,3,1,2,29,9,20
HALL COUNTY,191,7 Years,48,20,28,12,7,5,5,1,4,0,0,0,3,1,2,28,11,17
HALL COUNTY,191,8 Years,53,25,28,12,7,5,5,4,1,0,0,0,0,0,0,36,14,22
HALL COUNTY,191,9 Years,45,21,24,16,6,10,1,1,0,0,0,0,0,0,0,28,14,14
HALL COUNTY,191,10 Years,38,20,18,12,6,6,3,2,1,0,0,0,1,1,0,22,11,11
HALL COUNTY,191,11 Years,38,21,17,11,6,5,6,3,3,0,0,0,1,1,0,20,11,9
HALL COUNTY,191,12 Years,41,21,20,14,5,9,5,2,3,0,0,0,0,0,0,22,14,8
HALL COUNTY,191,13 Years,40,25,15,15,9,6,3,1,2,0,0,0,1,0,1,21,15,6
HALL COUNTY,191,14 Years,35,20,15,19,11,8,2,1,1,0,0,0,0,0,0,14,8,6
HALL COUNTY,191,15 Years,42,26,16,14,9,5,5,3,2,0,0,0,0,0,0,23,14,9
HALL COUNTY,191,16 Years,44,24,20,18,10,8,3,1,2,0,0,0,1,0,1,22,13,9
HALL COUNTY,191,17 Years,48,25,23,22,12,10,3,1,2,0,0,0,0,0,0,23,12,11
HALL COUNTY,191,18 Years,35,15,20,16,7,9,4,1,3,0,0,0,0,0,0,15,7,8
HALL COUNTY,191,19 Years,40,22,18,20,10,10,6,4,2,0,0,0,0,0,0,14,8,6
HALL COUNTY,191,20 Years,37,20,17,20,11,9,5,3,2,0,0,0,0,0,0,12,6,6
HALL COUNTY,191,21 Years,43,21,22,22,10,12,3,1,2,0,0,0,0,0,0,18,10,8
HALL COUNTY,191,22 Years,47,24,23,29,14,15,2,2,0,0,0,0,0,0,0,16,8,8
HALL COUNTY,191,23 Years,37,19,18,19,9,10,4,4,0,0,0,0,0,0,0,14,6,8
HALL COUNTY,191,24 Years,45,27,18,23,14,9,5,4,1,0,0,0,1,1,0,16,8,8
HALL COUNTY,191,25 Years,41,19,22,23,11,12,3,2,1,0,0,0,0,0,0,15,6,9
HALL COUNTY,191,26 Years,43,23,20,18,9,9,6,4,2,0,0,0,1,1,0,18,9,9
HALL COUNTY,191,27 Years,44,29,15,16,10,6,3,2,1,0,0,0,1,1,0,24,16,8
HALL COUNTY,191,28 Years,29,15,14,10,5,5,2,0,2,0,0,0,0,0,0,17,10,7
HALL COUNTY,191,29 Years,26,12,14,11,4,7,3,2,1,0,0,0,0,0,0,12,6,6
HALL COUNTY,191,30 Years,29,13,16,9,3,6,3,2,1,0,0,0,1,0,1,16,8,8
HALL COUNTY,191,31 Years,27,17,10,9,6,3,2,1,1,0,0,0,0,0,0,16,10,6
HALL COUNTY,191,32 Years,21,10,11,5,2,3,2,1,1,0,0,0,0,0,0,14,7,7
HALL COUNTY,191,33 Years,27,12,15,9,5,4,4,2,2,0,0,0,1,0,1,13,5,8
HALL COUNTY,191,34 Years,29,16,13,8,4,4,3,2,1,0,0,0,0,0,0,18,10,8
HALL COUNTY,191,35 Years,33,16,17,20,9,11,2,1,1,0,0,0,0,0,0,11,6,5
HALL COUNTY,191,36 Years,23,9,14,16,8,8,1,0,1,0,0,0,1,0,1,5,1,4
HALL COUNTY,191,37 Years,25,9,16,11,5,6,2,1,1,0,0,0,0,0,0,12,3,9
HALL COUNTY,191,38 Years,25,10,15,11,6,5,1,0,1,0,0,0,0,0,0,13,4,9
HALL COUNTY,191,39 Years,28,12,16,15,8,7,0,0,0,0,0,0,1,0,1,12,4,8
HALL COUNTY,191,40 Years,29,14,15,19,9,10,1,1,0,0,0,0,1,0,1,8,4,4
HALL COUNTY,191,41 Years,31,11,20,19,6,13,4,2,2,0,0,0,1,0,1,7,3,4
HALL COUNTY,191,42 Years,25,12,13,13,7,6,1,1,0,0,0,0,0,0,0,11,4,7
HALL COUNTY,191,43 Years,31,11,20,18,7,11,1,0,1,0,0,0,0,0,0,12,4,8
HALL COUNTY,191,44 Years,25,11,14,14,7,7,1,0,1,0,0,0,0,0,0,10,4,6
HALL COUNTY,191,45 Years,25,13,12,12,6,6,2,1,1,0,0,0,0,0,0,11,6,5
HALL COUNTY,191,46 Years,33,15,18,17,9,8,2,1,1,0,0,0,0,0,0,14,5,9
HALL COUNTY,191,47 Years,32,11,21,17,7,10,1,0,1,0,0,0,0,0,0,14,4,10
HALL COUNTY,191,48 Years,27,13,14,19,8,11,2,2,0,0,0,0,0,0,0,6,3,3
HALL COUNTY,191,49 Years,34,18,16,18,10,8,5,2,3,0,0,0,0,0,0,11,6,5
HALL COUNTY,191,50 Years,30,20,10,15,10,5,5,3,2,0,0,0,0,0,0,10,7,3
HALL COUNTY,191,51 Years,30,16,14,17,11,6,2,1,1,0,0,0,0,0,0,11,4,7
HALL COUNTY,191,52 Years,31,17,14,17,11,6,2,1,1,0,0,0,0,0,0,12,5,7
HALL COUNTY,191,53 Years,36,21,15,22,13,9,1,0,1,0,0,0,1,0,1,12,8,4
HALL COUNTY,191,54 Years,37,22,15,23,12,11,1,1,0,0,0,0,1,0,1,12,9,3
HALL COUNTY,191,55 Years,44,24,20,25,11,14,4,2,2,0,0,0,2,2,0,13,9,4
HALL COUNTY,191,56 Years,45,23,22,27,13,14,3,2,1,0,0,0,1,0,1,14,8,6
HALL COUNTY,191,57 Years,38,22,16,27,15,12,3,2,1,0,0,0,0,0,0,8,5,3
HALL COUNTY,191,58 Years,42,19,23,27,13,14,5,2,3,0,0,0,0,0,0,10,4,6
HALL COUNTY,191,59 Years,50,27,23,28,13,15,4,3,1,0,0,0,0,0,0,18,11,7
HALL COUNTY,191,60 Years,41,22,19,26,11,15,3,2,1,0,0,0,0,0,0,12,9,3
HALL COUNTY,191,61 Years,30,13,17,21,8,13,1,0,1,0,0,0,0,0,0,8,5,3
HALL COUNTY,191,62 Years,48,22,26,32,15,17,2,1,1,0,0,0,0,0,0,14,6,8
HALL COUNTY,191,63 Years,44,21,23,29,14,15,2,1,1,0,0,0,1,1,0,12,5,7
HALL COUNTY,191,64 Years,40,21,19,28,14,14,2,2,0,0,0,0,1,1,0,9,4,5
HALL COUNTY,191,65 Years,32,16,16,23,11,12,2,1,1,0,0,0,1,0,1,6,4,2
HALL COUNTY,191,66 Years,40,15,25,25,11,14,5,2,3,0,0,0,0,0,0,10,2,8
HALL COUNTY,191,67 Years,40,16,24,27,13,14,5,2,3,0,0,0,0,0,0,8,1,7
HALL COUNTY,191,68 Years,38,17,21,31,14,17,2,1,1,0,0,0,0,0,0,5,2,3
HALL COUNTY,191,69 Years,37,14,23,27,9,18,4,2,2,0,0,0,0,0,0,6,3,3
HALL COUNTY,191,70 Years,36,20,16,28,15,13,2,0,2,0,0,0,0,0,0,6,5,1
HALL COUNTY,191,71 Years,45,23,22,32,17,15,3,2,1,0,0,0,0,0,0,10,4,6
HALL COUNTY,191,72 Years,38,20,18,32,16,16,1,1,0,0,0,0,0,0,0,5,3,2
HALL COUNTY,191,73 Years,44,26,18,30,16,14,5,5,0,0,0,0,0,0,0,9,5,4
HALL COUNTY,191,74 Years,35,20,15,29,16,13,3,2,1,0,0,0,0,0,0,3,2,1
HALL COUNTY,191,75 Years,34,18,16,28,15,13,2,1,1,1,1,0,1,0,1,2,1,1
HALL COUNTY,191,76 Years,31,15,16,25,12,13,1,0,1,0,0,0,0,0,0,5,3,2
HALL COUNTY,191,77 Years,29,12,17,24,10,14,2,1,1,1,0,1,0,0,0,2,1,1
HALL COUNTY,191,78 Years,30,17,13,23,12,11,4,4,0,0,0,0,0,0,0,3,1,2
HALL COUNTY,191,79 Years,25,15,10,21,12,9,2,2,0,0,0,0,0,0,0,2,1,1
HALL COUNTY,191,80 Years,24,13,11,19,10,9,1,1,0,0,0,0,0,0,0,4,2,2
HALL COUNTY,191,81 Years,28,15,13,22,13,9,2,1,1,0,0,0,1,0,1,3,1,2
HALL COUNTY,191,82 Years,22,12,10,17,8,9,1,1,0,0,0,0,1,1,0,3,2,1
HALL COUNTY,191,83 Years,19,9,10,15,8,7,1,1,0,0,0,0,0,0,0,3,0,3
HALL COUNTY,191,84 Years,17,6,11,13,6,7,1,0,1,0,0,0,1,0,1,2,0,2
HALL COUNTY,191,85 Years,14,8,6,11,5,6,0,0,0,0,0,0,0,0,0,3,3,0
HALL COUNTY,191,86 Years,11,7,4,9,5,4,1,1,0,0,0,0,0,0,0,1,1,0
HALL COUNTY,191,87 Years,12,5,7,10,4,6,0,0,0,0,0,0,0,0,0,2,1,1
HALL COUNTY,191,88 Years,13,4,9,12,4,8,0,0,0,0,0,0,0,0,0,1,0,1
HALL COUNTY,191,89 Years,11,5,6,8,3,5,1,1,0,0,0,0,0,0,0,2,1,1
HALL COUNTY,191,90 Years,8,3,5,5,2,3,1,0,1,0,0,0,0,0,0,2,1,1
HALL COUNTY,191,91 Years,12,4,8,8,2,6,1,1,0,0,0,0,1,0,1,2,1,1
HALL COUNTY,191,92 Years,9,6,3,5,2,3,2,2,0,0,0,0,0,0,0,2,2,0
HALL COUNTY,191,93 Years,8,3,5,5,2,3,2,1,1,0,0,0,0,0,0,1,0,1
HALL COUNTY,191,94 Years,7,4,3,4,2,2,1,1,0,0,0,0,0,0,0,2,1,1
HALL COUNTY,191,95 Years +,13,5,8,7,2,5,1,0,1,0,0,0,0,0,0,5,3,2
HAMILTON COUNTY,193,All Ages,8667,4307,4360,7365,3627,3738,38,26,12,32,15,17,102,53,49,1130,586,544
HAMILTON COUNTY,193,< 1 Year,110,57,53,84,43,41,0,0,0,0,0,0,0,0,0,26,14,12
HAMILTON COUNTY,193,1 Years,109,55,54,81,42,39,0,0,0,0,0,0,2,1,1,26,12,14
HAMILTON COUNTY,193,2 Years,109,58,51,80,43,37,0,0,0,0,0,0,2,1,1,27,14,13
HAMILTON COUNTY,193,3 Years,104,54,50,76,40,36,0,0,0,0,0,0,2,2,0,26,12,14
HAMILTON COUNTY,193,4 Years,102,55,47,74,42,32,0,0,0,0,0,0,1,1,0,27,12,15
HAMILTON COUNTY,193,5 Years,105,53,52,78,40,38,0,0,0,0,0,0,0,0,0,27,13,14
HAMILTON COUNTY,193,6 Years,110,59,51,79,41,38,0,0,0,0,0,0,1,1,0,30,17,13
HAMILTON COUNTY,193,7 Years,112,58,54,84,42,42,0,0,0,0,0,0,0,0,0,28,16,12
HAMILTON COUNTY,193,8 Years,102,50,52,76,32,44,0,0,0,0,0,0,0,0,0,26,18,8
HAMILTON COUNTY,193,9 Years,112,57,55,89,46,43,2,0,2,0,0,0,1,0,1,20,11,9
HAMILTON COUNTY,193,10 Years,97,53,44,78,41,37,0,0,0,0,0,0,1,0,1,18,12,6
HAMILTON COUNTY,193,11 Years,93,45,48,77,36,41,0,0,0,0,0,0,0,0,0,16,9,7
HAMILTON COUNTY,193,12 Years,101,54,47,80,40,40,0,0,0,0,0,0,1,1,0,20,13,7
HAMILTON COUNTY,193,13 Years,94,45,49,72,33,39,0,0,0,0,0,0,2,2,0,20,10,10
HAMILTON COUNTY,193,14 Years,102,57,45,81,46,35,0,0,0,0,0,0,1,1,0,20,10,10
HAMILTON COUNTY,193,15 Years,104,56,48,83,48,35,0,0,0,1,0,1,1,0,1,19,8,11
HAMILTON COUNTY,193,16 Years,116,56,60,90,42,48,2,2,0,0,0,0,1,0,1,23,12,11
HAMILTON COUNTY,193,17 Years,111,52,59,87,37,50,2,2,0,0,0,0,2,1,1,20,12,8
HAMILTON COUNTY,193,18 Years,110,55,55,89,44,45,1,1,0,1,0,1,2,2,0,17,8,9
HAMILTON COUNTY,193,19 Years,86,49,37,65,39,26,0,0,0,1,0,1,3,2,1,17,8,9
HAMILTON COUNTY,193,20 Years,114,62,52,93,54,39,0,0,0,0,0,0,5,3,2,16,5,11
HAMILTON COUNTY,193,21 Years,112,61,51,85,47,38,1,1,0,0,0,0,5,4,1,21,9,12
HAMILTON COUNTY,193,22 Years,100,51,49,74,38,36,2,2,0,1,0,1,3,2,1,20,9,11
HAMILTON COUNTY,193,23 Years,98,52,46,79,40,39,2,2,0,1,0,1,0,0,0,16,10,6
HAMILTON COUNTY,193,24 Years,111,54,57,85,42,43,2,1,1,1,1,0,1,1,0,22,9,13
HAMILTON COUNTY,193,25 Years,105,55,50,81,43,38,1,0,1,0,0,0,2,0,2,21,12,9
HAMILTON COUNTY,193,26 Years,120,62,58,92,49,43,1,0,1,0,0,0,5,2,3,22,11,11
HAMILTON COUNTY,193,27 Years,85,40,45,65,32,33,1,0,1,0,0,0,2,1,1,17,7,10
HAMILTON COUNTY,193,28 Years,75,31,44,60,24,36,1,1,0,0,0,0,0,0,0,14,6,8
HAMILTON COUNTY,193,29 Years,79,33,46,65,26,39,0,0,0,0,0,0,0,0,0,14,7,7
HAMILTON COUNTY,193,30 Years,99,51,48,79,43,36,1,0,1,0,0,0,0,0,0,19,8,11
HAMILTON COUNTY,193,31 Years,102,58,44,85,50,35,0,0,0,1,1,0,1,1,0,15,6,9
HAMILTON COUNTY,193,32 Years,73,38,35,66,35,31,0,0,0,1,1,0,0,0,0,6,2,4
HAMILTON COUNTY,193,33 Years,88,50,38,68,38,30,2,1,1,1,0,1,0,0,0,17,11,6
HAMILTON COUNTY,193,34 Years,77,37,40,64,31,33,2,1,1,0,0,0,0,0,0,11,5,6
HAMILTON COUNTY,193,35 Years,101,52,49,90,45,45,0,0,0,0,0,0,0,0,0,11,7,4
HAMILTON COUNTY,193,36 Years,91,52,39,76,45,31,2,1,1,0,0,0,0,0,0,13,6,7
HAMILTON COUNTY,193,37 Years,81,42,39,65,35,30,2,1,1,0,0,0,1,0,1,13,6,7
HAMILTON COUNTY,193,38 Years,90,52,38,79,44,35,0,0,0,0,0,0,0,0,0,11,8,3
HAMILTON COUNTY,193,39 Years,79,44,35,67,37,30,0,0,0,0,0,0,0,0,0,12,7,5
HAMILTON COUNTY,193,40 Years,80,48,32,70,41,29,1,1,0,0,0,0,1,1,0,8,5,3
HAMILTON COUNTY,193,41 Years,88,50,38,75,44,31,0,0,0,0,0,0,1,0,1,12,6,6
HAMILTON COUNTY,193,42 Years,85,39,46,71,32,39,0,0,0,0,0,0,1,0,1,13,7,6
HAMILTON COUNTY,193,43 Years,100,51,49,81,40,41,1,1,0,0,0,0,5,3,2,13,7,6
HAMILTON COUNTY,193,44 Years,80,42,38,69,37,32,0,0,0,0,0,0,3,2,1,8,3,5
HAMILTON COUNTY,193,45 Years,82,38,44,67,28,39,0,0,0,1,1,0,1,1,0,13,8,5
HAMILTON COUNTY,193,46 Years,108,53,55,91,45,46,0,0,0,0,0,0,2,0,2,15,8,7
HAMILTON COUNTY,193,47 Years,96,50,46,79,41,38,1,0,1,2,1,1,1,1,0,13,7,6
HAMILTON COUNTY,193,48 Years,102,54,48,87,45,42,1,1,0,1,0,1,2,2,0,11,6,5
HAMILTON COUNTY,193,49 Years,101,53,48,90,46,44,0,0,0,0,0,0,3,1,2,8,6,2
HAMILTON COUNTY,193,50 Years,91,46,45,83,42,41,0,0,0,0,0,0,1,0,1,7,4,3
HAMILTON COUNTY,193,51 Years,88,43,45,73,38,35,0,0,0,0,0,0,1,1,0,14,4,10
HAMILTON COUNTY,193,52 Years,95,47,48,79,40,39,0,0,0,0,0,0,4,2,2,12,5,7
HAMILTON COUNTY,193,53 Years,101,53,48,83,40,43,0,0,0,1,1,0,1,1,0,16,11,5
HAMILTON COUNTY,193,54 Years,114,57,57,99,50,49,0,0,0,0,0,0,1,0,1,14,7,7
HAMILTON COUNTY,193,55 Years,125,60,65,113,56,57,1,1,0,2,0,2,0,0,0,9,3,6
HAMILTON COUNTY,193,56 Years,117,60,57,103,51,52,2,2,0,0,0,0,2,1,1,10,6,4
HAMILTON COUNTY,193,57 Years,124,62,62,103,51,52,1,1,0,2,2,0,1,1,0,17,7,10
HAMILTON COUNTY,193,58 Years,125,68,57,107,56,51,0,0,0,2,0,2,1,1,0,15,11,4
HAMILTON COUNTY,193,59 Years,108,51,57,99,46,53,0,0,0,0,0,0,1,0,1,8,5,3
HAMILTON COUNTY,193,60 Years,115,58,57,103,51,52,0,0,0,1,1,0,0,0,0,11,6,5
HAMILTON COUNTY,193,61 Years,111,54,57,95,47,48,1,1,0,0,0,0,2,1,1,13,5,8
HAMILTON COUNTY,193,62 Years,96,45,51,86,39,47,0,0,0,0,0,0,1,0,1,9,6,3
HAMILTON COUNTY,193,63 Years,100,40,60,88,34,54,0,0,0,1,0,1,1,0,1,10,6,4
HAMILTON COUNTY,193,64 Years,117,55,62,103,49,54,1,1,0,0,0,0,3,0,3,10,5,5
HAMILTON COUNTY,193,65 Years,95,46,49,85,41,44,0,0,0,1,0,1,1,0,1,8,5,3
HAMILTON COUNTY,193,66 Years,117,47,70,110,43,67,0,0,0,1,0,1,2,1,1,4,3,1
HAMILTON COUNTY,193,67 Years,97,36,61,94,35,59,0,0,0,0,0,0,1,0,1,2,1,1
HAMILTON COUNTY,193,68 Years,94,48,46,88,45,43,0,0,0,0,0,0,2,1,1,4,2,2
HAMILTON COUNTY,193,69 Years,113,64,49,105,59,46,1,1,0,0,0,0,1,0,1,6,4,2
HAMILTON COUNTY,193,70 Years,103,48,55,97,45,52,0,0,0,0,0,0,0,0,0,6,3,3
HAMILTON COUNTY,193,71 Years,113,57,56,106,53,53,0,0,0,1,1,0,0,0,0,6,3,3
HAMILTON COUNTY,193,72 Years,86,34,52,82,32,50,0,0,0,0,0,0,0,0,0,4,2,2
HAMILTON COUNTY,193,73 Years,99,43,56,95,41,54,0,0,0,0,0,0,0,0,0,4,2,2
HAMILTON COUNTY,193,74 Years,100,44,56,95,41,54,0,0,0,0,0,0,1,0,1,4,3,1
HAMILTON COUNTY,193,75 Years,107,51,56,103,48,55,0,0,0,1,1,0,0,0,0,3,2,1
HAMILTON COUNTY,193,76 Years,101,46,55,98,44,54,0,0,0,1,1,0,0,0,0,2,1,1
HAMILTON COUNTY,193,77 Years,95,44,51,93,42,51,0,0,0,0,0,0,1,1,0,1,1,0
HAMILTON COUNTY,193,78 Years,85,37,48,80,36,44,0,0,0,0,0,0,3,1,2,2,0,2
HAMILTON COUNTY,193,79 Years,87,45,42,81,41,40,0,0,0,2,2,0,1,1,0,3,1,2
HAMILTON COUNTY,193,80 Years,78,35,43,74,32,42,0,0,0,1,1,0,0,0,0,3,2,1
HAMILTON COUNTY,193,81 Years,63,27,36,62,26,36,0,0,0,0,0,0,0,0,0,1,1,0
HAMILTON COUNTY,193,82 Years,70,30,40,69,30,39,0,0,0,0,0,0,0,0,0,1,0,1
HAMILTON COUNTY,193,83 Years,75,33,42,73,33,40,0,0,0,0,0,0,0,0,0,2,0,2
HAMILTON COUNTY,193,84 Years,49,21,28,48,21,27,0,0,0,0,0,0,0,0,0,1,0,1
HAMILTON COUNTY,193,85 Years,47,23,24,47,23,24,0,0,0,0,0,0,0,0,0,0,0,0
HAMILTON COUNTY,193,86 Years,41,21,20,40,21,19,0,0,0,0,0,0,0,0,0,1,0,1
HAMILTON COUNTY,193,87 Years,36,18,18,34,18,16,0,0,0,0,0,0,0,0,0,2,0,2
HAMILTON COUNTY,193,88 Years,40,19,21,39,18,21,0,0,0,0,0,0,0,0,0,1,1,0
HAMILTON COUNTY,193,89 Years,31,14,17,31,14,17,0,0,0,0,0,0,0,0,0,0,0,0
HAMILTON COUNTY,193,90 Years,21,10,11,21,10,11,0,0,0,0,0,0,0,0,0,0,0,0
HAMILTON COUNTY,193,91 Years,19,9,10,17,8,9,0,0,0,0,0,0,1,0,1,1,1,0
HAMILTON COUNTY,193,92 Years,23,7,16,19,6,13,0,0,0,2,0,2,0,0,0,2,1,1
HAMILTON COUNTY,193,93 Years,19,6,13,17,5,12,0,0,0,0,0,0,0,0,0,2,1,1
HAMILTON COUNTY,193,94 Years,12,4,8,11,4,7,0,0,0,0,0,0,0,0,0,1,0,1
HAMILTON COUNTY,193,95 Years +,33,8,25,33,8,25,0,0,0,0,0,0,0,0,0,0,0,0
HANSFORD COUNTY,195,All Ages,5415,2723,2692,2688,1296,1392,29,20,9,18,7,11,68,38,30,2612,1362,1250
HANSFORD COUNTY,195,< 1 Year,79,42,37,29,14,15,0,0,0,0,0,0,6,4,2,44,24,20
HANSFORD COUNTY,195,1 Years,71,38,33,25,12,13,0,0,0,0,0,0,4,3,1,42,23,19
HANSFORD COUNTY,195,2 Years,76,44,32,25,15,10,0,0,0,0,0,0,6,5,1,45,24,21
HANSFORD COUNTY,195,3 Years,79,42,37,27,14,13,0,0,0,0,0,0,4,3,1,48,25,23
HANSFORD COUNTY,195,4 Years,85,47,38,31,17,14,0,0,0,0,0,0,4,3,1,50,27,23
HANSFORD COUNTY,195,5 Years,84,43,41,30,16,14,0,0,0,0,0,0,0,0,0,54,27,27
HANSFORD COUNTY,195,6 Years,81,43,38,28,15,13,0,0,0,0,0,0,0,0,0,53,28,25
HANSFORD COUNTY,195,7 Years,81,43,38,28,15,13,0,0,0,0,0,0,0,0,0,53,28,25
HANSFORD COUNTY,195,8 Years,89,49,40,35,16,19,0,0,0,1,1,0,1,1,0,52,31,21
HANSFORD COUNTY,195,9 Years,85,41,44,33,15,18,0,0,0,1,1,0,1,1,0,50,24,26
HANSFORD COUNTY,195,10 Years,89,39,50,38,14,24,0,0,0,1,0,1,1,1,0,49,24,25
HANSFORD COUNTY,195,11 Years,90,53,37,32,19,13,3,3,0,0,0,0,1,1,0,54,30,24
HANSFORD COUNTY,195,12 Years,88,51,37,36,20,16,2,2,0,0,0,0,1,1,0,49,28,21
HANSFORD COUNTY,195,13 Years,100,48,52,43,20,23,0,0,0,0,0,0,1,1,0,56,27,29
HANSFORD COUNTY,195,14 Years,97,50,47,38,18,20,0,0,0,0,0,0,0,0,0,59,32,27
HANSFORD COUNTY,195,15 Years,91,43,48,37,19,18,2,0,2,0,0,0,0,0,0,52,24,28
HANSFORD COUNTY,195,16 Years,87,46,41,39,22,17,0,0,0,0,0,0,0,0,0,48,24,24
HANSFORD COUNTY,195,17 Years,95,47,48,35,19,16,0,0,0,0,0,0,0,0,0,60,28,32
HANSFORD COUNTY,195,18 Years,86,44,42,32,16,16,0,0,0,0,0,0,1,1,0,53,27,26
HANSFORD COUNTY,195,19 Years,71,34,37,26,14,12,0,0,0,0,0,0,1,1,0,44,19,25
HANSFORD COUNTY,195,20 Years,59,30,29,21,12,9,0,0,0,0,0,0,1,0,1,37,18,19
HANSFORD COUNTY,195,21 Years,66,34,32,24,13,11,1,0,1,1,0,1,3,2,1,37,19,18
HANSFORD COUNTY,195,22 Years,71,41,30,27,13,14,0,0,0,1,1,0,1,1,0,42,26,16
HANSFORD COUNTY,195,23 Years,75,38,37,29,14,15,0,0,0,1,0,1,1,0,1,44,24,20
HANSFORD COUNTY,195,24 Years,78,37,41,30,14,16,0,0,0,1,0,1,1,0,1,46,23,23
HANSFORD COUNTY,195,25 Years,94,52,42,37,19,18,1,1,0,0,0,0,1,0,1,55,32,23
HANSFORD COUNTY,195,26 Years,96,45,51,30,12,18,1,1,0,0,0,0,1,0,1,64,32,32
HANSFORD COUNTY,195,27 Years,62,31,31,20,10,10,2,1,1,0,0,0,0,0,0,40,20,20
HANSFORD COUNTY,195,28 Years,56,29,27,21,9,12,0,0,0,0,0,0,0,0,0,35,20,15
HANSFORD COUNTY,195,29 Years,44,20,24,22,9,13,0,0,0,0,0,0,0,0,0,22,11,11
HANSFORD COUNTY,195,30 Years,46,23,23,22,9,13,0,0,0,0,0,0,0,0,0,24,14,10
HANSFORD COUNTY,195,31 Years,55,30,25,23,13,10,0,0,0,0,0,0,1,0,1,31,17,14
HANSFORD COUNTY,195,32 Years,59,31,28,23,15,8,1,1,0,2,1,1,0,0,0,33,14,19
HANSFORD COUNTY,195,33 Years,47,25,22,20,12,8,0,0,0,1,0,1,0,0,0,26,13,13
HANSFORD COUNTY,195,34 Years,51,31,20,20,13,7,2,2,0,0,0,0,0,0,0,29,16,13
HANSFORD COUNTY,195,35 Years,72,36,36,33,18,15,1,1,0,0,0,0,0,0,0,38,17,21
HANSFORD COUNTY,195,36 Years,58,24,34,26,10,16,0,0,0,2,1,1,0,0,0,30,13,17
HANSFORD COUNTY,195,37 Years,58,27,31,26,10,16,1,1,0,1,1,0,1,1,0,29,14,15
HANSFORD COUNTY,195,38 Years,56,28,28,27,12,15,0,0,0,0,0,0,1,1,0,28,15,13
HANSFORD COUNTY,195,39 Years,55,26,29,28,12,16,0,0,0,1,0,1,0,0,0,26,14,12
HANSFORD COUNTY,195,40 Years,55,28,27,29,14,15,0,0,0,0,0,0,1,1,0,25,13,12
HANSFORD COUNTY,195,41 Years,59,33,26,32,18,14,1,1,0,0,0,0,0,0,0,26,14,12
HANSFORD COUNTY,195,42 Years,61,32,29,30,16,14,1,1,0,0,0,0,0,0,0,30,15,15
HANSFORD COUNTY,195,43 Years,57,31,26,28,15,13,0,0,0,1,1,0,0,0,0,28,15,13
HANSFORD COUNTY,195,44 Years,60,30,30,32,16,16,1,0,1,0,0,0,1,0,1,26,14,12
HANSFORD COUNTY,195,45 Years,69,36,33,29,15,14,0,0,0,0,0,0,1,0,1,39,21,18
HANSFORD COUNTY,195,46 Years,54,27,27,27,13,14,0,0,0,0,0,0,0,0,0,27,14,13
HANSFORD COUNTY,195,47 Years,66,33,33,33,15,18,0,0,0,0,0,0,0,0,0,33,18,15
HANSFORD COUNTY,195,48 Years,67,31,36,32,13,19,0,0,0,0,0,0,0,0,0,35,18,17
HANSFORD COUNTY,195,49 Years,58,27,31,29,16,13,0,0,0,0,0,0,0,0,0,29,11,18
HANSFORD COUNTY,195,50 Years,65,34,31,37,21,16,1,0,1,0,0,0,1,1,0,26,12,14
HANSFORD COUNTY,195,51 Years,58,29,29,31,15,16,0,0,0,0,0,0,1,1,0,26,13,13
HANSFORD COUNTY,195,52 Years,69,38,31,32,15,17,0,0,0,1,0,1,0,0,0,36,23,13
HANSFORD COUNTY,195,53 Years,67,35,32,35,16,19,0,0,0,1,0,1,1,1,0,30,18,12
HANSFORD COUNTY,195,54 Years,68,34,34,36,17,19,0,0,0,1,0,1,0,0,0,31,17,14
HANSFORD COUNTY,195,55 Years,75,40,35,38,20,18,0,0,0,0,0,0,0,0,0,37,20,17
HANSFORD COUNTY,195,56 Years,65,38,27,38,20,18,1,0,1,0,0,0,0,0,0,26,18,8
HANSFORD COUNTY,195,57 Years,64,33,31,36,17,19,3,2,1,0,0,0,0,0,0,25,14,11
HANSFORD COUNTY,195,58 Years,68,34,34,36,17,19,1,1,0,0,0,0,0,0,0,31,16,15
HANSFORD COUNTY,195,59 Years,61,37,24,42,24,18,0,0,0,0,0,0,0,0,0,19,13,6
HANSFORD COUNTY,195,60 Years,64,32,32,43,22,21,0,0,0,0,0,0,1,0,1,20,10,10
HANSFORD COUNTY,195,61 Years,62,30,32,39,19,20,0,0,0,0,0,0,1,0,1,22,11,11
HANSFORD COUNTY,195,62 Years,65,35,30,42,22,20,0,0,0,0,0,0,2,0,2,21,13,8
HANSFORD COUNTY,195,63 Years,63,31,32,40,20,20,0,0,0,0,0,0,0,0,0,23,11,12
HANSFORD COUNTY,195,64 Years,63,30,33,43,22,21,0,0,0,0,0,0,1,1,0,19,7,12
HANSFORD COUNTY,195,65 Years,56,26,30,44,20,24,0,0,0,0,0,0,0,0,0,12,6,6
HANSFORD COUNTY,195,66 Years,48,22,26,31,16,15,0,0,0,0,0,0,0,0,0,17,6,11
HANSFORD COUNTY,195,67 Years,55,28,27,39,21,18,0,0,0,0,0,0,0,0,0,16,7,9
HANSFORD COUNTY,195,68 Years,48,26,22,33,18,15,0,0,0,0,0,0,0,0,0,15,8,7
HANSFORD COUNTY,195,69 Years,49,20,29,38,13,25,0,0,0,0,0,0,1,0,1,10,7,3
HANSFORD COUNTY,195,70 Years,39,14,25,32,12,20,0,0,0,0,0,0,1,0,1,6,2,4
HANSFORD COUNTY,195,71 Years,53,27,26,36,16,20,0,0,0,0,0,0,2,1,1,15,10,5
HANSFORD COUNTY,195,72 Years,43,19,24,31,12,19,0,0,0,0,0,0,1,0,1,11,7,4
HANSFORD COUNTY,195,73 Years,37,19,18,25,11,14,1,1,0,0,0,0,0,0,0,11,7,4
HANSFORD COUNTY,195,74 Years,35,19,16,25,12,13,1,1,0,0,0,0,0,0,0,9,6,3
HANSFORD COUNTY,195,75 Years,44,20,24,35,17,18,1,0,1,0,0,0,0,0,0,8,3,5
HANSFORD COUNTY,195,76 Years,39,16,23,30,13,17,0,0,0,0,0,0,1,0,1,8,3,5
HANSFORD COUNTY,195,77 Years,28,11,17,24,10,14,0,0,0,0,0,0,1,0,1,3,1,2
HANSFORD COUNTY,195,78 Years,25,12,13,20,9,11,0,0,0,0,0,0,0,0,0,5,3,2
HANSFORD COUNTY,195,79 Years,27,13,14,20,9,11,0,0,0,0,0,0,0,0,0,7,4,3
HANSFORD COUNTY,195,80 Years,26,9,17,22,7,15,0,0,0,0,0,0,0,0,0,4,2,2
HANSFORD COUNTY,195,81 Years,23,8,15,18,6,12,0,0,0,0,0,0,1,0,1,4,2,2
HANSFORD COUNTY,195,82 Years,22,13,9,20,12,8,0,0,0,0,0,0,1,0,1,1,1,0
HANSFORD COUNTY,195,83 Years,17,9,8,16,9,7,0,0,0,0,0,0,0,0,0,1,0,1
HANSFORD COUNTY,195,84 Years,21,7,14,19,7,12,0,0,0,0,0,0,0,0,0,2,0,2
HANSFORD COUNTY,195,85 Years,21,7,14,17,4,13,0,0,0,0,0,0,0,0,0,4,3,1
HANSFORD COUNTY,195,86 Years,17,6,11,14,4,10,0,0,0,0,0,0,0,0,0,3,2,1
HANSFORD COUNTY,195,87 Years,15,3,12,13,3,10,0,0,0,0,0,0,0,0,0,2,0,2
HANSFORD COUNTY,195,88 Years,15,4,11,11,2,9,0,0,0,0,0,0,2,1,1,2,1,1
HANSFORD COUNTY,195,89 Years,13,4,9,9,3,6,0,0,0,0,0,0,1,0,1,3,1,2
HANSFORD COUNTY,195,90 Years,14,7,7,11,5,6,0,0,0,0,0,0,0,0,0,3,2,1
HANSFORD COUNTY,195,91 Years,8,4,4,7,3,4,0,0,0,0,0,0,0,0,0,1,1,0
HANSFORD COUNTY,195,92 Years,7,2,5,4,1,3,0,0,0,0,0,0,1,0,1,2,1,1
HANSFORD COUNTY,195,93 Years,5,2,3,4,1,3,0,0,0,0,0,0,0,0,0,1,1,0
HANSFORD COUNTY,195,94 Years,5,1,4,4,1,3,0,0,0,0,0,0,0,0,0,1,0,1
HANSFORD COUNTY,195,95 Years +,15,2,13,11,2,9,0,0,0,0,0,0,0,0,0,4,0,4
HARDEMAN COUNTY,197,All Ages,3816,1949,1867,2411,1203,1208,235,126,109,11,8,3,114,61,53,1045,551,494
HARDEMAN COUNTY,197,< 1 Year,42,24,18,20,10,10,4,3,1,0,0,0,0,0,0,18,11,7
HARDEMAN COUNTY,197,1 Years,45,26,19,20,10,10,3,2,1,0,0,0,4,2,2,18,12,6
HARDEMAN COUNTY,197,2 Years,51,26,25,19,9,10,3,1,2,0,0,0,8,4,4,21,12,9
HARDEMAN COUNTY,197,3 Years,57,33,24,23,13,10,3,2,1,0,0,0,6,3,3,25,15,10
HARDEMAN COUNTY,197,4 Years,57,33,24,27,17,10,2,1,1,0,0,0,4,1,3,24,14,10
HARDEMAN COUNTY,197,5 Years,52,27,25,27,14,13,3,1,2,0,0,0,0,0,0,22,12,10
HARDEMAN COUNTY,197,6 Years,51,24,27,24,12,12,3,1,2,0,0,0,5,1,4,19,10,9
HARDEMAN COUNTY,197,7 Years,55,25,30,22,11,11,3,1,2,0,0,0,5,1,4,25,12,13
HARDEMAN COUNTY,197,8 Years,70,40,30,32,16,16,3,2,1,0,0,0,7,5,2,28,17,11
HARDEMAN COUNTY,197,9 Years,56,32,24,20,12,8,5,2,3,0,0,0,3,2,1,28,16,12
HARDEMAN COUNTY,197,10 Years,51,27,24,24,12,12,4,3,1,0,0,0,1,1,0,22,11,11
HARDEMAN COUNTY,197,11 Years,49,23,26,23,11,12,2,1,1,0,0,0,4,3,1,20,8,12
HARDEMAN COUNTY,197,12 Years,49,28,21,24,11,13,2,2,0,1,1,0,2,2,0,20,12,8
HARDEMAN COUNTY,197,13 Years,46,29,17,22,12,10,2,2,0,1,1,0,2,2,0,19,12,7
HARDEMAN COUNTY,197,14 Years,52,32,20,22,12,10,3,3,0,0,0,0,2,2,0,25,15,10
HARDEMAN COUNTY,197,15 Years,46,26,20,20,10,10,1,1,0,0,0,0,2,2,0,23,13,10
HARDEMAN COUNTY,197,16 Years,45,21,24,20,9,11,2,2,0,0,0,0,1,0,1,22,10,12
HARDEMAN COUNTY,197,17 Years,50,25,25,25,11,14,3,3,0,0,0,0,0,0,0,22,11,11
HARDEMAN COUNTY,197,18 Years,39,20,19,18,9,9,3,2,1,0,0,0,0,0,0,18,9,9
HARDEMAN COUNTY,197,19 Years,44,22,22,22,10,12,2,2,0,0,0,0,1,0,1,19,10,9
HARDEMAN COUNTY,197,20 Years,42,26,16,20,12,8,2,1,1,0,0,0,0,0,0,20,13,7
HARDEMAN COUNTY,197,21 Years,38,23,15,19,10,9,3,2,1,0,0,0,1,1,0,15,10,5
HARDEMAN COUNTY,197,22 Years,45,24,21,24,13,11,4,3,1,0,0,0,1,1,0,16,7,9
HARDEMAN COUNTY,197,23 Years,42,20,22,18,8,10,6,2,4,0,0,0,2,1,1,16,9,7
HARDEMAN COUNTY,197,24 Years,46,22,24,21,10,11,5,2,3,0,0,0,3,2,1,17,8,9
HARDEMAN COUNTY,197,25 Years,48,22,26,24,10,14,4,1,3,0,0,0,1,1,0,19,10,9
HARDEMAN COUNTY,197,26 Years,49,24,25,28,15,13,2,1,1,0,0,0,0,0,0,19,8,11
HARDEMAN COUNTY,197,27 Years,42,23,19,25,13,12,2,2,0,0,0,0,1,0,1,14,8,6
HARDEMAN COUNTY,197,28 Years,29,19,10,19,12,7,1,1,0,0,0,0,0,0,0,9,6,3
HARDEMAN COUNTY,197,29 Years,29,14,15,17,8,9,1,1,0,0,0,0,2,0,2,9,5,4
HARDEMAN COUNTY,197,30 Years,36,13,23,21,8,13,3,3,0,0,0,0,1,0,1,11,2,9
HARDEMAN COUNTY,197,31 Years,38,17,21,29,13,16,3,2,1,0,0,0,1,1,0,5,1,4
HARDEMAN COUNTY,197,32 Years,44,23,21,28,14,14,2,1,1,0,0,0,3,3,0,11,5,6
HARDEMAN COUNTY,197,33 Years,43,24,19,27,14,13,2,1,1,0,0,0,3,3,0,11,6,5
HARDEMAN COUNTY,197,34 Years,50,27,23,36,20,16,4,2,2,0,0,0,1,1,0,9,4,5
HARDEMAN COUNTY,197,35 Years,46,25,21,27,15,12,2,0,2,0,0,0,0,0,0,17,10,7
HARDEMAN COUNTY,197,36 Years,42,22,20,24,12,12,2,1,1,0,0,0,0,0,0,16,9,7
HARDEMAN COUNTY,197,37 Years,38,20,18,24,13,11,4,2,2,0,0,0,0,0,0,10,5,5
HARDEMAN COUNTY,197,38 Years,42,16,26,26,12,14,2,1,1,0,0,0,1,0,1,13,3,10
HARDEMAN COUNTY,197,39 Years,33,16,17,19,10,9,3,2,1,0,0,0,0,0,0,11,4,7
HARDEMAN COUNTY,197,40 Years,48,22,26,29,11,18,0,0,0,1,0,1,0,0,0,18,11,7
HARDEMAN COUNTY,197,41 Years,48,21,27,32,13,19,1,0,1,1,0,1,0,0,0,14,8,6
HARDEMAN COUNTY,197,42 Years,41,20,21,26,12,14,3,2,1,0,0,0,0,0,0,12,6,6
HARDEMAN COUNTY,197,43 Years,38,22,16,26,15,11,5,3,2,0,0,0,0,0,0,7,4,3
HARDEMAN COUNTY,197,44 Years,45,24,21,33,16,17,3,3,0,0,0,0,1,0,1,8,5,3
HARDEMAN COUNTY,197,45 Years,36,16,20,25,10,15,2,2,0,0,0,0,2,1,1,7,3,4
HARDEMAN COUNTY,197,46 Years,51,28,23,35,19,16,6,4,2,0,0,0,2,1,1,8,4,4
HARDEMAN COUNTY,197,47 Years,49,22,27,40,19,21,4,1,3,0,0,0,0,0,0,5,2,3
HARDEMAN COUNTY,197,48 Years,49,25,24,40,19,21,0,0,0,0,0,0,0,0,0,9,6,3
HARDEMAN COUNTY,197,49 Years,46,21,25,36,17,19,3,0,3,0,0,0,1,1,0,6,3,3
HARDEMAN COUNTY,197,50 Years,43,18,25,32,16,16,2,0,2,0,0,0,1,0,1,8,2,6
HARDEMAN COUNTY,197,51 Years,40,15,25,32,13,19,1,1,0,0,0,0,1,0,1,6,1,5
HARDEMAN COUNTY,197,52 Years,49,24,25,34,19,15,4,1,3,0,0,0,1,1,0,10,3,7
HARDEMAN COUNTY,197,53 Years,59,30,29,36,18,18,5,2,3,0,0,0,2,0,2,16,10,6
HARDEMAN COUNTY,197,54 Years,54,25,29,37,16,21,3,1,2,0,0,0,1,0,1,13,8,5
HARDEMAN COUNTY,197,55 Years,46,21,25,34,14,20,4,2,2,0,0,0,1,1,0,7,4,3
HARDEMAN COUNTY,197,56 Years,45,23,22,32,15,17,4,3,1,0,0,0,1,0,1,8,5,3
HARDEMAN COUNTY,197,57 Years,53,24,29,38,18,20,3,1,2,0,0,0,2,1,1,10,4,6
HARDEMAN COUNTY,197,58 Years,44,25,19,36,21,15,2,1,1,0,0,0,0,0,0,6,3,3
HARDEMAN COUNTY,197,59 Years,52,27,25,40,19,21,4,2,2,0,0,0,1,1,0,7,5,2
HARDEMAN COUNTY,197,60 Years,66,32,34,48,20,28,5,3,2,2,2,0,1,1,0,10,6,4
HARDEMAN COUNTY,197,61 Years,55,28,27,45,23,22,2,1,1,1,1,0,1,0,1,6,3,3
HARDEMAN COUNTY,197,62 Years,58,34,24,39,21,18,4,3,1,0,0,0,1,1,0,14,9,5
HARDEMAN COUNTY,197,63 Years,64,36,28,45,26,19,2,2,0,0,0,0,0,0,0,17,8,9
HARDEMAN COUNTY,197,64 Years,56,27,29,44,20,24,2,1,1,0,0,0,1,1,0,9,5,4
HARDEMAN COUNTY,197,65 Years,46,22,24,39,20,19,1,0,1,1,0,1,0,0,0,5,2,3
HARDEMAN COUNTY,197,66 Years,47,22,25,37,17,20,1,1,0,1,1,0,0,0,0,8,3,5
HARDEMAN COUNTY,197,67 Years,47,28,19,38,23,15,2,1,1,1,1,0,0,0,0,6,3,3
HARDEMAN COUNTY,197,68 Years,41,28,13,34,24,10,3,1,2,0,0,0,1,0,1,3,3,0
HARDEMAN COUNTY,197,69 Years,43,25,18,34,21,13,2,1,1,0,0,0,1,0,1,6,3,3
HARDEMAN COUNTY,197,70 Years,40,21,19,30,15,15,2,2,0,0,0,0,2,2,0,6,2,4
HARDEMAN COUNTY,197,71 Years,37,16,21,27,12,15,2,1,1,0,0,0,1,1,0,7,2,5
HARDEMAN COUNTY,197,72 Years,42,16,26,28,12,16,3,2,1,0,0,0,2,0,2,9,2,7
HARDEMAN COUNTY,197,73 Years,36,17,19,28,14,14,2,1,1,0,0,0,0,0,0,6,2,4
HARDEMAN COUNTY,197,74 Years,36,16,20,28,12,16,3,1,2,0,0,0,0,0,0,5,3,2
HARDEMAN COUNTY,197,75 Years,32,16,16,26,12,14,1,0,1,0,0,0,1,0,1,4,4,0
HARDEMAN COUNTY,197,76 Years,34,21,13,24,15,9,1,1,0,0,0,0,2,1,1,7,4,3
HARDEMAN COUNTY,197,77 Years,32,17,15,26,14,12,2,1,1,0,0,0,1,1,0,3,1,2
HARDEMAN COUNTY,197,78 Years,27,13,14,22,10,12,2,0,2,0,0,0,0,0,0,3,3,0
HARDEMAN COUNTY,197,79 Years,23,14,9,18,11,7,3,1,2,0,0,0,0,0,0,2,2,0
HARDEMAN COUNTY,197,80 Years,15,8,7,12,7,5,2,1,1,0,0,0,0,0,0,1,0,1
HARDEMAN COUNTY,197,81 Years,24,9,15,19,8,11,2,0,2,0,0,0,0,0,0,3,1,2
HARDEMAN COUNTY,197,82 Years,22,8,14,17,6,11,2,1,1,0,0,0,0,0,0,3,1,2
HARDEMAN COUNTY,197,83 Years,16,10,6,15,9,6,0,0,0,0,0,0,0,0,0,1,1,0
HARDEMAN COUNTY,197,84 Years,13,7,6,12,6,6,0,0,0,0,0,0,0,0,0,1,1,0
HARDEMAN COUNTY,197,85 Years,9,3,6,8,3,5,0,0,0,0,0,0,0,0,0,1,0,1
HARDEMAN COUNTY,197,86 Years,9,3,6,7,3,4,0,0,0,0,0,0,1,0,1,1,0,1
HARDEMAN COUNTY,197,87 Years,13,9,4,9,6,3,2,1,1,0,0,0,0,0,0,2,2,0
HARDEMAN COUNTY,197,88 Years,13,8,5,9,6,3,3,1,2,0,0,0,0,0,0,1,1,0
HARDEMAN COUNTY,197,89 Years,13,4,9,8,3,5,2,1,1,0,0,0,2,0,2,1,0,1
HARDEMAN COUNTY,197,90 Years,10,3,7,7,2,5,1,0,1,0,0,0,1,1,0,1,0,1
HARDEMAN COUNTY,197,91 Years,8,3,5,7,2,5,0,0,0,0,0,0,0,0,0,1,1,0
HARDEMAN COUNTY,197,92 Years,5,2,3,4,2,2,1,0,1,0,0,0,0,0,0,0,0,0
HARDEMAN COUNTY,197,93 Years,4,1,3,3,1,2,1,0,1,0,0,0,0,0,0,0,0,0
HARDEMAN COUNTY,197,94 Years,3,1,2,3,1,2,0,0,0,0,0,0,0,0,0,0,0,0
HARDEMAN COUNTY,197,95 Years +,12,5,7,8,3,5,2,0,2,1,1,0,0,0,0,1,1,0
HARDIN COUNTY,199,All Ages,58355,28968,29387,50871,25098,25773,3066,1487,1579,301,131,170,923,486,437,3194,1766,1428
HARDIN COUNTY,199,< 1 Year,643,316,327,533,265,268,31,13,18,3,1,2,18,8,10,58,29,29
HARDIN COUNTY,199,1 Years,642,325,317,531,267,264,29,15,14,3,1,2,21,9,12,58,33,25
HARDIN COUNTY,199,2 Years,653,330,323,536,270,266,31,17,14,2,1,1,23,12,11,61,30,31
HARDIN COUNTY,199,3 Years,652,336,316,538,272,266,28,16,12,3,2,1,23,14,9,60,32,28
HARDIN COUNTY,199,4 Years,657,342,315,543,279,264,28,15,13,3,2,1,22,12,10,61,34,27
HARDIN COUNTY,199,5 Years,659,350,309,548,289,259,30,14,16,3,2,1,25,14,11,53,31,22
HARDIN COUNTY,199,6 Years,652,349,303,534,282,252,34,17,17,3,2,1,25,14,11,56,34,22
HARDIN COUNTY,199,7 Years,654,346,308,535,280,255,35,18,17,3,2,1,25,15,10,56,31,25
HARDIN COUNTY,199,8 Years,700,353,347,564,279,285,39,22,17,3,2,1,24,13,11,70,37,33
HARDIN COUNTY,199,9 Years,775,413,362,651,351,300,56,27,29,3,1,2,16,10,6,49,24,25
HARDIN COUNTY,199,10 Years,766,398,368,628,325,303,57,27,30,2,0,2,23,12,11,56,34,22
HARDIN COUNTY,199,11 Years,799,427,372,654,343,311,55,31,24,4,2,2,24,12,12,62,39,23
HARDIN COUNTY,199,12 Years,780,420,360,646,344,302,53,28,25,4,3,1,22,11,11,55,34,21
HARDIN COUNTY,199,13 Years,850,439,411,700,357,343,46,28,18,6,2,4,20,9,11,78,43,35
HARDIN COUNTY,199,14 Years,821,432,389,687,357,330,47,27,20,5,2,3,16,7,9,66,39,27
HARDIN COUNTY,199,15 Years,818,424,394,692,356,336,46,26,20,5,1,4,15,6,9,60,35,25
HARDIN COUNTY,199,16 Years,858,458,400,727,390,337,47,29,18,3,1,2,11,5,6,70,33,37
HARDIN COUNTY,199,17 Years,915,483,432,775,403,372,46,25,21,4,1,3,17,11,6,73,43,30
HARDIN COUNTY,199,18 Years,890,488,402,748,403,345,55,30,25,2,1,1,16,10,6,69,44,25
HARDIN COUNTY,199,19 Years,793,426,367,672,358,314,40,19,21,2,2,0,17,11,6,62,36,26
HARDIN COUNTY,199,20 Years,770,408,362,649,347,302,37,17,20,3,2,1,12,7,5,69,35,34
HARDIN COUNTY,199,21 Years,752,405,347,628,337,291,43,17,26,3,1,2,13,8,5,65,42,23
HARDIN COUNTY,199,22 Years,734,405,329,623,337,286,41,20,21,3,2,1,11,7,4,56,39,17
HARDIN COUNTY,199,23 Years,725,369,356,620,304,316,44,24,20,4,2,2,9,4,5,48,35,13
HARDIN COUNTY,199,24 Years,724,368,356,613,293,320,44,28,16,5,3,2,9,6,3,53,38,15
HARDIN COUNTY,199,25 Years,780,405,375,645,331,314,52,31,21,7,4,3,10,6,4,66,33,33
HARDIN COUNTY,199,26 Years,776,398,378,657,335,322,46,25,21,8,4,4,7,4,3,58,30,28
HARDIN COUNTY,199,27 Years,745,395,350,624,333,291,40,14,26,6,4,2,14,9,5,61,35,26
HARDIN COUNTY,199,28 Years,762,397,365,630,328,302,58,27,31,2,2,0,16,8,8,56,32,24
HARDIN COUNTY,199,29 Years,690,348,342,588,297,291,46,24,22,3,1,2,12,5,7,41,21,20
HARDIN COUNTY,199,30 Years,712,359,353,634,319,315,38,19,19,2,2,0,8,3,5,30,16,14
HARDIN COUNTY,199,31 Years,692,356,336,615,321,294,39,17,22,3,3,0,5,3,2,30,12,18
HARDIN COUNTY,199,32 Years,733,369,364,628,308,320,53,27,26,2,2,0,8,4,4,42,28,14
HARDIN COUNTY,199,33 Years,677,329,348,584,279,305,49,27,22,3,2,1,10,3,7,31,18,13
HARDIN COUNTY,199,34 Years,657,305,352,578,266,312,39,18,21,2,1,1,6,2,4,32,18,14
HARDIN COUNTY,199,35 Years,709,356,353,623,310,313,34,17,17,1,0,1,3,2,1,48,27,21
HARDIN COUNTY,199,36 Years,711,352,359,629,313,316,38,17,21,3,1,2,6,5,1,35,16,19
HARDIN COUNTY,199,37 Years,729,359,370,635,311,324,33,17,16,5,1,4,7,4,3,49,26,23
HARDIN COUNTY,199,38 Years,755,374,381,661,327,334,32,16,16,6,3,3,10,6,4,46,22,24
HARDIN COUNTY,199,39 Years,727,354,373,648,312,336,33,16,17,6,3,3,6,3,3,34,20,14
HARDIN COUNTY,199,40 Years,723,344,379,638,303,335,36,17,19,5,2,3,5,2,3,39,20,19
HARDIN COUNTY,199,41 Years,687,322,365,610,285,325,33,16,17,4,1,3,4,2,2,36,18,18
HARDIN COUNTY,199,42 Years,663,319,344,596,286,310,29,14,15,4,0,4,8,3,5,26,16,10
HARDIN COUNTY,199,43 Years,651,336,315,584,303,281,28,14,14,3,1,2,6,3,3,30,15,15
HARDIN COUNTY,199,44 Years,629,296,333,563,267,296,23,9,14,3,2,1,8,3,5,32,15,17
HARDIN COUNTY,199,45 Years,682,318,364,603,286,317,34,11,23,4,1,3,9,6,3,32,14,18
HARDIN COUNTY,199,46 Years,693,324,369,617,297,320,33,14,19,8,0,8,10,6,4,25,7,18
HARDIN COUNTY,199,47 Years,760,373,387,687,336,351,29,15,14,7,3,4,7,5,2,30,14,16
HARDIN COUNTY,199,48 Years,800,416,384,720,366,354,30,16,14,2,1,1,10,5,5,38,28,10
HARDIN COUNTY,199,49 Years,696,341,355,610,294,316,28,15,13,3,2,1,14,8,6,41,22,19
HARDIN COUNTY,199,50 Years,705,345,360,630,313,317,28,13,15,5,2,3,7,4,3,35,13,22
HARDIN COUNTY,199,51 Years,728,358,370,649,316,333,34,16,18,5,3,2,13,9,4,27,14,13
HARDIN COUNTY,199,52 Years,738,367,371,644,313,331,39,17,22,6,4,2,10,5,5,39,28,11
HARDIN COUNTY,199,53 Years,775,378,397,665,319,346,48,20,28,7,4,3,9,4,5,46,31,15
HARDIN COUNTY,199,54 Years,765,374,391,671,324,347,46,21,25,6,3,3,9,7,2,33,19,14
HARDIN COUNTY,199,55 Years,805,410,395,725,376,349,38,16,22,8,1,7,9,5,4,25,12,13
HARDIN COUNTY,199,56 Years,818,385,433,731,351,380,36,13,23,5,2,3,13,6,7,33,13,20
HARDIN COUNTY,199,57 Years,846,416,430,759,380,379,39,15,24,5,3,2,13,8,5,30,10,20
HARDIN COUNTY,199,58 Years,834,409,425,746,368,378,45,19,26,6,4,2,10,5,5,27,13,14
HARDIN COUNTY,199,59 Years,819,388,431,744,357,387,40,15,25,6,2,4,9,4,5,20,10,10
HARDIN COUNTY,199,60 Years,812,384,428,735,345,390,40,19,21,4,3,1,9,4,5,24,13,11
HARDIN COUNTY,199,61 Years,802,389,413,726,350,376,40,18,22,3,1,2,10,6,4,23,14,9
HARDIN COUNTY,199,62 Years,811,402,409,735,361,374,37,22,15,6,0,6,11,6,5,22,13,9
HARDIN COUNTY,199,63 Years,772,394,378,687,348,339,47,25,22,4,1,3,11,6,5,23,14,9
HARDIN COUNTY,199,64 Years,749,380,369,667,335,332,46,24,22,4,1,3,8,4,4,24,16,8
HARDIN COUNTY,199,65 Years,693,315,378,624,284,340,42,16,26,3,0,3,7,3,4,17,12,5
HARDIN COUNTY,199,66 Years,631,284,347,571,254,317,35,15,20,1,0,1,7,3,4,17,12,5
HARDIN COUNTY,199,67 Years,669,324,345,594,288,306,38,16,22,1,1,0,9,2,7,27,17,10
HARDIN COUNTY,199,68 Years,625,308,317,564,276,288,30,15,15,1,1,0,8,5,3,22,11,11
HARDIN COUNTY,199,69 Years,599,281,318,554,260,294,25,14,11,3,1,2,5,2,3,12,4,8
HARDIN COUNTY,199,70 Years,612,291,321,567,269,298,25,12,13,2,1,1,9,4,5,9,5,4
HARDIN COUNTY,199,71 Years,586,290,296,539,260,279,27,16,11,1,1,0,6,4,2,13,9,4
HARDIN COUNTY,199,72 Years,462,228,234,422,206,216,20,11,9,5,2,3,3,2,1,12,7,5
HARDIN COUNTY,199,73 Years,476,225,251,435,208,227,21,12,9,2,1,1,6,1,5,12,3,9
HARDIN COUNTY,199,74 Years,449,204,245,411,187,224,24,11,13,1,0,1,3,2,1,10,4,6
HARDIN COUNTY,199,75 Years,449,205,244,414,190,224,21,8,13,0,0,0,4,3,1,10,4,6
HARDIN COUNTY,199,76 Years,424,197,227,390,179,211,19,8,11,0,0,0,7,4,3,8,6,2
HARDIN COUNTY,199,77 Years,374,166,208,343,157,186,15,4,11,2,0,2,6,2,4,8,3,5
HARDIN COUNTY,199,78 Years,341,150,191,316,142,174,12,5,7,2,1,1,3,1,2,8,1,7
HARDIN COUNTY,199,79 Years,306,131,175,286,120,166,12,7,5,0,0,0,2,1,1,6,3,3
HARDIN COUNTY,199,80 Years,286,127,159,264,118,146,12,7,5,0,0,0,2,1,1,8,1,7
HARDIN COUNTY,199,81 Years,265,116,149,245,109,136,11,4,7,1,0,1,0,0,0,8,3,5
HARDIN COUNTY,199,82 Years,243,100,143,226,91,135,10,4,6,0,0,0,2,2,0,5,3,2
HARDIN COUNTY,199,83 Years,229,97,132,216,93,123,7,2,5,1,0,1,3,1,2,2,1,1
HARDIN COUNTY,199,84 Years,201,85,116,185,78,107,7,3,4,1,0,1,1,1,0,7,3,4
HARDIN COUNTY,199,85 Years,182,81,101,166,75,91,8,3,5,1,0,1,1,0,1,6,3,3
HARDIN COUNTY,199,86 Years,162,67,95,149,62,87,8,3,5,0,0,0,2,0,2,3,2,1
HARDIN COUNTY,199,87 Years,135,56,79,125,53,72,8,2,6,1,1,0,0,0,0,1,0,1
HARDIN COUNTY,199,88 Years,130,38,92,117,35,82,7,1,6,3,0,3,1,0,1,2,2,0
HARDIN COUNTY,199,89 Years,114,37,77,99,33,66,9,1,8,1,0,1,3,2,1,2,1,1
HARDIN COUNTY,199,90 Years,96,31,65,87,30,57,6,1,5,0,0,0,1,0,1,2,0,2
HARDIN COUNTY,199,91 Years,79,28,51,71,26,45,5,1,4,0,0,0,1,0,1,2,1,1
HARDIN COUNTY,199,92 Years,64,21,43,54,17,37,5,2,3,0,0,0,2,0,2,3,2,1
HARDIN COUNTY,199,93 Years,51,17,34,42,14,28,4,2,2,1,0,1,1,0,1,3,1,2
HARDIN COUNTY,199,94 Years,40,12,28,33,10,23,5,2,3,1,0,1,0,0,0,1,0,1
HARDIN COUNTY,199,95 Years +,82,22,60,66,17,49,10,3,7,0,0,0,1,0,1,5,2,3
HARRIS COUNTY,201,All Ages,4686778,2331959,2354819,1384629,691674,692955,869278,408473,460805,345172,170637,174535,97615,48677,48938,1990084,1012498,977586
HARRIS COUNTY,201,< 1 Year,68930,35122,33808,13802,7050,6752,12487,6342,6145,3883,1965,1918,2595,1315,1280,36163,18450,17713
HARRIS COUNTY,201,1 Years,70237,35791,34446,14164,7265,6899,12664,6430,6234,3850,1964,1886,2636,1340,1296,36923,18792,18131
HARRIS COUNTY,201,2 Years,73099,37212,35887,15119,7695,7424,13117,6676,6441,4124,2090,2034,2728,1384,1344,38011,19367,18644
HARRIS COUNTY,201,3 Years,74839,38118,36721,15851,8106,7745,13399,6803,6596,4335,2199,2136,2757,1401,1356,38497,19609,18888
HARRIS COUNTY,201,4 Years,74248,37769,36479,16008,8161,7847,13298,6746,6552,4494,2277,2217,2663,1352,1311,37785,19233,18552
HARRIS COUNTY,201,5 Years,72742,37073,35669,15798,8086,7712,13016,6606,6410,4432,2263,2169,2598,1324,1274,36898,18794,18104
HARRIS COUNTY,201,6 Years,71126,36172,34954,15391,7875,7516,12669,6419,6250,4165,2144,2021,2430,1244,1186,36471,18490,17981
HARRIS COUNTY,201,7 Years,71454,36259,35195,15322,7819,7503,12691,6425,6266,4082,2095,1987,2360,1206,1154,36999,18714,18285
HARRIS COUNTY,201,8 Years,69438,35179,34259,14548,7493,7055,12325,6206,6119,3792,1877,1915,2177,1092,1085,36596,18511,18085
HARRIS COUNTY,201,9 Years,70473,35749,34724,14694,7525,7169,12638,6343,6295,3799,1941,1858,2145,1115,1030,37197,18825,18372
HARRIS COUNTY,201,10 Years,70418,35835,34583,14600,7533,7067,12671,6361,6310,3777,2012,1765,2118,1112,1006,37252,18817,18435
HARRIS COUNTY,201,11 Years,70075,35673,34402,14419,7443,6976,12834,6541,6293,3791,1932,1859,2041,1062,979,36990,18695,18295
HARRIS COUNTY,201,12 Years,68613,34866,33747,14136,7302,6834,12645,6295,6350,3846,1965,1881,1876,982,894,36110,18322,17788
HARRIS COUNTY,201,13 Years,67975,34626,33349,13977,7144,6833,12486,6212,6274,3880,2039,1841,1769,905,864,35863,18326,17537
HARRIS COUNTY,201,14 Years,67374,34329,33045,13955,7159,6796,12316,6186,6130,3932,2043,1889,1703,876,827,35468,18065,17403
HARRIS COUNTY,201,15 Years,66484,34049,32435,13985,7265,6720,12014,6086,5928,3973,2101,1872,1703,866,837,34809,17731,17078
HARRIS COUNTY,201,16 Years,66217,34196,32021,13856,7226,6630,12225,6297,5928,4039,2142,1897,1647,829,818,34450,17702,16748
HARRIS COUNTY,201,17 Years,67471,34684,32787,14308,7455,6853,12312,6170,6142,4502,2410,2092,1563,823,740,34786,17826,16960
HARRIS COUNTY,201,18 Years,66420,34195,32225,14183,7409,6774,12113,6148,5965,4432,2342,2090,1532,781,751,34160,17515,16645
HARRIS COUNTY,201,19 Years,60969,31360,29609,12808,6637,6171,11378,5884,5494,3914,2015,1899,1455,741,714,31414,16083,15331
HARRIS COUNTY,201,20 Years,60550,31029,29521,12664,6610,6054,11514,5775,5739,4138,2146,1992,1445,701,744,30789,15797,14992
HARRIS COUNTY,201,21 Years,61813,31376,30437,13638,7038,6600,11918,5824,6094,4545,2299,2246,1508,737,771,30204,15478,14726
HARRIS COUNTY,201,22 Years,63647,32223,31424,14836,7657,7179,12486,6172,6314,4773,2422,2351,1564,762,802,29988,15210,14778
HARRIS COUNTY,201,23 Years,67153,33766,33387,16680,8492,8188,13547,6668,6879,5031,2534,2497,1659,790,869,30236,15282,14954
HARRIS COUNTY,201,24 Years,70171,35362,34809,18220,9304,8916,14506,7149,7357,5217,2647,2570,1740,807,933,30488,15455,15033
HARRIS COUNTY,201,25 Years,73689,37243,36446,19908,10309,9599,15744,7735,8009,5436,2677,2759,1869,896,973,30732,15626,15106
HARRIS COUNTY,201,26 Years,75148,38323,36825,20255,10623,9632,16371,8045,8326,5555,2834,2721,1787,874,913,31180,15947,15233
HARRIS COUNTY,201,27 Years,74922,37967,36955,19266,10106,9160,16665,7915,8750,5679,2845,2834,1697,850,847,31615,16251,15364
HARRIS COUNTY,201,28 Years,74677,37978,36699,19183,10092,9091,16825,7965,8860,5854,2894,2960,1704,881,823,31111,16146,14965
HARRIS COUNTY,201,29 Years,73136,36813,36323,18896,9647,9249,16067,7476,8591,6381,3162,3219,1565,799,766,30227,15729,14498
HARRIS COUNTY,201,30 Years,73588,37099,36489,19886,10068,9818,15156,6943,8213,6634,3354,3280,1503,736,767,30409,15998,14411
HARRIS COUNTY,201,31 Years,74692,37640,37052,21347,10675,10672,14701,6761,7940,6400,3246,3154,1494,693,801,30750,16265,14485
HARRIS COUNTY,201,32 Years,75784,38478,37306,22312,11277,11035,14706,6873,7833,6573,3297,3276,1437,711,726,30756,16320,14436
HARRIS COUNTY,201,33 Years,74897,38108,36789,21932,11188,10744,14154,6601,7553,6464,3288,3176,1407,702,705,30940,16329,14611
HARRIS COUNTY,201,34 Years,73765,37418,36347,21323,10939,10384,13683,6368,7315,6638,3306,3332,1395,709,686,30726,16096,14630
HARRIS COUNTY,201,35 Years,74290,37910,36380,21216,10888,10328,13749,6471,7278,6724,3322,3402,1377,664,713,31224,16565,14659
HARRIS COUNTY,201,36 Years,73157,37269,35888,20621,10623,9998,13507,6330,7177,6344,3107,3237,1342,652,690,31343,16557,14786
HARRIS COUNTY,201,37 Years,72450,36627,35823,20042,10328,9714,13538,6313,7225,5962,2887,3075,1286,642,644,31622,16457,15165
HARRIS COUNTY,201,38 Years,72297,36679,35618,19860,10209,9651,13516,6265,7251,5814,2862,2952,1208,615,593,31899,16728,15171
HARRIS COUNTY,201,39 Years,67632,34192,33440,18334,9490,8844,12729,5929,6800,5514,2659,2855,1117,567,550,29938,15547,14391
HARRIS COUNTY,201,40 Years,65786,33172,32614,17610,9081,8529,11940,5510,6430,5233,2569,2664,1078,535,543,29925,15477,14448
HARRIS COUNTY,201,41 Years,64250,32510,31740,17213,8864,8349,11404,5305,6099,4898,2372,2526,1027,509,518,29708,15460,14248
HARRIS COUNTY,201,42 Years,63428,31907,31521,16691,8564,8127,11031,5039,5992,5183,2479,2704,992,488,504,29531,15337,14194
HARRIS COUNTY,201,43 Years,63462,31759,31703,16860,8615,8245,10820,5012,5808,5304,2579,2725,925,468,457,29553,15085,14468
HARRIS COUNTY,201,44 Years,61719,30696,31023,16344,8321,8023,10703,4913,5790,5245,2511,2734,935,461,474,28492,14490,14002
HARRIS COUNTY,201,45 Years,61546,30473,31073,16483,8488,7995,11116,4983,6133,5385,2577,2808,929,447,482,27633,13978,13655
HARRIS COUNTY,201,46 Years,62150,30819,31331,17787,9136,8651,11177,5062,6115,5254,2507,2747,974,456,518,26958,13658,13300
HARRIS COUNTY,201,47 Years,62878,31260,31618,19023,9650,9373,11269,5216,6053,5282,2491,2791,980,454,526,26324,13449,12875
HARRIS COUNTY,201,48 Years,61891,30804,31087,19234,9844,9390,10693,4905,5788,5256,2497,2759,912,410,502,25796,13148,12648
HARRIS COUNTY,201,49 Years,57687,28899,28788,18090,9302,8788,9767,4457,5310,5035,2451,2584,809,378,431,23986,12311,11675
HARRIS COUNTY,201,50 Years,55650,27876,27774,17544,8977,8567,9515,4399,5116,4736,2311,2425,764,361,403,23091,11828,11263
HARRIS COUNTY,201,51 Years,54447,27069,27378,17421,8807,8614,9634,4406,5228,4369,2124,2245,758,343,415,22265,11389,10876
HARRIS COUNTY,201,52 Years,53733,26741,26992,17286,8742,8544,9690,4422,5268,4354,2131,2223,689,333,356,21714,11113,10601
HARRIS COUNTY,201,53 Years,54799,27175,27624,18537,9304,9233,10000,4492,5508,4283,2093,2190,674,330,344,21305,10956,10349
HARRIS COUNTY,201,54 Years,54361,26920,27441,19235,9686,9549,9749,4393,5356,4353,2146,2207,735,365,370,20289,10330,9959
HARRIS COUNTY,201,55 Years,54006,26569,27437,19792,9866,9926,9578,4288,5290,4316,2141,2175,776,381,395,19544,9893,9651
HARRIS COUNTY,201,56 Years,53006,26096,26910,20243,10042,10201,9556,4288,5268,3952,1963,1989,729,342,387,18526,9461,9065
HARRIS COUNTY,201,57 Years,53019,25902,27117,20657,10238,10419,9807,4370,5437,3865,1861,2004,731,350,381,17959,9083,8876
HARRIS COUNTY,201,58 Years,53262,26029,27233,21216,10527,10689,9757,4341,5416,3873,1863,2010,737,373,364,17679,8925,8754
HARRIS COUNTY,201,59 Years,51344,24895,26449,21176,10511,10665,9549,4191,5358,3813,1816,1997,676,331,345,16130,8046,8084
HARRIS COUNTY,201,60 Years,50613,24542,26071,21565,10742,10823,9334,4141,5193,3691,1729,1962,695,345,350,15328,7585,7743
HARRIS COUNTY,201,61 Years,48344,23467,24877,20835,10393,10442,8953,3982,4971,3566,1681,1885,644,326,318,14346,7085,7261
HARRIS COUNTY,201,62 Years,46437,22361,24076,20205,9873,10332,8530,3799,4731,3591,1682,1909,630,333,297,13481,6674,6807
HARRIS COUNTY,201,63 Years,44680,21596,23084,19737,9780,9957,8199,3631,4568,3522,1671,1851,599,302,297,12623,6212,6411
HARRIS COUNTY,201,64 Years,41897,20136,21761,18933,9287,9646,7578,3306,4272,3376,1629,1747,523,275,248,11487,5639,5848
HARRIS COUNTY,201,65 Years,39779,18909,20870,18249,8908,9341,7224,3147,4077,3264,1513,1751,516,284,232,10526,5057,5469
HARRIS COUNTY,201,66 Years,37126,17504,19622,17382,8456,8926,6891,2943,3948,3012,1381,1631,448,246,202,9393,4478,4915
HARRIS COUNTY,201,67 Years,34842,16319,18523,16112,7707,8405,6600,2820,3780,2855,1293,1562,419,221,198,8856,4278,4578
HARRIS COUNTY,201,68 Years,33150,15422,17728,15578,7412,8166,6221,2601,3620,2826,1290,1536,385,201,184,8140,3918,4222
HARRIS COUNTY,201,69 Years,31012,14420,16592,15030,7181,7849,5776,2416,3360,2612,1206,1406,371,190,181,7223,3427,3796
HARRIS COUNTY,201,70 Years,30001,13954,16047,15169,7186,7983,5294,2244,3050,2360,1115,1245,375,198,177,6803,3211,3592
HARRIS COUNTY,201,71 Years,28692,13221,15471,15214,7201,8013,4864,2010,2854,2080,960,1120,354,179,175,6180,2871,3309
HARRIS COUNTY,201,72 Years,23674,10836,12838,12021,5673,6348,4093,1657,2436,1791,863,928,287,130,157,5482,2513,2969
HARRIS COUNTY,201,73 Years,21871,9919,11952,11132,5177,5955,3844,1541,2303,1705,832,873,244,110,134,4946,2259,2687
HARRIS COUNTY,201,74 Years,20626,9181,11445,10937,4998,5939,3508,1384,2124,1498,727,771,213,97,116,4470,1975,2495
HARRIS COUNTY,201,75 Years,19524,8647,10877,10508,4795,5713,3332,1307,2025,1461,710,751,193,91,102,4030,1744,2286
HARRIS COUNTY,201,76 Years,17188,7592,9596,9201,4201,5000,2942,1138,1804,1352,672,680,179,82,97,3514,1499,2015
HARRIS COUNTY,201,77 Years,15447,6724,8723,8103,3623,4480,2696,1019,1677,1226,616,610,159,70,89,3263,1396,1867
HARRIS COUNTY,201,78 Years,14003,6043,7960,7299,3224,4075,2452,918,1534,1102,534,568,145,55,90,3005,1312,1693
HARRIS COUNTY,201,79 Years,12555,5369,7186,6689,2924,3765,2125,796,1329,964,451,513,119,51,68,2658,1147,1511
HARRIS COUNTY,201,80 Years,11767,4833,6934,6241,2602,3639,1972,699,1273,929,443,486,96,39,57,2529,1050,1479
HARRIS COUNTY,201,81 Years,10508,4304,6204,5490,2318,3172,1794,618,1176,850,407,443,87,36,51,2287,925,1362
HARRIS COUNTY,201,82 Years,9760,3892,5868,5225,2169,3056,1670,557,1113,712,331,381,85,33,52,2068,802,1266
HARRIS COUNTY,201,83 Years,9129,3652,5477,5014,2033,2981,1553,519,1034,608,316,292,64,25,39,1890,759,1131
HARRIS COUNTY,201,84 Years,8021,3159,4862,4409,1783,2626,1334,449,885,556,256,300,56,21,35,1666,650,1016
HARRIS COUNTY,201,85 Years,7213,2791,4422,4072,1631,2441,1215,410,805,478,217,261,48,15,33,1400,518,882
HARRIS COUNTY,201,86 Years,6600,2493,4107,3854,1485,2369,1023,330,693,409,186,223,47,16,31,1267,476,791
HARRIS COUNTY,201,87 Years,6023,2250,3773,3583,1389,2194,880,274,606,382,164,218,46,14,32,1132,409,723
HARRIS COUNTY,201,88 Years,5458,1957,3501,3270,1219,2051,823,236,587,356,153,203,39,10,29,970,339,631
HARRIS COUNTY,201,89 Years,4609,1605,3004,2807,1022,1785,691,187,504,275,119,156,27,8,19,809,269,540
HARRIS COUNTY,201,90 Years,3896,1341,2555,2401,854,1547,571,151,420,225,100,125,20,6,14,679,230,449
HARRIS COUNTY,201,91 Years,3285,1106,2179,2057,718,1339,476,124,352,192,75,117,19,4,15,541,185,356
HARRIS COUNTY,201,92 Years,2695,865,1830,1665,552,1113,413,97,316,168,62,106,16,4,12,433,150,283
HARRIS COUNTY,201,93 Years,2231,670,1561,1400,436,964,341,77,264,127,44,83,11,2,9,352,111,241
HARRIS COUNTY,201,94 Years,1695,489,1206,1086,314,772,250,56,194,88,33,55,8,2,6,263,84,179
HARRIS COUNTY,201,95 Years +,3943,1062,2881,2371,632,1739,681,143,538,256,90,166,18,3,15,617,194,423
HARRISON COUNTY,203,All Ages,68453,33220,35233,43088,21042,22046,14334,6575,7759,360,171,189,1372,690,682,9299,4742,4557
HARRISON COUNTY,203,< 1 Year,845,446,399,443,240,203,169,96,73,3,2,1,36,17,19,194,91,103
HARRISON COUNTY,203,1 Years,884,450,434,456,238,218,181,91,90,4,3,1,36,18,18,207,100,107
HARRISON COUNTY,203,2 Years,937,467,470,478,246,232,191,91,100,4,2,2,37,18,19,227,110,117
HARRISON COUNTY,203,3 Years,977,480,497,489,244,245,199,89,110,4,3,1,37,19,18,248,125,123
HARRISON COUNTY,203,4 Years,977,481,496,483,245,238,201,91,110,3,1,2,33,16,17,257,128,129
HARRISON COUNTY,203,5 Years,983,497,486,486,254,232,205,98,107,3,1,2,31,14,17,258,130,128
HARRISON COUNTY,203,6 Years,999,516,483,493,272,221,208,98,110,2,1,1,32,15,17,264,130,134
HARRISON COUNTY,203,7 Years,1010,524,486,505,272,233,204,100,104,3,2,1,34,17,17,264,133,131
HARRISON COUNTY,203,8 Years,1108,559,549,553,295,258,229,109,120,3,3,0,33,21,12,290,131,159
HARRISON COUNTY,203,9 Years,932,489,443,478,266,212,191,86,105,4,1,3,39,26,13,220,110,110
HARRISON COUNTY,203,10 Years,945,498,447,481,272,209,207,104,103,3,2,1,27,11,16,227,109,118
HARRISON COUNTY,203,11 Years,1010,501,509,519,255,264,209,103,106,4,1,3,37,20,17,241,122,119
HARRISON COUNTY,203,12 Years,1007,503,504,532,278,254,209,96,113,6,3,3,36,20,16,224,106,118
HARRISON COUNTY,203,13 Years,967,517,450,516,280,236,205,101,104,7,4,3,31,20,11,208,112,96
HARRISON COUNTY,203,14 Years,968,486,482,517,270,247,207,92,115,9,4,5,29,16,13,206,104,102
HARRISON COUNTY,203,15 Years,943,458,485,486,240,246,213,95,118,10,7,3,27,14,13,207,102,105
HARRISON COUNTY,203,16 Years,934,466,468,494,240,254,218,109,109,6,3,3,30,13,17,186,101,85
HARRISON COUNTY,203,17 Years,926,473,453,516,262,254,196,95,101,5,1,4,24,14,10,185,101,84
HARRISON COUNTY,203,18 Years,890,474,416,489,265,224,200,99,101,5,3,2,25,12,13,171,95,76
HARRISON COUNTY,203,19 Years,785,379,406,415,205,210,206,96,110,2,2,0,19,10,9,143,66,77
HARRISON COUNTY,203,20 Years,775,394,381,414,212,202,192,99,93,4,2,2,21,10,11,144,71,73
HARRISON COUNTY,203,21 Years,773,398,375,427,220,207,186,100,86,2,1,1,21,9,12,137,68,69
HARRISON COUNTY,203,22 Years,763,380,383,432,221,211,174,84,90,7,3,4,21,11,10,129,61,68
HARRISON COUNTY,203,23 Years,794,383,411,452,225,227,198,80,118,5,4,1,14,9,5,125,65,60
HARRISON COUNTY,203,24 Years,847,421,426,503,245,258,206,103,103,4,2,2,19,11,8,115,60,55
HARRISON COUNTY,203,25 Years,867,432,435,530,271,259,202,102,100,5,3,2,18,9,9,112,47,65
HARRISON COUNTY,203,26 Years,958,470,488,548,273,275,273,128,145,6,4,2,15,9,6,116,56,60
HARRISON COUNTY,203,27 Years,961,460,501,520,248,272,300,142,158,7,4,3,10,6,4,124,60,64
HARRISON COUNTY,203,28 Years,1007,459,548,552,259,293,309,135,174,4,3,1,12,5,7,130,57,73
HARRISON COUNTY,203,29 Years,981,466,515,570,285,285,279,125,154,2,2,0,15,4,11,115,50,65
HARRISON COUNTY,203,30 Years,949,437,512,574,275,299,230,91,139,3,2,1,17,7,10,125,62,63
HARRISON COUNTY,203,31 Years,851,406,445,512,244,268,204,97,107,3,2,1,10,3,7,122,60,62
HARRISON COUNTY,203,32 Years,862,419,443,523,262,261,184,90,94,6,3,3,13,6,7,136,58,78
HARRISON COUNTY,203,33 Years,877,415,462,564,271,293,171,80,91,4,1,3,14,5,9,124,58,66
HARRISON COUNTY,203,34 Years,820,393,427,516,242,274,167,78,89,3,1,2,13,6,7,121,66,55
HARRISON COUNTY,203,35 Years,831,403,428,538,257,281,163,77,86,3,1,2,9,6,3,118,62,56
HARRISON COUNTY,203,36 Years,829,414,415,530,264,266,159,76,83,3,1,2,10,6,4,127,67,60
HARRISON COUNTY,203,37 Years,897,438,459,600,296,304,170,75,95,7,4,3,9,5,4,111,58,53
HARRISON COUNTY,203,38 Years,884,409,475,583,272,311,171,71,100,4,1,3,8,2,6,118,63,55
HARRISON COUNTY,203,39 Years,781,377,404,501,234,267,147,68,79,4,1,3,19,11,8,110,63,47
HARRISON COUNTY,203,40 Years,820,389,431,548,253,295,144,69,75,3,0,3,12,7,5,113,60,53
HARRISON COUNTY,203,41 Years,797,377,420,511,246,265,150,67,83,5,1,4,9,5,4,122,58,64
HARRISON COUNTY,203,42 Years,758,380,378,486,255,231,150,67,83,6,2,4,7,3,4,109,53,56
HARRISON COUNTY,203,43 Years,768,407,361,500,270,230,142,69,73,5,2,3,7,3,4,114,63,51
HARRISON COUNTY,203,44 Years,719,368,351,470,235,235,122,64,58,3,1,2,13,3,10,111,65,46
HARRISON COUNTY,203,45 Years,774,373,401,523,250,273,128,62,66,9,6,3,13,6,7,101,49,52
HARRISON COUNTY,203,46 Years,820,412,408,546,268,278,140,72,68,10,4,6,15,6,9,109,62,47
HARRISON COUNTY,203,47 Years,866,422,444,582,291,291,160,66,94,6,3,3,15,6,9,103,56,47
HARRISON COUNTY,203,48 Years,883,437,446,598,298,300,158,72,86,9,3,6,9,4,5,109,60,49
HARRISON COUNTY,203,49 Years,778,376,402,523,259,264,143,58,85,9,4,5,7,4,3,96,51,45
HARRISON COUNTY,203,50 Years,709,345,364,487,241,246,131,52,79,5,3,2,12,6,6,74,43,31
HARRISON COUNTY,203,51 Years,711,341,370,483,233,250,130,59,71,4,0,4,9,3,6,85,46,39
HARRISON COUNTY,203,52 Years,724,334,390,484,221,263,148,64,84,4,0,4,5,3,2,83,46,37
HARRISON COUNTY,203,53 Years,859,398,461,588,270,318,173,72,101,1,0,1,7,2,5,90,54,36
HARRISON COUNTY,203,54 Years,870,395,475,597,267,330,172,72,100,2,1,1,11,3,8,88,52,36
HARRISON COUNTY,203,55 Years,928,447,481,643,310,333,192,88,104,6,3,3,10,5,5,77,41,36
HARRISON COUNTY,203,56 Years,902,457,445,635,323,312,176,80,96,5,3,2,14,8,6,72,43,29
HARRISON COUNTY,203,57 Years,913,475,438,654,341,313,186,91,95,4,1,3,11,6,5,58,36,22
HARRISON COUNTY,203,58 Years,888,446,442,634,320,314,184,82,102,3,1,2,10,7,3,57,36,21
HARRISON COUNTY,203,59 Years,887,442,445,655,323,332,169,82,87,1,0,1,11,4,7,51,33,18
HARRISON COUNTY,203,60 Years,949,484,465,664,325,339,188,99,89,5,2,3,16,9,7,76,49,27
HARRISON COUNTY,203,61 Years,918,462,456,672,334,338,171,86,85,6,3,3,18,7,11,51,32,19
HARRISON COUNTY,203,62 Years,865,415,450,627,300,327,169,78,91,6,4,2,15,8,7,48,25,23
HARRISON COUNTY,203,63 Years,850,410,440,620,289,331,162,78,84,7,5,2,16,7,9,45,31,14
HARRISON COUNTY,203,64 Years,802,366,436,594,263,331,151,72,79,6,3,3,13,7,6,38,21,17
HARRISON COUNTY,203,65 Years,773,342,431,563,243,320,157,71,86,2,1,1,13,5,8,38,22,16
HARRISON COUNTY,203,66 Years,743,340,403,542,252,290,154,65,89,4,1,3,17,8,9,26,14,12
HARRISON COUNTY,203,67 Years,707,319,388,512,227,285,156,74,82,3,1,2,12,7,5,24,10,14
HARRISON COUNTY,203,68 Years,713,337,376,519,241,278,156,79,77,2,1,1,12,8,4,24,8,16
HARRISON COUNTY,203,69 Years,717,323,394,536,246,290,143,61,82,3,1,2,14,7,7,21,8,13
HARRISON COUNTY,203,70 Years,733,352,381,551,272,279,145,63,82,3,0,3,12,8,4,22,9,13
HARRISON COUNTY,203,71 Years,708,332,376,539,255,284,126,56,70,5,3,2,15,8,7,23,10,13
HARRISON COUNTY,203,72 Years,600,290,310,457,225,232,109,45,64,4,3,1,9,6,3,21,11,10
HARRISON COUNTY,203,73 Years,544,245,299,405,187,218,113,46,67,1,0,1,9,4,5,16,8,8
HARRISON COUNTY,203,74 Years,494,230,264,377,180,197,98,40,58,0,0,0,7,3,4,12,7,5
HARRISON COUNTY,203,75 Years,497,244,253,379,189,190,96,41,55,2,1,1,5,4,1,15,9,6
HARRISON COUNTY,203,76 Years,448,204,244,346,162,184,83,33,50,4,1,3,6,3,3,9,5,4
HARRISON COUNTY,203,77 Years,393,176,217,305,136,169,74,31,43,3,2,1,3,1,2,8,6,2
HARRISON COUNTY,203,78 Years,374,170,204,289,131,158,74,33,41,1,0,1,4,3,1,6,3,3
HARRISON COUNTY,203,79 Years,344,152,192,266,124,142,65,21,44,2,0,2,5,2,3,6,5,1
HARRISON COUNTY,203,80 Years,315,135,180,249,109,140,54,20,34,1,0,1,4,2,2,7,4,3
HARRISON COUNTY,203,81 Years,283,113,170,215,88,127,54,19,35,2,1,1,3,2,1,9,3,6
HARRISON COUNTY,203,82 Years,273,107,166,213,86,127,50,17,33,0,0,0,2,1,1,8,3,5
HARRISON COUNTY,203,83 Years,238,100,138,184,81,103,45,16,29,2,1,1,1,0,1,6,2,4
HARRISON COUNTY,203,84 Years,210,81,129,168,67,101,38,12,26,2,2,0,0,0,0,2,0,2
HARRISON COUNTY,203,85 Years,203,76,127,160,66,94,37,8,29,1,1,0,1,1,0,4,0,4
HARRISON COUNTY,203,86 Years,173,65,108,135,52,83,30,9,21,1,0,1,3,2,1,4,2,2
HARRISON COUNTY,203,87 Years,166,60,106,126,49,77,34,9,25,1,1,0,1,0,1,4,1,3
HARRISON COUNTY,203,88 Years,148,56,92,113,44,69,29,8,21,0,0,0,3,1,2,3,3,0
HARRISON COUNTY,203,89 Years,118,44,74,92,34,58,21,7,14,1,0,1,2,1,1,2,2,0
HARRISON COUNTY,203,90 Years,103,33,70,75,27,48,24,6,18,1,0,1,1,0,1,2,0,2
HARRISON COUNTY,203,91 Years,81,25,56,57,18,39,19,5,14,1,0,1,0,0,0,4,2,2
HARRISON COUNTY,203,92 Years,67,24,43,45,17,28,19,5,14,0,0,0,1,0,1,2,2,0
HARRISON COUNTY,203,93 Years,51,15,36,37,12,25,13,3,10,0,0,0,0,0,0,1,0,1
HARRISON COUNTY,203,94 Years,37,9,28,25,6,19,10,3,7,0,0,0,0,0,0,2,0,2
HARRISON COUNTY,203,95 Years +,107,25,82,66,16,50,36,8,28,2,1,1,1,0,1,2,0,2
HARTLEY COUNTY,205,All Ages,5825,3587,2238,3741,2071,1670,408,402,6,35,17,18,61,30,31,1580,1067,513
HARTLEY COUNTY,205,< 1 Year,69,32,37,34,16,18,0,0,0,2,0,2,1,0,1,32,16,16
HARTLEY COUNTY,205,1 Years,63,35,28,35,20,15,0,0,0,1,0,1,0,0,0,27,15,12
HARTLEY COUNTY,205,2 Years,58,33,25,33,19,14,0,0,0,0,0,0,2,1,1,23,13,10
HARTLEY COUNTY,205,3 Years,53,31,22,34,20,14,0,0,0,0,0,0,0,0,0,19,11,8
HARTLEY COUNTY,205,4 Years,57,29,28,32,16,16,0,0,0,0,0,0,1,0,1,24,13,11
HARTLEY COUNTY,205,5 Years,60,30,30,37,18,19,0,0,0,0,0,0,1,0,1,22,12,10
HARTLEY COUNTY,205,6 Years,57,29,28,35,17,18,0,0,0,0,0,0,1,1,0,21,11,10
HARTLEY COUNTY,205,7 Years,53,28,25,33,16,17,0,0,0,1,0,1,1,1,0,18,11,7
HARTLEY COUNTY,205,8 Years,54,32,22,32,19,13,1,0,1,1,1,0,1,1,0,19,11,8
HARTLEY COUNTY,205,9 Years,60,33,27,37,22,15,1,0,1,0,0,0,1,1,0,21,10,11
HARTLEY COUNTY,205,10 Years,63,37,26,45,25,20,0,0,0,0,0,0,1,1,0,17,11,6
HARTLEY COUNTY,205,11 Years,70,36,34,48,26,22,0,0,0,0,0,0,1,0,1,21,10,11
HARTLEY COUNTY,205,12 Years,74,33,41,50,23,27,1,1,0,0,0,0,0,0,0,23,9,14
HARTLEY COUNTY,205,13 Years,76,36,40,46,24,22,1,1,0,0,0,0,1,0,1,28,11,17
HARTLEY COUNTY,205,14 Years,75,36,39,48,24,24,0,0,0,0,0,0,2,0,2,25,12,13
HARTLEY COUNTY,205,15 Years,75,41,34,46,25,21,0,0,0,0,0,0,1,1,0,28,15,13
HARTLEY COUNTY,205,16 Years,74,33,41,46,24,22,0,0,0,1,0,1,1,0,1,26,9,17
HARTLEY COUNTY,205,17 Years,66,34,32,41,25,16,0,0,0,1,0,1,1,1,0,23,8,15
HARTLEY COUNTY,205,18 Years,61,30,31,41,21,20,0,0,0,0,0,0,2,2,0,18,7,11
HARTLEY COUNTY,205,19 Years,63,30,33,38,16,22,0,0,0,2,1,1,1,1,0,22,12,10
HARTLEY COUNTY,205,20 Years,52,30,22,29,16,13,1,1,0,0,0,0,1,1,0,21,12,9
HARTLEY COUNTY,205,21 Years,50,29,21,30,16,14,1,1,0,0,0,0,2,2,0,17,10,7
HARTLEY COUNTY,205,22 Years,57,26,31,34,16,18,2,1,1,0,0,0,1,0,1,20,9,11
HARTLEY COUNTY,205,23 Years,49,19,30,30,12,18,1,0,1,1,1,0,1,0,1,16,6,10
HARTLEY COUNTY,205,24 Years,66,25,41,45,16,29,0,0,0,1,1,0,1,0,1,19,8,11
HARTLEY COUNTY,205,25 Years,78,38,40,55,22,33,1,1,0,1,1,0,0,0,0,21,14,7
HARTLEY COUNTY,205,26 Years,82,55,27,44,22,22,8,8,0,1,1,0,2,1,1,27,23,4
HARTLEY COUNTY,205,27 Years,85,66,19,37,23,14,13,13,0,1,1,0,1,1,0,33,28,5
HARTLEY COUNTY,205,28 Years,71,57,14,36,30,6,7,7,0,1,1,0,2,0,2,25,19,6
HARTLEY COUNTY,205,29 Years,87,71,16,40,29,11,20,20,0,0,0,0,2,0,2,25,22,3
HARTLEY COUNTY,205,30 Years,82,64,18,38,26,12,14,14,0,1,1,0,2,2,0,27,21,6
HARTLEY COUNTY,205,31 Years,77,59,18,36,26,10,13,13,0,1,0,1,0,0,0,27,20,7
HARTLEY COUNTY,205,32 Years,82,63,19,41,29,12,12,12,0,1,0,1,2,1,1,26,21,5
HARTLEY COUNTY,205,33 Years,83,61,22,40,25,15,14,14,0,0,0,0,1,0,1,28,22,6
HARTLEY COUNTY,205,34 Years,91,68,23,46,29,17,12,12,0,1,0,1,1,1,0,31,26,5
HARTLEY COUNTY,205,35 Years,97,80,17,46,33,13,15,15,0,2,0,2,0,0,0,34,32,2
HARTLEY COUNTY,205,36 Years,92,76,16,47,36,11,13,13,0,3,1,2,1,1,0,28,25,3
HARTLEY COUNTY,205,37 Years,95,70,25,50,36,14,10,10,0,0,0,0,0,0,0,35,24,11
HARTLEY COUNTY,205,38 Years,93,70,23,46,31,15,15,15,0,1,1,0,0,0,0,31,23,8
HARTLEY COUNTY,205,39 Years,93,69,24,37,22,15,22,21,1,2,2,0,0,0,0,32,24,8
HARTLEY COUNTY,205,40 Years,98,68,30,51,28,23,14,13,1,1,1,0,1,1,0,31,25,6
HARTLEY COUNTY,205,41 Years,97,70,27,48,29,19,15,15,0,1,1,0,0,0,0,33,25,8
HARTLEY COUNTY,205,42 Years,102,76,26,48,31,17,16,16,0,0,0,0,1,0,1,37,29,8
HARTLEY COUNTY,205,43 Years,100,78,22,52,36,16,14,14,0,0,0,0,0,0,0,34,28,6
HARTLEY COUNTY,205,44 Years,109,79,30,54,35,19,18,18,0,0,0,0,0,0,0,37,26,11
HARTLEY COUNTY,205,45 Years,113,77,36,60,35,25,13,13,0,0,0,0,0,0,0,40,29,11
HARTLEY COUNTY,205,46 Years,119,81,38,66,37,29,15,15,0,0,0,0,0,0,0,38,29,9
HARTLEY COUNTY,205,47 Years,106,75,31,60,34,26,11,11,0,0,0,0,0,0,0,35,30,5
HARTLEY COUNTY,205,48 Years,101,70,31,60,36,24,12,12,0,1,1,0,0,0,0,28,21,7
HARTLEY COUNTY,205,49 Years,94,68,26,59,40,19,10,10,0,0,0,0,0,0,0,25,18,7
HARTLEY COUNTY,205,50 Years,101,75,26,64,43,21,8,8,0,1,1,0,0,0,0,28,23,5
HARTLEY COUNTY,205,51 Years,89,63,26,57,33,24,11,11,0,0,0,0,0,0,0,21,19,2
HARTLEY COUNTY,205,52 Years,89,62,27,54,30,24,11,11,0,2,0,2,0,0,0,22,21,1
HARTLEY COUNTY,205,53 Years,86,61,25,51,32,19,14,14,0,1,0,1,1,1,0,19,14,5
HARTLEY COUNTY,205,54 Years,84,58,26,57,35,22,2,2,0,0,0,0,2,1,1,23,20,3
HARTLEY COUNTY,205,55 Years,77,50,27,54,32,22,5,5,0,0,0,0,1,0,1,17,13,4
HARTLEY COUNTY,205,56 Years,77,47,30,59,33,26,0,0,0,0,0,0,1,0,1,17,14,3
HARTLEY COUNTY,205,57 Years,80,46,34,62,31,31,6,6,0,0,0,0,0,0,0,12,9,3
HARTLEY COUNTY,205,58 Years,70,43,27,61,37,24,2,2,0,0,0,0,0,0,0,7,4,3
HARTLEY COUNTY,205,59 Years,63,37,26,50,27,23,4,4,0,0,0,0,0,0,0,9,6,3
HARTLEY COUNTY,205,60 Years,57,28,29,48,24,24,1,1,0,0,0,0,0,0,0,8,3,5
HARTLEY COUNTY,205,61 Years,51,28,23,45,23,22,2,2,0,0,0,0,0,0,0,4,3,1
HARTLEY COUNTY,205,62 Years,46,26,20,45,25,20,0,0,0,0,0,0,0,0,0,1,1,0
HARTLEY COUNTY,205,63 Years,45,26,19,42,23,19,1,1,0,0,0,0,0,0,0,2,2,0
HARTLEY COUNTY,205,64 Years,50,25,25,41,18,23,0,0,0,0,0,0,1,0,1,8,7,1
HARTLEY COUNTY,205,65 Years,39,18,21,32,15,17,0,0,0,1,0,1,1,1,0,5,2,3
HARTLEY COUNTY,205,66 Years,43,23,20,38,21,17,0,0,0,0,0,0,2,1,1,3,1,2
HARTLEY COUNTY,205,67 Years,36,17,19,33,15,18,0,0,0,0,0,0,1,1,0,2,1,1
HARTLEY COUNTY,205,68 Years,38,20,18,36,19,17,0,0,0,0,0,0,0,0,0,2,1,1
HARTLEY COUNTY,205,69 Years,38,20,18,34,19,15,0,0,0,0,0,0,2,0,2,2,1,1
HARTLEY COUNTY,205,70 Years,48,23,25,42,20,22,0,0,0,0,0,0,1,1,0,5,2,3
HARTLEY COUNTY,205,71 Years,53,24,29,47,22,25,0,0,0,0,0,0,1,1,0,5,1,4
HARTLEY COUNTY,205,72 Years,38,18,20,34,15,19,0,0,0,0,0,0,0,0,0,4,3,1
HARTLEY COUNTY,205,73 Years,34,17,17,31,15,16,1,1,0,0,0,0,0,0,0,2,1,1
HARTLEY COUNTY,205,74 Years,38,17,21,35,16,19,0,0,0,0,0,0,1,0,1,2,1,1
HARTLEY COUNTY,205,75 Years,38,16,22,35,14,21,1,1,0,0,0,0,1,0,1,1,1,0
HARTLEY COUNTY,205,76 Years,52,29,23,48,25,23,0,0,0,0,0,0,1,1,0,3,3,0
HARTLEY COUNTY,205,77 Years,52,23,29,48,20,28,0,0,0,0,0,0,0,0,0,4,3,1
HARTLEY COUNTY,205,78 Years,43,22,21,40,20,20,1,1,0,0,0,0,0,0,0,2,1,1
HARTLEY COUNTY,205,79 Years,30,15,15,26,13,13,0,0,0,0,0,0,0,0,0,4,2,2
HARTLEY COUNTY,205,80 Years,32,16,16,31,15,16,0,0,0,0,0,0,0,0,0,1,1,0
HARTLEY COUNTY,205,81 Years,32,12,20,29,12,17,0,0,0,0,0,0,0,0,0,3,0,3
HARTLEY COUNTY,205,82 Years,28,12,16,26,11,15,0,0,0,0,0,0,0,0,0,2,1,1
HARTLEY COUNTY,205,83 Years,22,11,11,21,10,11,1,1,0,0,0,0,0,0,0,0,0,0
HARTLEY COUNTY,205,84 Years,23,10,13,22,9,13,1,1,0,0,0,0,0,0,0,0,0,0
HARTLEY COUNTY,205,85 Years,15,6,9,14,6,8,0,0,0,0,0,0,0,0,0,1,0,1
HARTLEY COUNTY,205,86 Years,16,8,8,14,7,7,0,0,0,0,0,0,0,0,0,2,1,1
HARTLEY COUNTY,205,87 Years,14,9,5,13,8,5,0,0,0,0,0,0,0,0,0,1,1,0
HARTLEY COUNTY,205,88 Years,16,6,10,15,6,9,0,0,0,0,0,0,1,0,1,0,0,0
HARTLEY COUNTY,205,89 Years,10,4,6,9,4,5,0,0,0,0,0,0,1,0,1,0,0,0
HARTLEY COUNTY,205,90 Years,9,3,6,8,3,5,0,0,0,0,0,0,0,0,0,1,0,1
HARTLEY COUNTY,205,91 Years,7,3,4,6,2,4,0,0,0,0,0,0,0,0,0,1,1,0
HARTLEY COUNTY,205,92 Years,7,4,3,6,3,3,0,0,0,0,0,0,0,0,0,1,1,0
HARTLEY COUNTY,205,93 Years,4,1,3,3,1,2,0,0,0,0,0,0,0,0,0,1,0,1
HARTLEY COUNTY,205,94 Years,6,2,4,5,2,3,0,0,0,0,0,0,0,0,0,1,0,1
HARTLEY COUNTY,205,95 Years +,17,7,10,14,5,9,0,0,0,0,0,0,0,0,0,3,2,1
HASKELL COUNTY,207,All Ages,5743,3113,2630,3683,1927,1756,207,126,81,32,21,11,108,66,42,1713,973,740
HASKELL COUNTY,207,< 1 Year,56,37,19,27,16,11,0,0,0,0,0,0,0,0,0,29,21,8
HASKELL COUNTY,207,1 Years,55,29,26,26,13,13,0,0,0,0,0,0,4,2,2,25,14,11
HASKELL COUNTY,207,2 Years,65,35,30,28,15,13,2,1,1,0,0,0,3,3,0,32,16,16
HASKELL COUNTY,207,3 Years,65,31,34,31,15,16,0,0,0,0,0,0,1,1,0,33,15,18
HASKELL COUNTY,207,4 Years,69,32,37,32,14,18,4,2,2,0,0,0,2,1,1,31,15,16
HASKELL COUNTY,207,5 Years,60,26,34,26,12,14,4,1,3,0,0,0,0,0,0,30,13,17
HASKELL COUNTY,207,6 Years,63,28,35,28,14,14,4,1,3,0,0,0,2,0,2,29,13,16
HASKELL COUNTY,207,7 Years,64,31,33,26,14,12,3,2,1,0,0,0,2,1,1,33,14,19
HASKELL COUNTY,207,8 Years,89,40,49,42,17,25,2,0,2,0,0,0,2,0,2,43,23,20
HASKELL COUNTY,207,9 Years,61,30,31,28,12,16,3,1,2,0,0,0,2,2,0,28,15,13
HASKELL COUNTY,207,10 Years,62,32,30,32,17,15,1,1,0,0,0,0,5,3,2,24,11,13
HASKELL COUNTY,207,11 Years,57,28,29,29,14,15,0,0,0,0,0,0,2,2,0,26,12,14
HASKELL COUNTY,207,12 Years,53,31,22,23,12,11,1,1,0,0,0,0,4,4,0,25,14,11
HASKELL COUNTY,207,13 Years,62,34,28,34,18,16,2,2,0,0,0,0,0,0,0,26,14,12
HASKELL COUNTY,207,14 Years,62,32,30,31,17,14,2,1,1,0,0,0,2,0,2,27,14,13
HASKELL COUNTY,207,15 Years,66,31,35,40,22,18,1,1,0,1,0,1,2,0,2,22,8,14
HASKELL COUNTY,207,16 Years,74,37,37,34,14,20,6,3,3,0,0,0,2,1,1,32,19,13
HASKELL COUNTY,207,17 Years,64,37,27,25,13,12,3,1,2,0,0,0,2,2,0,34,21,13
HASKELL COUNTY,207,18 Years,70,42,28,38,23,15,3,0,3,1,1,0,4,3,1,24,15,9
HASKELL COUNTY,207,19 Years,73,42,31,32,17,15,4,2,2,1,1,0,2,1,1,34,21,13
HASKELL COUNTY,207,20 Years,66,46,20,31,19,12,2,2,0,0,0,0,1,1,0,32,24,8
HASKELL COUNTY,207,21 Years,71,47,24,35,22,13,6,4,2,0,0,0,2,2,0,28,19,9
HASKELL COUNTY,207,22 Years,77,49,28,39,25,14,4,2,2,0,0,0,3,3,0,31,19,12
HASKELL COUNTY,207,23 Years,89,53,36,45,24,21,7,3,4,2,2,0,4,4,0,31,20,11
HASKELL COUNTY,207,24 Years,83,43,40,52,27,25,2,1,1,0,0,0,6,3,3,23,12,11
HASKELL COUNTY,207,25 Years,94,45,49,67,34,33,1,1,0,1,0,1,4,1,3,21,9,12
HASKELL COUNTY,207,26 Years,94,50,44,58,31,27,1,1,0,2,1,1,1,0,1,32,17,15
HASKELL COUNTY,207,27 Years,96,59,37,56,33,23,4,3,1,0,0,0,1,0,1,35,23,12
HASKELL COUNTY,207,28 Years,90,59,31,54,31,23,3,3,0,0,0,0,0,0,0,33,25,8
HASKELL COUNTY,207,29 Years,79,55,24,57,40,17,3,3,0,0,0,0,1,1,0,18,11,7
HASKELL COUNTY,207,30 Years,74,55,19,47,34,13,1,1,0,0,0,0,2,1,1,24,19,5
HASKELL COUNTY,207,31 Years,74,56,18,42,30,12,3,2,1,0,0,0,2,1,1,27,23,4
HASKELL COUNTY,207,32 Years,65,44,21,40,26,14,3,2,1,1,1,0,2,1,1,19,14,5
HASKELL COUNTY,207,33 Years,63,38,25,41,24,17,2,2,0,2,2,0,1,1,0,17,9,8
HASKELL COUNTY,207,34 Years,67,37,30,44,22,22,2,2,0,1,1,0,1,1,0,19,11,8
HASKELL COUNTY,207,35 Years,59,37,22,38,22,16,2,2,0,0,0,0,1,1,0,18,12,6
HASKELL COUNTY,207,36 Years,65,42,23,36,19,17,4,4,0,0,0,0,1,1,0,24,18,6
HASKELL COUNTY,207,37 Years,62,41,21,40,24,16,4,3,1,0,0,0,2,2,0,16,12,4
HASKELL COUNTY,207,38 Years,70,41,29,47,26,21,3,2,1,1,1,0,0,0,0,19,12,7
HASKELL COUNTY,207,39 Years,73,46,27,50,29,21,1,1,0,2,2,0,1,1,0,19,13,6
HASKELL COUNTY,207,40 Years,60,37,23,40,22,18,3,2,1,0,0,0,0,0,0,17,13,4
HASKELL COUNTY,207,41 Years,61,38,23,37,24,13,3,2,1,2,1,1,0,0,0,19,11,8
HASKELL COUNTY,207,42 Years,66,38,28,40,21,19,1,1,0,2,1,1,0,0,0,23,15,8
HASKELL COUNTY,207,43 Years,66,37,29,40,22,18,4,3,1,0,0,0,1,0,1,21,12,9
HASKELL COUNTY,207,44 Years,58,33,25,38,22,16,4,3,1,1,1,0,1,0,1,14,7,7
HASKELL COUNTY,207,45 Years,51,29,22,40,23,17,3,2,1,0,0,0,0,0,0,8,4,4
HASKELL COUNTY,207,46 Years,47,24,23,31,17,14,3,2,1,0,0,0,0,0,0,13,5,8
HASKELL COUNTY,207,47 Years,51,27,24,32,19,13,1,0,1,2,2,0,1,1,0,15,5,10
HASKELL COUNTY,207,48 Years,62,31,31,43,23,20,3,1,2,1,1,0,0,0,0,15,6,9
HASKELL COUNTY,207,49 Years,55,34,21,34,22,12,3,2,1,0,0,0,1,1,0,17,9,8
HASKELL COUNTY,207,50 Years,56,27,29,33,15,18,4,1,3,0,0,0,1,0,1,18,11,7
HASKELL COUNTY,207,51 Years,54,30,24,32,18,14,3,2,1,1,0,1,1,1,0,17,9,8
HASKELL COUNTY,207,52 Years,59,31,28,38,21,17,4,3,1,1,0,1,0,0,0,16,7,9
HASKELL COUNTY,207,53 Years,65,34,31,46,24,22,1,1,0,0,0,0,1,1,0,17,8,9
HASKELL COUNTY,207,54 Years,70,36,34,53,25,28,1,1,0,0,0,0,0,0,0,16,10,6
HASKELL COUNTY,207,55 Years,80,41,39,56,29,27,4,1,3,1,0,1,0,0,0,19,11,8
HASKELL COUNTY,207,56 Years,85,41,44,62,31,31,2,1,1,0,0,0,1,0,1,20,9,11
HASKELL COUNTY,207,57 Years,81,38,43,59,26,33,3,2,1,0,0,0,1,0,1,18,10,8
HASKELL COUNTY,207,58 Years,88,40,48,67,27,40,2,1,1,0,0,0,1,1,0,18,11,7
HASKELL COUNTY,207,59 Years,77,38,39,54,29,25,1,0,1,2,1,1,0,0,0,20,8,12
HASKELL COUNTY,207,60 Years,66,39,27,46,27,19,2,2,0,1,1,0,1,0,1,16,9,7
HASKELL COUNTY,207,61 Years,77,43,34,58,31,27,2,2,0,0,0,0,1,1,0,16,9,7
HASKELL COUNTY,207,62 Years,81,35,46,61,22,39,2,1,1,1,1,0,2,1,1,15,10,5
HASKELL COUNTY,207,63 Years,89,43,46,68,28,40,3,2,1,0,0,0,2,1,1,16,12,4
HASKELL COUNTY,207,64 Years,68,38,30,52,27,25,3,2,1,0,0,0,0,0,0,13,9,4
HASKELL COUNTY,207,65 Years,77,46,31,60,36,24,1,1,0,0,0,0,1,0,1,15,9,6
HASKELL COUNTY,207,66 Years,74,44,30,61,36,25,1,1,0,0,0,0,0,0,0,12,7,5
HASKELL COUNTY,207,67 Years,78,44,34,61,33,28,2,2,0,0,0,0,0,0,0,15,9,6
HASKELL COUNTY,207,68 Years,76,39,37,59,29,30,3,3,0,0,0,0,1,1,0,13,6,7
HASKELL COUNTY,207,69 Years,67,33,34,47,24,23,1,0,1,1,0,1,2,1,1,16,8,8
HASKELL COUNTY,207,70 Years,63,28,35,49,22,27,2,1,1,0,0,0,0,0,0,12,5,7
HASKELL COUNTY,207,71 Years,61,26,35,44,17,27,3,2,1,0,0,0,1,0,1,13,7,6
HASKELL COUNTY,207,72 Years,45,23,22,32,15,17,2,1,1,0,0,0,2,1,1,9,6,3
HASKELL COUNTY,207,73 Years,54,30,24,43,23,20,0,0,0,0,0,0,1,1,0,10,6,4
HASKELL COUNTY,207,74 Years,55,28,27,47,22,25,2,2,0,0,0,0,0,0,0,6,4,2
HASKELL COUNTY,207,75 Years,52,21,31,41,16,25,2,1,1,0,0,0,1,0,1,8,4,4
HASKELL COUNTY,207,76 Years,53,28,25,41,24,17,2,1,1,0,0,0,1,0,1,9,3,6
HASKELL COUNTY,207,77 Years,42,23,19,32,20,12,2,0,2,0,0,0,0,0,0,8,3,5
HASKELL COUNTY,207,78 Years,45,22,23,37,17,20,0,0,0,0,0,0,1,1,0,7,4,3
HASKELL COUNTY,207,79 Years,33,19,14,27,15,12,0,0,0,0,0,0,1,1,0,5,3,2
HASKELL COUNTY,207,80 Years,33,20,13,27,17,10,1,1,0,0,0,0,0,0,0,5,2,3
HASKELL COUNTY,207,81 Years,32,14,18,26,11,15,1,1,0,0,0,0,0,0,0,5,2,3
HASKELL COUNTY,207,82 Years,38,17,21,33,14,19,1,1,0,0,0,0,0,0,0,4,2,2
HASKELL COUNTY,207,83 Years,39,16,23,29,12,17,1,1,0,1,0,1,0,0,0,8,3,5
HASKELL COUNTY,207,84 Years,32,13,19,27,12,15,0,0,0,0,0,0,0,0,0,5,1,4
HASKELL COUNTY,207,85 Years,30,13,17,25,10,15,1,0,1,0,0,0,1,1,0,3,2,1
HASKELL COUNTY,207,86 Years,26,10,16,20,6,14,1,1,0,0,0,0,0,0,0,5,3,2
HASKELL COUNTY,207,87 Years,24,10,14,19,8,11,1,0,1,0,0,0,0,0,0,4,2,2
HASKELL COUNTY,207,88 Years,24,9,15,19,8,11,1,0,1,0,0,0,0,0,0,4,1,3
HASKELL COUNTY,207,89 Years,19,8,11,16,7,9,0,0,0,0,0,0,0,0,0,3,1,2
HASKELL COUNTY,207,90 Years,19,9,10,15,7,8,0,0,0,0,0,0,0,0,0,4,2,2
HASKELL COUNTY,207,91 Years,17,7,10,14,6,8,0,0,0,0,0,0,0,0,0,3,1,2
HASKELL COUNTY,207,92 Years,13,7,6,10,5,5,0,0,0,0,0,0,0,0,0,3,2,1
HASKELL COUNTY,207,93 Years,14,5,9,9,3,6,3,1,2,0,0,0,0,0,0,2,1,1
HASKELL COUNTY,207,94 Years,11,4,7,8,3,5,2,0,2,0,0,0,0,0,0,1,1,0
HASKELL COUNTY,207,95 Years +,23,7,16,14,3,11,3,1,2,0,0,0,0,0,0,6,3,3
HAYS COUNTY,209,All Ages,221266,110063,111203,120170,59277,60893,5854,3172,2682,3364,1557,1807,5171,2616,2555,86707,43441,43266
HAYS COUNTY,209,< 1 Year,2472,1252,1220,983,487,496,53,22,31,31,16,15,119,65,54,1286,662,624
HAYS COUNTY,209,1 Years,2528,1286,1242,1010,514,496,56,22,34,29,15,14,121,65,56,1312,670,642
HAYS COUNTY,209,2 Years,2590,1319,1271,1038,529,509,55,25,30,32,17,15,116,58,58,1349,690,659
HAYS COUNTY,209,3 Years,2616,1353,1263,1079,565,514,52,24,28,30,16,14,113,62,51,1342,686,656
HAYS COUNTY,209,4 Years,2578,1344,1234,1063,556,507,48,24,24,32,17,15,114,59,55,1321,688,633
HAYS COUNTY,209,5 Years,2520,1312,1208,1045,541,504,45,24,21,34,20,14,110,64,46,1286,663,623
HAYS COUNTY,209,6 Years,2500,1278,1222,1029,526,503,43,22,21,33,19,14,108,59,49,1287,652,635
HAYS COUNTY,209,7 Years,2584,1299,1285,1068,540,528,43,22,21,33,19,14,100,53,47,1340,665,675
HAYS COUNTY,209,8 Years,2588,1316,1272,1044,522,522,41,27,14,34,22,12,92,45,47,1377,700,677
HAYS COUNTY,209,9 Years,2903,1469,1434,1181,597,584,53,28,25,41,17,24,85,37,48,1543,790,753
HAYS COUNTY,209,10 Years,2933,1457,1476,1185,594,591,71,28,43,26,15,11,82,48,34,1569,772,797
HAYS COUNTY,209,11 Years,2982,1516,1466,1210,639,571,55,30,25,27,14,13,96,52,44,1594,781,813
HAYS COUNTY,209,12 Years,3022,1570,1452,1266,673,593,62,33,29,29,5,24,118,65,53,1547,794,753
HAYS COUNTY,209,13 Years,3067,1579,1488,1307,668,639,67,38,29,32,14,18,88,40,48,1573,819,754
HAYS COUNTY,209,14 Years,3097,1532,1565,1375,672,703,54,33,21,26,7,19,97,51,46,1545,769,776
HAYS COUNTY,209,15 Years,3156,1628,1528,1328,703,625,67,32,35,34,13,21,107,54,53,1620,826,794
HAYS COUNTY,209,16 Years,3121,1598,1523,1351,695,656,67,37,30,35,6,29,100,51,49,1568,809,759
HAYS COUNTY,209,17 Years,3312,1660,1652,1415,706,709,75,36,39,77,43,34,122,50,72,1623,825,798
HAYS COUNTY,209,18 Years,5022,2438,2584,2421,1180,1241,171,78,93,66,34,32,127,59,68,2237,1087,1150
HAYS COUNTY,209,19 Years,6167,2886,3281,2803,1309,1494,235,109,126,62,36,26,157,68,89,2910,1364,1546
HAYS COUNTY,209,20 Years,6159,2823,3336,2862,1299,1563,206,102,104,54,30,24,153,73,80,2884,1319,1565
HAYS COUNTY,209,21 Years,5965,2954,3011,2828,1378,1450,226,120,106,67,42,25,160,80,80,2684,1334,1350
HAYS COUNTY,209,22 Years,5346,2813,2533,2689,1356,1333,184,96,88,83,53,30,144,70,74,2246,1238,1008
HAYS COUNTY,209,23 Years,4978,2612,2366,2462,1243,1219,185,95,90,60,31,29,121,61,60,2150,1182,968
HAYS COUNTY,209,24 Years,4235,2263,1972,2171,1085,1086,152,87,65,84,44,40,107,58,49,1721,989,732
HAYS COUNTY,209,25 Years,2990,1589,1401,1127,586,541,115,67,48,64,35,29,99,51,48,1585,850,735
HAYS COUNTY,209,26 Years,2598,1334,1264,1012,495,517,91,50,41,69,33,36,77,41,36,1349,715,634
HAYS COUNTY,209,27 Years,2857,1423,1434,1559,729,830,113,56,57,49,25,24,87,47,40,1049,566,483
HAYS COUNTY,209,28 Years,2861,1424,1437,1870,864,1006,118,63,55,43,19,24,86,49,37,744,429,315
HAYS COUNTY,209,29 Years,2984,1516,1468,1950,972,978,124,74,50,56,28,28,98,40,58,756,402,354
HAYS COUNTY,209,30 Years,2925,1501,1424,1835,998,837,100,59,41,81,41,40,64,37,27,845,366,479
HAYS COUNTY,209,31 Years,2589,1326,1263,1530,875,655,85,48,37,62,26,36,77,50,27,835,327,508
HAYS COUNTY,209,32 Years,2398,1235,1163,1199,685,514,59,41,18,53,25,28,58,36,22,1029,448,581
HAYS COUNTY,209,33 Years,3051,1596,1455,1805,953,852,95,61,34,42,20,22,40,27,13,1069,535,534
HAYS COUNTY,209,34 Years,2940,1582,1358,1749,944,805,92,60,32,36,16,20,58,24,34,1005,538,467
HAYS COUNTY,209,35 Years,2735,1474,1261,1586,851,735,85,55,30,47,25,22,60,29,31,957,514,443
HAYS COUNTY,209,36 Years,2661,1424,1237,1533,805,728,76,44,32,55,28,27,52,29,23,945,518,427
HAYS COUNTY,209,37 Years,2643,1404,1239,1497,804,693,78,47,31,80,36,44,50,27,23,938,490,448
HAYS COUNTY,209,38 Years,2802,1457,1345,1518,794,724,78,48,30,74,40,34,51,25,26,1081,550,531
HAYS COUNTY,209,39 Years,2585,1316,1269,1392,709,683,64,32,32,66,35,31,35,14,21,1028,526,502
HAYS COUNTY,209,40 Years,2549,1288,1261,1349,682,667,77,51,26,56,27,29,34,10,24,1033,518,515
HAYS COUNTY,209,41 Years,2594,1311,1283,1359,683,676,83,55,28,52,23,29,39,21,18,1061,529,532
HAYS COUNTY,209,42 Years,2596,1280,1316,1308,664,644,69,37,32,58,26,32,52,24,28,1109,529,580
HAYS COUNTY,209,43 Years,2684,1291,1393,1344,649,695,62,34,28,54,20,34,35,12,23,1189,576,613
HAYS COUNTY,209,44 Years,2603,1272,1331,1322,637,685,64,33,31,51,23,28,30,6,24,1136,573,563
HAYS COUNTY,209,45 Years,2633,1339,1294,1366,680,686,72,43,29,65,34,31,43,17,26,1087,565,522
HAYS COUNTY,209,46 Years,2700,1311,1389,1457,675,782,70,39,31,65,32,33,45,22,23,1063,543,520
HAYS COUNTY,209,47 Years,2875,1391,1484,1612,776,836,75,44,31,71,32,39,55,28,27,1062,511,551
HAYS COUNTY,209,48 Years,2762,1390,1372,1533,762,771,66,41,25,62,33,29,66,28,38,1035,526,509
HAYS COUNTY,209,49 Years,2584,1293,1291,1401,715,686,62,35,27,58,31,27,54,23,31,1009,489,520
HAYS COUNTY,209,50 Years,2518,1295,1223,1388,703,685,67,46,21,49,19,30,29,12,17,985,515,470
HAYS COUNTY,209,51 Years,2462,1238,1224,1387,690,697,60,39,21,33,7,26,32,10,22,950,492,458
HAYS COUNTY,209,52 Years,2491,1239,1252,1335,651,684,61,44,17,47,21,26,44,18,26,1004,505,499
HAYS COUNTY,209,53 Years,2640,1295,1345,1527,747,780,58,30,28,56,19,37,35,22,13,964,477,487
HAYS COUNTY,209,54 Years,2616,1249,1367,1540,719,821,63,27,36,40,15,25,36,25,11,937,463,474
HAYS COUNTY,209,55 Years,2558,1244,1314,1561,729,832,52,28,24,42,24,18,45,25,20,858,438,420
HAYS COUNTY,209,56 Years,2634,1268,1366,1674,780,894,68,41,27,37,21,16,32,12,20,823,414,409
HAYS COUNTY,209,57 Years,2591,1218,1373,1713,765,948,62,35,27,36,19,17,30,19,11,750,380,370
HAYS COUNTY,209,58 Years,2579,1287,1292,1713,842,871,77,40,37,26,8,18,41,19,22,722,378,344
HAYS COUNTY,209,59 Years,2470,1237,1233,1641,824,817,71,44,27,25,4,21,43,22,21,690,343,347
HAYS COUNTY,209,60 Years,2456,1171,1285,1676,802,874,59,34,25,32,4,28,41,20,21,648,311,337
HAYS COUNTY,209,61 Years,2370,1119,1251,1630,767,863,48,28,20,30,4,26,40,19,21,622,301,321
HAYS COUNTY,209,62 Years,2322,1073,1249,1605,737,868,61,35,26,33,13,20,24,12,12,599,276,323
HAYS COUNTY,209,63 Years,2380,1115,1265,1680,786,894,58,29,29,29,7,22,35,19,16,578,274,304
HAYS COUNTY,209,64 Years,2209,1042,1167,1579,746,833,50,27,23,21,2,19,35,23,12,524,244,280
HAYS COUNTY,209,65 Years,2214,1039,1175,1585,758,827,44,24,20,20,1,19,43,24,19,522,232,290
HAYS COUNTY,209,66 Years,2095,1014,1081,1502,725,777,39,25,14,32,11,21,27,14,13,495,239,256
HAYS COUNTY,209,67 Years,1995,951,1044,1441,688,753,41,21,20,32,15,17,28,10,18,453,217,236
HAYS COUNTY,209,68 Years,1913,939,974,1391,693,698,34,19,15,21,7,14,32,21,11,435,199,236
HAYS COUNTY,209,69 Years,1756,864,892,1262,624,638,35,19,16,18,3,15,28,22,6,413,196,217
HAYS COUNTY,209,70 Years,1775,852,923,1291,632,659,20,11,9,18,2,16,23,13,10,423,194,229
HAYS COUNTY,209,71 Years,1802,885,917,1341,665,676,16,8,8,10,3,7,25,19,6,410,190,220
HAYS COUNTY,209,72 Years,1452,717,735,1066,537,529,26,10,16,16,4,12,16,7,9,328,159,169
HAYS COUNTY,209,73 Years,1331,632,699,971,472,499,25,10,15,10,4,6,12,5,7,313,141,172
HAYS COUNTY,209,74 Years,1225,562,663,906,423,483,19,7,12,6,3,3,13,5,8,281,124,157
HAYS COUNTY,209,75 Years,1132,525,607,861,419,442,17,8,9,6,3,3,10,4,6,238,91,147
HAYS COUNTY,209,76 Years,991,450,541,740,346,394,18,6,12,15,11,4,8,3,5,210,84,126
HAYS COUNTY,209,77 Years,858,395,463,634,292,342,15,8,7,9,6,3,4,2,2,196,87,109
HAYS COUNTY,209,78 Years,788,348,440,596,261,335,15,9,6,5,2,3,8,3,5,164,73,91
HAYS COUNTY,209,79 Years,765,350,415,579,267,312,17,6,11,5,3,2,5,2,3,159,72,87
HAYS COUNTY,209,80 Years,721,340,381,543,259,284,16,4,12,5,2,3,5,3,2,152,72,80
HAYS COUNTY,209,81 Years,619,273,346,451,203,248,14,6,8,7,4,3,7,4,3,140,56,84
HAYS COUNTY,209,82 Years,562,236,326,410,176,234,12,6,6,5,1,4,7,3,4,128,50,78
HAYS COUNTY,209,83 Years,499,215,284,374,157,217,9,3,6,4,1,3,4,3,1,108,51,57
HAYS COUNTY,209,84 Years,445,185,260,339,144,195,9,3,6,3,1,2,4,2,2,90,35,55
HAYS COUNTY,209,85 Years,380,156,224,282,125,157,9,3,6,4,1,3,3,1,2,82,26,56
HAYS COUNTY,209,86 Years,348,141,207,264,106,158,10,4,6,4,2,2,3,1,2,67,28,39
HAYS COUNTY,209,87 Years,301,125,176,241,100,141,8,4,4,3,0,3,2,1,1,47,20,27
HAYS COUNTY,209,88 Years,270,103,167,210,84,126,6,3,3,1,0,1,3,0,3,50,16,34
HAYS COUNTY,209,89 Years,228,88,140,176,71,105,3,2,1,1,0,1,1,1,0,47,14,33
HAYS COUNTY,209,90 Years,196,71,125,151,54,97,4,2,2,1,0,1,1,1,0,39,14,25
HAYS COUNTY,209,91 Years,157,53,104,119,40,79,4,1,3,0,0,0,1,1,0,33,11,22
HAYS COUNTY,209,92 Years,119,35,84,85,28,57,4,1,3,2,0,2,1,0,1,27,6,21
HAYS COUNTY,209,93 Years,95,28,67,73,23,50,1,0,1,2,1,1,1,0,1,18,4,14
HAYS COUNTY,209,94 Years,85,24,61,64,17,47,2,0,2,0,0,0,1,0,1,18,7,11
HAYS COUNTY,209,95 Years +,213,53,160,147,36,111,8,1,7,3,1,2,1,0,1,54,15,39
HEMPHILL COUNTY,211,All Ages,3848,1930,1918,2424,1191,1233,5,2,3,16,8,8,37,15,22,1366,714,652
HEMPHILL COUNTY,211,< 1 Year,40,25,15,18,12,6,0,0,0,0,0,0,0,0,0,22,13,9
HEMPHILL COUNTY,211,1 Years,42,24,18,20,12,8,0,0,0,0,0,0,0,0,0,22,12,10
HEMPHILL COUNTY,211,2 Years,55,30,25,24,13,11,0,0,0,0,0,0,0,0,0,31,17,14
HEMPHILL COUNTY,211,3 Years,60,33,27,29,17,12,0,0,0,0,0,0,0,0,0,31,16,15
HEMPHILL COUNTY,211,4 Years,69,37,32,31,17,14,0,0,0,0,0,0,1,0,1,37,20,17
HEMPHILL COUNTY,211,5 Years,64,37,27,29,17,12,0,0,0,0,0,0,0,0,0,35,20,15
HEMPHILL COUNTY,211,6 Years,68,39,29,29,17,12,0,0,0,0,0,0,0,0,0,39,22,17
HEMPHILL COUNTY,211,7 Years,71,41,30,30,19,11,0,0,0,0,0,0,0,0,0,41,22,19
HEMPHILL COUNTY,211,8 Years,59,32,27,23,14,9,0,0,0,0,0,0,0,0,0,36,18,18
HEMPHILL COUNTY,211,9 Years,76,49,27,31,22,9,0,0,0,0,0,0,1,1,0,44,26,18
HEMPHILL COUNTY,211,10 Years,81,39,42,42,25,17,0,0,0,1,1,0,1,0,1,37,13,24
HEMPHILL COUNTY,211,11 Years,88,38,50,45,21,24,0,0,0,0,0,0,0,0,0,43,17,26
HEMPHILL COUNTY,211,12 Years,71,30,41,36,12,24,0,0,0,0,0,0,1,0,1,34,18,16
HEMPHILL COUNTY,211,13 Years,70,33,37,45,21,24,0,0,0,0,0,0,1,0,1,24,12,12
HEMPHILL COUNTY,211,14 Years,66,38,28,36,23,13,0,0,0,0,0,0,1,0,1,29,15,14
HEMPHILL COUNTY,211,15 Years,86,36,50,39,17,22,0,0,0,0,0,0,0,0,0,47,19,28
HEMPHILL COUNTY,211,16 Years,64,27,37,33,15,18,0,0,0,0,0,0,0,0,0,31,12,19
HEMPHILL COUNTY,211,17 Years,56,25,31,28,10,18,0,0,0,0,0,0,1,1,0,27,14,13
HEMPHILL COUNTY,211,18 Years,64,31,33,35,16,19,0,0,0,0,0,0,1,1,0,28,14,14
HEMPHILL COUNTY,211,19 Years,47,20,27,25,11,14,0,0,0,0,0,0,0,0,0,22,9,13
HEMPHILL COUNTY,211,20 Years,44,17,27,21,8,13,0,0,0,0,0,0,0,0,0,23,9,14
HEMPHILL COUNTY,211,21 Years,39,18,21,23,9,14,0,0,0,0,0,0,0,0,0,16,9,7
HEMPHILL COUNTY,211,22 Years,33,19,14,17,11,6,0,0,0,0,0,0,2,0,2,14,8,6
HEMPHILL COUNTY,211,23 Years,55,31,24,28,13,15,0,0,0,0,0,0,0,0,0,27,18,9
HEMPHILL COUNTY,211,24 Years,57,25,32,33,13,20,0,0,0,0,0,0,2,0,2,22,12,10
HEMPHILL COUNTY,211,25 Years,55,23,32,35,15,20,0,0,0,0,0,0,1,0,1,19,8,11
HEMPHILL COUNTY,211,26 Years,51,18,33,30,14,16,0,0,0,0,0,0,0,0,0,21,4,17
HEMPHILL COUNTY,211,27 Years,45,23,22,32,16,16,0,0,0,0,0,0,0,0,0,13,7,6
HEMPHILL COUNTY,211,28 Years,37,22,15,20,9,11,0,0,0,0,0,0,0,0,0,17,13,4
HEMPHILL COUNTY,211,29 Years,39,22,17,26,13,13,0,0,0,0,0,0,0,0,0,13,9,4
HEMPHILL COUNTY,211,30 Years,31,16,15,16,8,8,0,0,0,1,0,1,0,0,0,14,8,6
HEMPHILL COUNTY,211,31 Years,41,22,19,25,12,13,0,0,0,1,1,0,0,0,0,15,9,6
HEMPHILL COUNTY,211,32 Years,53,18,35,41,13,28,0,0,0,0,0,0,1,0,1,11,5,6
HEMPHILL COUNTY,211,33 Years,52,28,24,40,21,19,0,0,0,0,0,0,0,0,0,12,7,5
HEMPHILL COUNTY,211,34 Years,59,35,24,37,26,11,0,0,0,0,0,0,0,0,0,22,9,13
HEMPHILL COUNTY,211,35 Years,56,26,30,29,16,13,0,0,0,1,1,0,0,0,0,26,9,17
HEMPHILL COUNTY,211,36 Years,54,32,22,32,21,11,0,0,0,0,0,0,0,0,0,22,11,11
HEMPHILL COUNTY,211,37 Years,38,23,15,19,13,6,0,0,0,1,0,1,0,0,0,18,10,8
HEMPHILL COUNTY,211,38 Years,50,18,32,25,9,16,1,0,1,1,0,1,0,0,0,23,9,14
HEMPHILL COUNTY,211,39 Years,51,20,31,29,8,21,0,0,0,2,1,1,0,0,0,20,11,9
HEMPHILL COUNTY,211,40 Years,50,22,28,32,10,22,0,0,0,1,1,0,0,0,0,17,11,6
HEMPHILL COUNTY,211,41 Years,51,27,24,35,17,18,0,0,0,1,1,0,1,1,0,14,8,6
HEMPHILL COUNTY,211,42 Years,45,20,25,31,14,17,0,0,0,0,0,0,1,1,0,13,5,8
HEMPHILL COUNTY,211,43 Years,43,22,21,28,16,12,0,0,0,0,0,0,0,0,0,15,6,9
HEMPHILL COUNTY,211,44 Years,47,24,23,36,18,18,0,0,0,0,0,0,0,0,0,11,6,5
HEMPHILL COUNTY,211,45 Years,48,24,24,29,13,16,0,0,0,0,0,0,1,0,1,18,11,7
HEMPHILL COUNTY,211,46 Years,47,25,22,30,13,17,0,0,0,0,0,0,1,0,1,16,12,4
HEMPHILL COUNTY,211,47 Years,49,22,27,33,16,17,1,1,0,0,0,0,0,0,0,15,5,10
HEMPHILL COUNTY,211,48 Years,36,19,17,24,12,12,1,1,0,0,0,0,0,0,0,11,6,5
HEMPHILL COUNTY,211,49 Years,35,19,16,24,13,11,0,0,0,0,0,0,0,0,0,11,6,5
HEMPHILL COUNTY,211,50 Years,48,25,23,30,14,16,1,0,1,1,0,1,0,0,0,16,11,5
HEMPHILL COUNTY,211,51 Years,51,31,20,32,17,15,1,0,1,0,0,0,0,0,0,18,14,4
HEMPHILL COUNTY,211,52 Years,44,25,19,30,16,14,0,0,0,0,0,0,1,1,0,13,8,5
HEMPHILL COUNTY,211,53 Years,41,22,19,28,14,14,0,0,0,1,0,1,1,1,0,11,7,4
HEMPHILL COUNTY,211,54 Years,51,31,20,34,16,18,0,0,0,1,1,0,0,0,0,16,14,2
HEMPHILL COUNTY,211,55 Years,50,29,21,34,18,16,0,0,0,1,1,0,0,0,0,15,10,5
HEMPHILL COUNTY,211,56 Years,43,26,17,30,18,12,0,0,0,0,0,0,1,1,0,12,7,5
HEMPHILL COUNTY,211,57 Years,41,21,20,30,16,14,0,0,0,0,0,0,2,1,1,9,4,5
HEMPHILL COUNTY,211,58 Years,39,21,18,30,16,14,0,0,0,0,0,0,2,1,1,7,4,3
HEMPHILL COUNTY,211,59 Years,32,18,14,25,14,11,0,0,0,0,0,0,0,0,0,7,4,3
HEMPHILL COUNTY,211,60 Years,35,15,20,28,14,14,0,0,0,0,0,0,2,0,2,5,1,4
HEMPHILL COUNTY,211,61 Years,33,17,16,27,14,13,0,0,0,0,0,0,0,0,0,6,3,3
HEMPHILL COUNTY,211,62 Years,32,17,15,24,12,12,0,0,0,0,0,0,1,1,0,7,4,3
HEMPHILL COUNTY,211,63 Years,36,21,15,31,18,13,0,0,0,0,0,0,1,0,1,4,3,1
HEMPHILL COUNTY,211,64 Years,38,22,16,33,20,13,0,0,0,0,0,0,0,0,0,5,2,3
HEMPHILL COUNTY,211,65 Years,36,20,16,29,17,12,0,0,0,0,0,0,0,0,0,7,3,4
HEMPHILL COUNTY,211,66 Years,35,17,18,29,15,14,0,0,0,0,0,0,1,0,1,5,2,3
HEMPHILL COUNTY,211,67 Years,32,16,16,27,13,14,0,0,0,1,0,1,0,0,0,4,3,1
HEMPHILL COUNTY,211,68 Years,32,19,13,28,16,12,0,0,0,0,0,0,0,0,0,4,3,1
HEMPHILL COUNTY,211,69 Years,27,15,12,25,13,12,0,0,0,0,0,0,0,0,0,2,2,0
HEMPHILL COUNTY,211,70 Years,28,14,14,24,12,12,0,0,0,0,0,0,1,0,1,3,2,1
HEMPHILL COUNTY,211,71 Years,31,15,16,27,13,14,0,0,0,0,0,0,0,0,0,4,2,2
HEMPHILL COUNTY,211,72 Years,26,12,14,22,9,13,0,0,0,0,0,0,0,0,0,4,3,1
HEMPHILL COUNTY,211,73 Years,21,9,12,20,8,12,0,0,0,0,0,0,0,0,0,1,1,0
HEMPHILL COUNTY,211,74 Years,21,8,13,21,8,13,0,0,0,0,0,0,0,0,0,0,0,0
HEMPHILL COUNTY,211,75 Years,22,10,12,21,9,12,0,0,0,0,0,0,0,0,0,1,1,0
HEMPHILL COUNTY,211,76 Years,17,8,9,16,7,9,0,0,0,0,0,0,1,1,0,0,0,0
HEMPHILL COUNTY,211,77 Years,22,8,14,19,7,12,0,0,0,1,0,1,0,0,0,2,1,1
HEMPHILL COUNTY,211,78 Years,18,8,10,17,7,10,0,0,0,0,0,0,0,0,0,1,1,0
HEMPHILL COUNTY,211,79 Years,14,6,8,13,6,7,0,0,0,0,0,0,0,0,0,1,0,1
HEMPHILL COUNTY,211,80 Years,11,4,7,10,4,6,0,0,0,0,0,0,1,0,1,0,0,0
HEMPHILL COUNTY,211,81 Years,12,6,6,11,5,6,0,0,0,0,0,0,0,0,0,1,1,0
HEMPHILL COUNTY,211,82 Years,13,7,6,12,6,6,0,0,0,0,0,0,0,0,0,1,1,0
HEMPHILL COUNTY,211,83 Years,11,5,6,11,5,6,0,0,0,0,0,0,0,0,0,0,0,0
HEMPHILL COUNTY,211,84 Years,8,4,4,8,4,4,0,0,0,0,0,0,0,0,0,0,0,0
HEMPHILL COUNTY,211,85 Years,11,4,7,9,4,5,0,0,0,0,0,0,0,0,0,2,0,2
HEMPHILL COUNTY,211,86 Years,16,4,12,15,4,11,0,0,0,0,0,0,1,0,1,0,0,0
HEMPHILL COUNTY,211,87 Years,15,4,11,14,3,11,0,0,0,0,0,0,0,0,0,1,1,0
HEMPHILL COUNTY,211,88 Years,12,4,8,11,3,8,0,0,0,0,0,0,1,1,0,0,0,0
HEMPHILL COUNTY,211,89 Years,9,4,5,8,3,5,0,0,0,0,0,0,1,1,0,0,0,0
HEMPHILL COUNTY,211,90 Years,9,3,6,8,2,6,0,0,0,0,0,0,1,1,0,0,0,0
HEMPHILL COUNTY,211,91 Years,7,2,5,7,2,5,0,0,0,0,0,0,0,0,0,0,0,0
HEMPHILL COUNTY,211,92 Years,8,3,5,7,2,5,0,0,0,0,0,0,0,0,0,1,1,0
HEMPHILL COUNTY,211,93 Years,6,2,4,6,2,4,0,0,0,0,0,0,0,0,0,0,0,0
HEMPHILL COUNTY,211,94 Years,4,1,3,4,1,3,0,0,0,0,0,0,0,0,0,0,0,0
HEMPHILL COUNTY,211,95 Years +,12,3,9,11,3,8,0,0,0,0,0,0,0,0,0,1,0,1
HENDERSON COUNTY,213,All Ages,82517,40257,42260,64300,31053,33247,5457,2758,2699,351,158,193,1866,897,969,10543,5391,5152
HENDERSON COUNTY,213,< 1 Year,895,469,426,577,305,272,57,31,26,3,2,1,38,20,18,220,111,109
HENDERSON COUNTY,213,1 Years,913,473,440,594,314,280,58,33,25,2,1,1,36,16,20,223,109,114
HENDERSON COUNTY,213,2 Years,912,465,447,593,309,284,57,31,26,3,2,1,42,20,22,217,103,114
HENDERSON COUNTY,213,3 Years,926,470,456,596,314,282,62,31,31,4,2,2,46,19,27,218,104,114
HENDERSON COUNTY,213,4 Years,919,471,448,579,307,272,65,29,36,3,2,1,54,23,31,218,110,108
HENDERSON COUNTY,213,5 Years,923,467,456,578,295,283,69,32,37,4,2,2,54,21,33,218,117,101
HENDERSON COUNTY,213,6 Years,934,470,464,583,292,291,70,32,38,3,2,1,50,23,27,228,121,107
HENDERSON COUNTY,213,7 Years,958,485,473,594,300,294,78,39,39,3,2,1,46,23,23,237,121,116
HENDERSON COUNTY,213,8 Years,918,453,465,573,286,287,72,41,31,3,2,1,48,21,27,222,103,119
HENDERSON COUNTY,213,9 Years,996,475,521,642,306,336,85,41,44,2,0,2,46,12,34,221,116,105
HENDERSON COUNTY,213,10 Years,1005,493,512,632,297,335,82,44,38,3,1,2,49,17,32,239,134,105
HENDERSON COUNTY,213,11 Years,976,492,484,626,299,327,87,54,33,3,1,2,34,18,16,226,120,106
HENDERSON COUNTY,213,12 Years,998,508,490,635,312,323,100,58,42,4,2,2,33,22,11,226,114,112
HENDERSON COUNTY,213,13 Years,1025,524,501,680,357,323,87,40,47,6,1,5,30,15,15,222,111,111
HENDERSON COUNTY,213,14 Years,1021,535,486,658,332,326,101,57,44,4,1,3,41,25,16,217,120,97
HENDERSON COUNTY,213,15 Years,1032,556,476,666,355,311,109,63,46,5,1,4,33,15,18,219,122,97
HENDERSON COUNTY,213,16 Years,981,491,490,671,338,333,96,52,44,6,4,2,26,13,13,182,84,98
HENDERSON COUNTY,213,17 Years,1022,535,487,691,353,338,105,62,43,3,2,1,34,21,13,189,97,92
HENDERSON COUNTY,213,18 Years,981,529,452,672,369,303,94,50,44,3,1,2,25,15,10,187,94,93
HENDERSON COUNTY,213,19 Years,869,458,411,588,315,273,87,46,41,3,3,0,35,15,20,156,79,77
HENDERSON COUNTY,213,20 Years,823,439,384,560,295,265,76,42,34,5,4,1,28,16,12,154,82,72
HENDERSON COUNTY,213,21 Years,823,418,405,555,279,276,65,40,25,4,2,2,33,14,19,166,83,83
HENDERSON COUNTY,213,22 Years,836,404,432,579,286,293,53,29,24,7,4,3,33,14,19,164,71,93
HENDERSON COUNTY,213,23 Years,813,402,411,583,295,288,61,29,32,6,2,4,23,14,9,140,62,78
HENDERSON COUNTY,213,24 Years,877,435,442,623,320,303,65,28,37,6,2,4,24,15,9,159,70,89
HENDERSON COUNTY,213,25 Years,924,481,443,700,370,330,67,34,33,5,2,3,23,14,9,129,61,68
HENDERSON COUNTY,213,26 Years,1013,507,506,745,380,365,84,42,42,5,3,2,21,17,4,158,65,93
HENDERSON COUNTY,213,27 Years,1149,559,590,838,409,429,118,68,50,2,2,0,16,9,7,175,71,104
HENDERSON COUNTY,213,28 Years,1091,559,532,812,410,402,104,61,43,2,2,0,16,7,9,157,79,78
HENDERSON COUNTY,213,29 Years,1002,511,491,784,389,395,74,44,30,1,1,0,15,12,3,128,65,63
HENDERSON COUNTY,213,30 Years,945,465,480,739,361,378,62,31,31,4,1,3,11,8,3,129,64,65
HENDERSON COUNTY,213,31 Years,887,432,455,664,312,352,65,34,31,2,1,1,16,7,9,140,78,62
HENDERSON COUNTY,213,32 Years,897,434,463,673,324,349,71,36,35,2,1,1,14,5,9,137,68,69
HENDERSON COUNTY,213,33 Years,915,458,457,695,348,347,72,38,34,6,3,3,13,4,9,129,65,64
HENDERSON COUNTY,213,34 Years,850,422,428,646,317,329,60,32,28,7,5,2,13,6,7,124,62,62
HENDERSON COUNTY,213,35 Years,866,449,417,641,321,320,65,38,27,5,2,3,13,7,6,142,81,61
HENDERSON COUNTY,213,36 Years,833,419,414,603,294,309,70,40,30,3,1,2,16,10,6,141,74,67
HENDERSON COUNTY,213,37 Years,885,429,456,659,319,340,64,30,34,5,2,3,16,5,11,141,73,68
HENDERSON COUNTY,213,38 Years,869,408,461,652,301,351,57,23,34,5,3,2,18,7,11,137,74,63
HENDERSON COUNTY,213,39 Years,866,404,462,647,295,352,54,24,30,8,4,4,15,6,9,142,75,67
HENDERSON COUNTY,213,40 Years,871,425,446,671,320,351,57,27,30,9,3,6,9,4,5,125,71,54
HENDERSON COUNTY,213,41 Years,853,403,450,651,299,352,59,23,36,6,3,3,14,6,8,123,72,51
HENDERSON COUNTY,213,42 Years,879,428,451,683,327,356,49,23,26,4,1,3,14,6,8,129,71,58
HENDERSON COUNTY,213,43 Years,870,427,443,687,338,349,45,17,28,7,4,3,13,8,5,118,60,58
HENDERSON COUNTY,213,44 Years,841,389,452,644,294,350,57,29,28,12,5,7,8,6,2,120,55,65
HENDERSON COUNTY,213,45 Years,883,403,480,682,305,377,70,41,29,6,3,3,10,4,6,115,50,65
HENDERSON COUNTY,213,46 Years,997,471,526,761,345,416,81,50,31,5,4,1,17,6,11,133,66,67
HENDERSON COUNTY,213,47 Years,1065,507,558,843,385,458,69,36,33,6,5,1,14,7,7,133,74,59
HENDERSON COUNTY,213,48 Years,999,457,542,784,354,430,77,42,35,5,3,2,9,5,4,124,53,71
HENDERSON COUNTY,213,49 Years,1014,496,518,802,386,416,67,38,29,6,2,4,13,4,9,126,66,60
HENDERSON COUNTY,213,50 Years,992,494,498,784,389,395,69,37,32,4,2,2,16,6,10,119,60,59
HENDERSON COUNTY,213,51 Years,970,499,471,765,395,370,60,32,28,4,0,4,21,10,11,120,62,58
HENDERSON COUNTY,213,52 Years,1012,525,487,786,404,382,57,25,32,4,1,3,18,11,7,147,84,63
HENDERSON COUNTY,213,53 Years,1031,527,504,819,416,403,64,30,34,3,1,2,15,8,7,130,72,58
HENDERSON COUNTY,213,54 Years,1104,553,551,884,430,454,66,35,31,5,2,3,19,12,7,130,74,56
HENDERSON COUNTY,213,55 Years,1185,573,612,978,478,500,78,35,43,5,2,3,21,8,13,103,50,53
HENDERSON COUNTY,213,56 Years,1213,575,638,995,473,522,81,41,40,2,0,2,21,11,10,114,50,64
HENDERSON COUNTY,213,57 Years,1267,590,677,1053,479,574,73,37,36,4,2,2,26,11,15,111,61,50
HENDERSON COUNTY,213,58 Years,1268,607,661,1081,512,569,72,31,41,5,3,2,19,7,12,91,54,37
HENDERSON COUNTY,213,59 Years,1234,560,674,1056,473,583,70,27,43,6,3,3,28,13,15,74,44,30
HENDERSON COUNTY,213,60 Years,1261,603,658,1056,495,561,77,38,39,7,2,5,33,14,19,88,54,34
HENDERSON COUNTY,213,61 Years,1259,622,637,1076,518,558,72,35,37,6,3,3,20,10,10,85,56,29
HENDERSON COUNTY,213,62 Years,1176,586,590,1022,504,518,64,29,35,4,2,2,13,7,6,73,44,29
HENDERSON COUNTY,213,63 Years,1193,578,615,1044,507,537,64,29,35,4,2,2,20,7,13,61,33,28
HENDERSON COUNTY,213,64 Years,1172,564,608,1031,496,535,59,25,34,4,2,2,21,12,9,57,29,28
HENDERSON COUNTY,213,65 Years,1156,564,592,1025,504,521,58,23,35,5,2,3,13,8,5,55,27,28
HENDERSON COUNTY,213,66 Years,1117,517,600,984,451,533,60,27,33,3,1,2,13,9,4,57,29,28
HENDERSON COUNTY,213,67 Years,1075,504,571,958,449,509,53,26,27,4,1,3,18,8,10,42,20,22
HENDERSON COUNTY,213,68 Years,1105,539,566,981,473,508,48,25,23,5,1,4,27,15,12,44,25,19
HENDERSON COUNTY,213,69 Years,1074,509,565,958,454,504,49,25,24,6,1,5,22,12,10,39,17,22
HENDERSON COUNTY,213,70 Years,1119,516,603,1013,465,548,46,23,23,3,0,3,19,8,11,38,20,18
HENDERSON COUNTY,213,71 Years,1128,511,617,1032,466,566,46,22,24,4,0,4,15,7,8,31,16,15
HENDERSON COUNTY,213,72 Years,911,427,484,829,394,435,37,12,25,3,1,2,10,6,4,32,14,18
HENDERSON COUNTY,213,73 Years,907,423,484,827,388,439,36,12,24,2,0,2,11,5,6,31,18,13
HENDERSON COUNTY,213,74 Years,883,420,463,811,385,426,35,13,22,0,0,0,10,5,5,27,17,10
HENDERSON COUNTY,213,75 Years,881,396,485,807,358,449,34,15,19,3,1,2,11,5,6,26,17,9
HENDERSON COUNTY,213,76 Years,818,369,449,751,337,414,34,15,19,4,2,2,9,3,6,20,12,8
HENDERSON COUNTY,213,77 Years,730,331,399,675,310,365,29,13,16,2,1,1,10,3,7,14,4,10
HENDERSON COUNTY,213,78 Years,672,309,363,622,289,333,25,10,15,0,0,0,9,4,5,16,6,10
HENDERSON COUNTY,213,79 Years,650,319,331,608,298,310,21,10,11,2,1,1,5,3,2,14,7,7
HENDERSON COUNTY,213,80 Years,572,297,275,526,277,249,20,8,12,2,1,1,9,3,6,15,8,7
HENDERSON COUNTY,213,81 Years,482,233,249,444,214,230,16,7,9,1,1,0,7,3,4,14,8,6
HENDERSON COUNTY,213,82 Years,472,225,247,442,211,231,12,5,7,0,0,0,6,2,4,12,7,5
HENDERSON COUNTY,213,83 Years,433,201,232,402,187,215,13,5,8,1,0,1,4,2,2,13,7,6
HENDERSON COUNTY,213,84 Years,369,153,216,343,143,200,12,5,7,0,0,0,2,2,0,12,3,9
HENDERSON COUNTY,213,85 Years,336,143,193,312,132,180,10,5,5,2,2,0,2,1,1,10,3,7
HENDERSON COUNTY,213,86 Years,307,128,179,281,118,163,10,3,7,2,1,1,4,2,2,10,4,6
HENDERSON COUNTY,213,87 Years,264,106,158,239,96,143,10,4,6,0,0,0,4,1,3,11,5,6
HENDERSON COUNTY,213,88 Years,229,96,133,208,88,120,10,4,6,2,0,2,2,1,1,7,3,4
HENDERSON COUNTY,213,89 Years,188,76,112,172,68,104,7,3,4,1,0,1,2,1,1,6,4,2
HENDERSON COUNTY,213,90 Years,153,59,94,140,53,87,7,3,4,0,0,0,3,1,2,3,2,1
HENDERSON COUNTY,213,91 Years,130,46,84,116,39,77,6,3,3,0,0,0,3,1,2,5,3,2
HENDERSON COUNTY,213,92 Years,102,35,67,91,31,60,6,2,4,1,0,1,2,1,1,2,1,1
HENDERSON COUNTY,213,93 Years,85,28,57,75,25,50,5,2,3,0,0,0,3,1,2,2,0,2
HENDERSON COUNTY,213,94 Years,62,22,40,55,18,37,4,2,2,0,0,0,1,0,1,2,2,0
HENDERSON COUNTY,213,95 Years +,130,39,91,109,30,79,13,5,8,0,0,0,1,0,1,7,4,3
HIDALGO COUNTY,215,All Ages,880024,429368,450656,56253,28532,27721,3203,2092,1111,9462,4612,4850,2488,1289,1199,808618,392843,415775
HIDALGO COUNTY,215,< 1 Year,13181,6620,6561,450,238,212,41,22,19,64,34,30,31,18,13,12595,6308,6287
HIDALGO COUNTY,215,1 Years,13424,6796,6628,497,246,251,43,23,20,69,38,31,32,18,14,12783,6471,6312
HIDALGO COUNTY,215,2 Years,14049,7118,6931,576,278,298,40,20,20,77,45,32,33,19,14,13323,6756,6567
HIDALGO COUNTY,215,3 Years,14785,7586,7199,623,306,317,40,18,22,89,48,41,39,21,18,13994,7193,6801
HIDALGO COUNTY,215,4 Years,15158,7753,7405,635,324,311,32,15,17,97,47,50,39,20,19,14355,7347,7008
HIDALGO COUNTY,215,5 Years,15272,7841,7431,631,334,297,35,17,18,110,52,58,42,22,20,14454,7416,7038
HIDALGO COUNTY,215,6 Years,15238,7799,7439,651,333,318,37,17,20,114,57,57,41,21,20,14395,7371,7024
HIDALGO COUNTY,215,7 Years,15381,7850,7531,663,325,338,38,15,23,122,65,57,43,23,20,14515,7422,7093
HIDALGO COUNTY,215,8 Years,13798,6881,6917,589,275,314,28,9,19,112,55,57,38,25,13,13031,6517,6514
HIDALGO COUNTY,215,9 Years,15439,7786,7653,662,333,329,43,22,21,136,67,69,42,21,21,14556,7343,7213
HIDALGO COUNTY,215,10 Years,15645,7840,7805,668,317,351,37,24,13,148,78,70,47,26,21,14745,7395,7350
HIDALGO COUNTY,215,11 Years,15565,7732,7833,633,306,327,49,31,18,143,87,56,51,32,19,14689,7276,7413
HIDALGO COUNTY,215,12 Years,15484,7783,7701,586,280,306,52,30,22,150,90,60,42,23,19,14654,7360,7294
HIDALGO COUNTY,215,13 Years,15562,7922,7640,507,237,270,46,26,20,148,83,65,43,22,21,14818,7554,7264
HIDALGO COUNTY,215,14 Years,15197,7718,7479,491,253,238,37,21,16,135,66,69,37,22,15,14497,7356,7141
HIDALGO COUNTY,215,15 Years,15048,7588,7460,493,255,238,31,20,11,137,76,61,36,20,16,14351,7217,7134
HIDALGO COUNTY,215,16 Years,14911,7520,7391,469,237,232,39,25,14,152,90,62,36,19,17,14215,7149,7066
HIDALGO COUNTY,215,17 Years,14869,7450,7419,478,245,233,46,26,20,162,81,81,40,23,17,14143,7075,7068
HIDALGO COUNTY,215,18 Years,14780,7540,7240,390,205,185,69,49,20,169,93,76,40,23,17,14112,7170,6942
HIDALGO COUNTY,215,19 Years,15462,7891,7571,425,241,184,65,44,21,169,82,87,40,16,24,14763,7508,7255
HIDALGO COUNTY,215,20 Years,14387,7296,7091,418,226,192,63,36,27,128,65,63,48,28,20,13730,6941,6789
HIDALGO COUNTY,215,21 Years,14364,7130,7234,470,275,195,71,45,26,145,71,74,37,22,15,13641,6717,6924
HIDALGO COUNTY,215,22 Years,14555,7209,7346,466,251,215,63,42,21,165,74,91,50,25,25,13811,6817,6994
HIDALGO COUNTY,215,23 Years,14379,7123,7256,481,282,199,65,38,27,135,60,75,47,18,29,13651,6725,6926
HIDALGO COUNTY,215,24 Years,14548,7203,7345,626,283,343,89,59,30,122,63,59,55,21,34,13656,6777,6879
HIDALGO COUNTY,215,25 Years,14788,7497,7291,619,360,259,72,49,23,130,79,51,42,23,19,13925,6986,6939
HIDALGO COUNTY,215,26 Years,14397,7181,7216,600,343,257,67,50,17,121,69,52,39,18,21,13570,6701,6869
HIDALGO COUNTY,215,27 Years,12901,6397,6504,595,317,278,56,39,17,120,51,69,59,24,35,12071,5966,6105
HIDALGO COUNTY,215,28 Years,12221,6198,6023,576,326,250,66,47,19,109,42,67,34,16,18,11436,5767,5669
HIDALGO COUNTY,215,29 Years,11412,5763,5649,537,272,265,69,51,18,114,56,58,32,21,11,10660,5363,5297
HIDALGO COUNTY,215,30 Years,11002,5606,5396,542,293,249,65,51,14,74,37,37,31,15,16,10290,5210,5080
HIDALGO COUNTY,215,31 Years,10999,5563,5436,522,270,252,55,41,14,111,54,57,31,15,16,10280,5183,5097
HIDALGO COUNTY,215,32 Years,11009,5587,5422,520,318,202,56,42,14,154,68,86,41,24,17,10238,5135,5103
HIDALGO COUNTY,215,33 Years,10985,5520,5465,502,289,213,50,32,18,156,78,78,32,13,19,10245,5108,5137
HIDALGO COUNTY,215,34 Years,11031,5473,5558,528,313,215,53,35,18,116,57,59,27,14,13,10307,5054,5253
HIDALGO COUNTY,215,35 Years,11227,5547,5680,474,262,212,57,39,18,99,47,52,28,17,11,10569,5182,5387
HIDALGO COUNTY,215,36 Years,11515,5585,5930,490,258,232,61,50,11,120,45,75,26,18,8,10818,5214,5604
HIDALGO COUNTY,215,37 Years,11749,5697,6052,510,285,225,62,49,13,126,50,76,30,16,14,11021,5297,5724
HIDALGO COUNTY,215,38 Years,11633,5703,5930,509,275,234,54,40,14,140,53,87,23,11,12,10907,5324,5583
HIDALGO COUNTY,215,39 Years,10909,5295,5614,509,291,218,58,41,17,119,48,71,18,13,5,10205,4902,5303
HIDALGO COUNTY,215,40 Years,10954,5232,5722,458,232,226,54,44,10,113,47,66,21,13,8,10308,4896,5412
HIDALGO COUNTY,215,41 Years,11272,5369,5903,441,232,209,42,32,10,149,74,75,25,16,9,10615,5015,5600
HIDALGO COUNTY,215,42 Years,11227,5356,5871,432,218,214,47,33,14,134,66,68,20,12,8,10594,5027,5567
HIDALGO COUNTY,215,43 Years,11346,5453,5893,445,242,203,44,30,14,167,79,88,18,7,11,10672,5095,5577
HIDALGO COUNTY,215,44 Years,11097,5347,5750,426,217,209,47,34,13,183,96,87,31,12,19,10410,4988,5422
HIDALGO COUNTY,215,45 Years,11025,5274,5751,425,226,199,46,35,11,214,100,114,20,10,10,10320,4903,5417
HIDALGO COUNTY,215,46 Years,10902,5114,5788,475,263,212,47,33,14,213,107,106,21,7,14,10146,4704,5442
HIDALGO COUNTY,215,47 Years,10748,5104,5644,486,254,232,63,43,20,207,130,77,29,17,12,9963,4660,5303
HIDALGO COUNTY,215,48 Years,10743,5103,5640,505,278,227,49,36,13,212,106,106,29,16,13,9948,4667,5281
HIDALGO COUNTY,215,49 Years,10004,4739,5265,500,276,224,50,40,10,181,85,96,20,13,7,9253,4325,4928
HIDALGO COUNTY,215,50 Years,9600,4475,5125,468,253,215,18,11,7,172,81,91,21,11,10,8921,4119,4802
HIDALGO COUNTY,215,51 Years,9316,4350,4966,486,236,250,17,9,8,150,65,85,17,8,9,8646,4032,4614
HIDALGO COUNTY,215,52 Years,9200,4349,4851,498,273,225,18,9,9,140,58,82,20,8,12,8524,4001,4523
HIDALGO COUNTY,215,53 Years,8991,4249,4742,543,279,264,16,10,6,127,68,59,24,10,14,8281,3882,4399
HIDALGO COUNTY,215,54 Years,8672,4129,4543,581,285,296,16,10,6,118,63,55,24,12,12,7933,3759,4174
HIDALGO COUNTY,215,55 Years,8541,4130,4411,565,292,273,21,13,8,96,54,42,24,13,11,7835,3758,4077
HIDALGO COUNTY,215,56 Years,8426,4048,4378,601,317,284,19,11,8,111,59,52,30,16,14,7665,3645,4020
HIDALGO COUNTY,215,57 Years,8205,3849,4356,648,329,319,18,11,7,123,53,70,25,15,10,7391,3441,3950
HIDALGO COUNTY,215,58 Years,8127,3811,4316,678,336,342,32,21,11,100,46,54,23,11,12,7294,3397,3897
HIDALGO COUNTY,215,59 Years,7737,3614,4123,685,340,345,37,27,10,111,49,62,25,17,8,6879,3181,3698
HIDALGO COUNTY,215,60 Years,7607,3501,4106,706,351,355,32,20,12,122,48,74,26,13,13,6721,3069,3652
HIDALGO COUNTY,215,61 Years,7447,3434,4013,737,361,376,36,26,10,115,51,64,28,14,14,6531,2982,3549
HIDALGO COUNTY,215,62 Years,7218,3293,3925,726,346,380,33,20,13,114,44,70,29,15,14,6316,2868,3448
HIDALGO COUNTY,215,63 Years,7166,3241,3925,828,393,435,26,18,8,103,42,61,25,12,13,6184,2776,3408
HIDALGO COUNTY,215,64 Years,6746,3062,3684,892,427,465,14,10,4,92,42,50,19,7,12,5729,2576,3153
HIDALGO COUNTY,215,65 Years,6731,3061,3670,933,439,494,21,14,7,83,42,41,26,12,14,5668,2554,3114
HIDALGO COUNTY,215,66 Years,6413,2898,3515,967,451,516,20,13,7,81,39,42,28,15,13,5317,2380,2937
HIDALGO COUNTY,215,67 Years,6409,2892,3517,936,444,492,20,14,6,63,29,34,22,9,13,5368,2396,2972
HIDALGO COUNTY,215,68 Years,6438,2888,3550,978,466,512,23,15,8,69,33,36,24,14,10,5344,2360,2984
HIDALGO COUNTY,215,69 Years,6114,2788,3326,1028,489,539,18,11,7,55,28,27,19,12,7,4994,2248,2746
HIDALGO COUNTY,215,70 Years,5940,2735,3205,1135,569,566,12,7,5,61,30,31,17,11,6,4715,2118,2597
HIDALGO COUNTY,215,71 Years,5750,2636,3114,1127,549,578,18,12,6,50,21,29,24,12,12,4531,2042,2489
HIDALGO COUNTY,215,72 Years,5056,2321,2735,949,477,472,12,7,5,32,16,16,14,7,7,4049,1814,2235
HIDALGO COUNTY,215,73 Years,4776,2139,2637,996,486,510,12,9,3,32,13,19,14,8,6,3722,1623,2099
HIDALGO COUNTY,215,74 Years,4534,2054,2480,1048,514,534,10,6,4,21,10,11,14,7,7,3441,1517,1924
HIDALGO COUNTY,215,75 Years,4231,1908,2323,1097,545,552,8,4,4,22,12,10,13,7,6,3091,1340,1751
HIDALGO COUNTY,215,76 Years,3800,1711,2089,947,481,466,8,5,3,36,15,21,15,5,10,2794,1205,1589
HIDALGO COUNTY,215,77 Years,3529,1571,1958,900,456,444,7,4,3,31,16,15,13,5,8,2578,1090,1488
HIDALGO COUNTY,215,78 Years,3416,1535,1881,862,421,441,6,3,3,30,13,17,10,4,6,2508,1094,1414
HIDALGO COUNTY,215,79 Years,3068,1372,1696,818,391,427,6,4,2,25,10,15,9,3,6,2210,964,1246
HIDALGO COUNTY,215,80 Years,2873,1238,1635,728,347,381,7,4,3,25,10,15,11,7,4,2102,870,1232
HIDALGO COUNTY,215,81 Years,2668,1142,1526,692,338,354,5,2,3,24,8,16,15,6,9,1932,788,1144
HIDALGO COUNTY,215,82 Years,2448,1037,1411,631,316,315,8,1,7,24,9,15,12,6,6,1773,705,1068
HIDALGO COUNTY,215,83 Years,2269,957,1312,556,280,276,4,0,4,23,8,15,10,5,5,1676,664,1012
HIDALGO COUNTY,215,84 Years,1971,854,1117,486,248,238,2,1,1,17,5,12,12,4,8,1454,596,858
HIDALGO COUNTY,215,85 Years,1701,716,985,443,216,227,4,3,1,15,6,9,12,4,8,1227,487,740
HIDALGO COUNTY,215,86 Years,1546,651,895,413,195,218,4,3,1,10,4,6,7,3,4,1112,446,666
HIDALGO COUNTY,215,87 Years,1436,593,843,358,169,189,5,3,2,10,3,7,5,1,4,1058,417,641
HIDALGO COUNTY,215,88 Years,1262,524,738,307,152,155,3,3,0,11,5,6,4,2,2,937,362,575
HIDALGO COUNTY,215,89 Years,1056,418,638,250,116,134,5,2,3,8,2,6,3,2,1,790,296,494
HIDALGO COUNTY,215,90 Years,907,353,554,203,95,108,3,2,1,5,1,4,4,2,2,692,253,439
HIDALGO COUNTY,215,91 Years,751,288,463,165,73,92,2,1,1,7,2,5,3,1,2,574,211,363
HIDALGO COUNTY,215,92 Years,619,232,387,131,59,72,1,1,0,5,0,5,3,1,2,479,171,308
HIDALGO COUNTY,215,93 Years,482,175,307,99,43,56,2,1,1,2,2,0,4,1,3,375,128,247
HIDALGO COUNTY,215,94 Years,365,143,222,71,31,40,1,0,1,4,2,2,2,1,1,287,109,178
HIDALGO COUNTY,215,95 Years +,889,325,564,153,63,90,4,1,3,7,4,3,3,1,2,722,256,466
HILL COUNTY,217,All Ages,36354,18043,18311,25236,12390,12846,2281,1104,1177,124,49,75,832,414,418,7881,4086,3795
HILL COUNTY,217,< 1 Year,462,245,217,254,141,113,21,9,12,4,2,2,42,29,13,141,64,77
HILL COUNTY,217,1 Years,474,249,225,263,144,119,20,9,11,3,2,1,32,21,11,156,73,83
HILL COUNTY,217,2 Years,468,254,214,246,141,105,23,11,12,3,2,1,35,20,15,161,80,81
HILL COUNTY,217,3 Years,481,256,225,253,144,109,24,11,13,3,1,2,28,14,14,173,86,87
HILL COUNTY,217,4 Years,474,250,224,246,136,110,23,11,12,4,1,3,33,17,16,168,85,83
HILL COUNTY,217,5 Years,483,259,224,253,139,114,24,12,12,3,1,2,34,16,18,169,91,78
HILL COUNTY,217,6 Years,491,263,228,258,138,120,22,14,8,1,0,1,30,16,14,180,95,85
HILL COUNTY,217,7 Years,510,267,243,272,144,128,25,14,11,1,0,1,24,10,14,188,99,89
HILL COUNTY,217,8 Years,531,280,251,286,139,147,24,16,8,0,0,0,21,10,11,200,115,85
HILL COUNTY,217,9 Years,456,211,245,245,111,134,31,17,14,0,0,0,19,8,11,161,75,86
HILL COUNTY,217,10 Years,481,228,253,267,133,134,27,14,13,0,0,0,15,5,10,172,76,96
HILL COUNTY,217,11 Years,483,231,252,275,130,145,30,15,15,0,0,0,12,8,4,166,78,88
HILL COUNTY,217,12 Years,476,234,242,281,144,137,31,15,16,0,0,0,14,7,7,150,68,82
HILL COUNTY,217,13 Years,481,258,223,268,144,124,38,20,18,0,0,0,16,9,7,159,85,74
HILL COUNTY,217,14 Years,466,248,218,260,138,122,24,8,16,0,0,0,16,11,5,166,91,75
HILL COUNTY,217,15 Years,455,225,230,254,127,127,24,8,16,0,0,0,13,7,6,164,83,81
HILL COUNTY,217,16 Years,494,253,241,271,130,141,37,18,19,0,0,0,15,9,6,171,96,75
HILL COUNTY,217,17 Years,488,253,235,262,135,127,47,20,27,2,0,2,11,6,5,166,92,74
HILL COUNTY,217,18 Years,445,241,204,249,134,115,38,24,14,1,1,0,9,5,4,148,77,71
HILL COUNTY,217,19 Years,384,210,174,222,119,103,31,20,11,2,2,0,10,4,6,119,65,54
HILL COUNTY,217,20 Years,378,191,187,217,109,108,29,14,15,1,1,0,12,8,4,119,59,60
HILL COUNTY,217,21 Years,398,202,196,232,121,111,41,18,23,1,1,0,12,7,5,112,55,57
HILL COUNTY,217,22 Years,397,213,184,223,120,103,48,22,26,1,1,0,13,7,6,112,63,49
HILL COUNTY,217,23 Years,369,192,177,213,110,103,36,19,17,2,2,0,8,3,5,110,58,52
HILL COUNTY,217,24 Years,375,201,174,221,123,98,31,16,15,2,1,1,9,4,5,112,57,55
HILL COUNTY,217,25 Years,389,191,198,236,121,115,42,17,25,1,1,0,9,4,5,101,48,53
HILL COUNTY,217,26 Years,425,230,195,262,143,119,48,27,21,3,2,1,5,3,2,107,55,52
HILL COUNTY,217,27 Years,499,242,257,311,148,163,48,25,23,2,1,1,8,6,2,130,62,68
HILL COUNTY,217,28 Years,477,200,277,302,130,172,50,18,32,4,3,1,7,4,3,114,45,69
HILL COUNTY,217,29 Years,412,197,215,267,124,143,33,18,15,2,1,1,10,4,6,100,50,50
HILL COUNTY,217,30 Years,429,203,226,269,126,143,39,23,16,2,1,1,10,3,7,109,50,59
HILL COUNTY,217,31 Years,425,213,212,272,133,139,36,20,16,1,0,1,6,4,2,110,56,54
HILL COUNTY,217,32 Years,437,218,219,295,138,157,27,15,12,1,1,0,8,6,2,106,58,48
HILL COUNTY,217,33 Years,399,201,198,272,134,138,20,10,10,0,0,0,5,2,3,102,55,47
HILL COUNTY,217,34 Years,389,184,205,253,119,134,24,8,16,0,0,0,4,1,3,108,56,52
HILL COUNTY,217,35 Years,389,187,202,259,116,143,24,12,12,2,1,1,5,4,1,99,54,45
HILL COUNTY,217,36 Years,376,188,188,253,122,131,19,13,6,2,1,1,5,1,4,97,51,46
HILL COUNTY,217,37 Years,418,213,205,276,136,140,22,11,11,1,0,1,7,3,4,112,63,49
HILL COUNTY,217,38 Years,410,202,208,262,132,130,32,10,22,1,0,1,7,3,4,108,57,51
HILL COUNTY,217,39 Years,363,180,183,245,118,127,27,17,10,1,1,0,6,3,3,84,41,43
HILL COUNTY,217,40 Years,359,182,177,232,124,108,24,11,13,1,0,1,5,1,4,97,46,51
HILL COUNTY,217,41 Years,369,187,182,250,135,115,23,9,14,2,0,2,5,2,3,89,41,48
HILL COUNTY,217,42 Years,351,161,190,242,111,131,21,7,14,0,0,0,5,0,5,83,43,40
HILL COUNTY,217,43 Years,365,170,195,267,127,140,24,9,15,1,0,1,5,3,2,68,31,37
HILL COUNTY,217,44 Years,356,173,183,229,108,121,23,11,12,2,0,2,8,3,5,94,51,43
HILL COUNTY,217,45 Years,364,173,191,242,115,127,25,13,12,2,1,1,5,2,3,90,42,48
HILL COUNTY,217,46 Years,396,183,213,270,123,147,22,11,11,3,0,3,2,2,0,99,47,52
HILL COUNTY,217,47 Years,417,212,205,283,137,146,30,16,14,4,1,3,5,3,2,95,55,40
HILL COUNTY,217,48 Years,436,218,218,309,151,158,26,12,14,2,1,1,9,5,4,90,49,41
HILL COUNTY,217,49 Years,429,210,219,311,145,166,28,14,14,1,0,1,4,2,2,85,49,36
HILL COUNTY,217,50 Years,439,228,211,310,160,150,39,17,22,1,0,1,9,4,5,80,47,33
HILL COUNTY,217,51 Years,394,210,184,280,144,136,30,14,16,0,0,0,7,3,4,77,49,28
HILL COUNTY,217,52 Years,447,233,214,327,174,153,29,14,15,2,0,2,4,1,3,85,44,41
HILL COUNTY,217,53 Years,458,224,234,332,161,171,33,17,16,2,1,1,6,3,3,85,42,43
HILL COUNTY,217,54 Years,456,234,222,343,169,174,33,17,16,1,1,0,5,2,3,74,45,29
HILL COUNTY,217,55 Years,488,248,240,375,186,189,30,12,18,1,1,0,3,1,2,79,48,31
HILL COUNTY,217,56 Years,507,246,261,397,184,213,27,11,16,2,1,1,2,0,2,79,50,29
HILL COUNTY,217,57 Years,522,236,286,404,180,224,31,12,19,2,1,1,9,3,6,76,40,36
HILL COUNTY,217,58 Years,531,270,261,418,218,200,36,15,21,2,1,1,5,1,4,70,35,35
HILL COUNTY,217,59 Years,479,231,248,385,185,200,31,10,21,2,1,1,6,2,4,55,33,22
HILL COUNTY,217,60 Years,488,239,249,396,191,205,31,14,17,1,1,0,5,2,3,55,31,24
HILL COUNTY,217,61 Years,496,244,252,400,196,204,27,13,14,2,1,1,8,2,6,59,32,27
HILL COUNTY,217,62 Years,462,217,245,381,171,210,23,10,13,2,1,1,6,3,3,50,32,18
HILL COUNTY,217,63 Years,503,245,258,425,205,220,26,13,13,1,0,1,6,1,5,45,26,19
HILL COUNTY,217,64 Years,497,246,251,424,213,211,24,11,13,2,0,2,4,1,3,43,21,22
HILL COUNTY,217,65 Years,452,229,223,389,199,190,19,10,9,2,0,2,7,1,6,35,19,16
HILL COUNTY,217,66 Years,448,218,230,388,189,199,25,12,13,3,0,3,6,1,5,26,16,10
HILL COUNTY,217,67 Years,449,212,237,371,176,195,28,11,17,3,1,2,3,0,3,44,24,20
HILL COUNTY,217,68 Years,491,236,255,412,198,214,27,12,15,3,0,3,4,2,2,45,24,21
HILL COUNTY,217,69 Years,462,210,252,392,173,219,20,11,9,2,0,2,5,3,2,43,23,20
HILL COUNTY,217,70 Years,454,218,236,398,188,210,15,9,6,1,0,1,7,3,4,33,18,15
HILL COUNTY,217,71 Years,478,231,247,421,195,226,13,8,5,1,1,0,9,6,3,34,21,13
HILL COUNTY,217,72 Years,371,192,179,320,163,157,13,8,5,1,0,1,5,3,2,32,18,14
HILL COUNTY,217,73 Years,377,180,197,328,154,174,14,8,6,1,0,1,5,3,2,29,15,14
HILL COUNTY,217,74 Years,376,191,185,335,170,165,12,6,6,0,0,0,6,2,4,23,13,10
HILL COUNTY,217,75 Years,360,185,175,327,166,161,12,6,6,0,0,0,4,2,2,17,11,6
HILL COUNTY,217,76 Years,311,168,143,273,148,125,13,7,6,3,1,2,5,3,2,17,9,8
HILL COUNTY,217,77 Years,290,156,134,255,136,119,13,8,5,2,1,1,3,3,0,17,8,9
HILL COUNTY,217,78 Years,277,133,144,239,117,122,13,7,6,1,0,1,5,2,3,19,7,12
HILL COUNTY,217,79 Years,242,124,118,213,112,101,9,3,6,1,0,1,5,3,2,14,6,8
HILL COUNTY,217,80 Years,234,119,115,209,107,102,10,5,5,1,0,1,2,1,1,12,6,6
HILL COUNTY,217,81 Years,201,97,104,179,87,92,8,3,5,1,1,0,2,1,1,11,5,6
HILL COUNTY,217,82 Years,161,79,82,140,67,73,8,4,4,0,0,0,5,2,3,8,6,2
HILL COUNTY,217,83 Years,169,74,95,148,63,85,8,5,3,0,0,0,3,0,3,10,6,4
HILL COUNTY,217,84 Years,169,69,100,147,59,88,8,4,4,0,0,0,2,1,1,12,5,7
HILL COUNTY,217,85 Years,137,58,79,122,51,71,5,2,3,0,0,0,2,2,0,8,3,5
HILL COUNTY,217,86 Years,128,51,77,111,41,70,7,4,3,0,0,0,3,2,1,7,4,3
HILL COUNTY,217,87 Years,116,46,70,102,39,63,7,4,3,0,0,0,1,1,0,6,2,4
HILL COUNTY,217,88 Years,109,43,66,89,34,55,9,4,5,0,0,0,2,1,1,9,4,5
HILL COUNTY,217,89 Years,93,37,56,77,29,48,6,3,3,0,0,0,3,1,2,7,4,3
HILL COUNTY,217,90 Years,76,27,49,62,20,42,4,2,2,0,0,0,1,1,0,9,4,5
HILL COUNTY,217,91 Years,66,21,45,54,18,36,5,2,3,0,0,0,1,0,1,6,1,5
HILL COUNTY,217,92 Years,50,17,33,43,13,30,1,1,0,0,0,0,1,0,1,5,3,2
HILL COUNTY,217,93 Years,41,13,28,35,11,24,4,1,3,0,0,0,1,0,1,1,1,0
HILL COUNTY,217,94 Years,32,7,25,29,7,22,2,0,2,0,0,0,0,0,0,1,0,1
HILL COUNTY,217,95 Years +,88,19,69,71,13,58,7,2,5,0,0,0,1,0,1,9,4,5
HOCKLEY COUNTY,219,All Ages,23318,11545,11773,10536,5092,5444,903,440,463,67,34,33,348,177,171,11464,5802,5662
HOCKLEY COUNTY,219,< 1 Year,351,181,170,110,57,53,19,14,5,1,1,0,11,6,5,210,103,107
HOCKLEY COUNTY,219,1 Years,332,173,159,100,50,50,16,10,6,1,1,0,9,4,5,206,108,98
HOCKLEY COUNTY,219,2 Years,341,174,167,104,49,55,15,9,6,1,1,0,6,4,2,215,111,104
HOCKLEY COUNTY,219,3 Years,342,175,167,105,50,55,16,3,13,3,2,1,6,2,4,212,118,94
HOCKLEY COUNTY,219,4 Years,359,185,174,114,62,52,17,5,12,2,1,1,11,4,7,215,113,102
HOCKLEY COUNTY,219,5 Years,369,197,172,113,63,50,22,8,14,2,1,1,10,4,6,222,121,101
HOCKLEY COUNTY,219,6 Years,367,201,166,110,62,48,21,12,9,0,0,0,9,5,4,227,122,105
HOCKLEY COUNTY,219,7 Years,377,198,179,110,61,49,21,10,11,0,0,0,10,7,3,236,120,116
HOCKLEY COUNTY,219,8 Years,352,181,171,106,63,43,20,9,11,1,1,0,12,6,6,213,102,111
HOCKLEY COUNTY,219,9 Years,321,160,161,110,61,49,11,5,6,1,1,0,5,2,3,194,91,103
HOCKLEY COUNTY,219,10 Years,342,165,177,124,59,65,11,3,8,0,0,0,8,5,3,199,98,101
HOCKLEY COUNTY,219,11 Years,328,165,163,111,56,55,13,5,8,0,0,0,8,4,4,196,100,96
HOCKLEY COUNTY,219,12 Years,332,168,164,114,63,51,8,2,6,0,0,0,8,4,4,202,99,103
HOCKLEY COUNTY,219,13 Years,326,164,162,119,61,58,9,3,6,0,0,0,6,3,3,192,97,95
HOCKLEY COUNTY,219,14 Years,323,155,168,105,49,56,13,8,5,1,0,1,3,2,1,201,96,105
HOCKLEY COUNTY,219,15 Years,334,163,171,114,47,67,12,5,7,0,0,0,3,1,2,205,110,95
HOCKLEY COUNTY,219,16 Years,329,164,165,127,55,72,10,5,5,0,0,0,5,4,1,187,100,87
HOCKLEY COUNTY,219,17 Years,338,171,167,123,58,65,11,6,5,0,0,0,4,2,2,200,105,95
HOCKLEY COUNTY,219,18 Years,487,252,235,188,107,81,36,15,21,0,0,0,3,3,0,260,127,133
HOCKLEY COUNTY,219,19 Years,493,262,231,176,96,80,55,27,28,1,1,0,6,3,3,255,135,120
HOCKLEY COUNTY,219,20 Years,425,229,196,162,90,72,36,20,16,1,0,1,4,2,2,222,117,105
HOCKLEY COUNTY,219,21 Years,385,198,187,145,78,67,28,17,11,0,0,0,6,2,4,206,101,105
HOCKLEY COUNTY,219,22 Years,274,131,143,88,43,45,6,3,3,0,0,0,8,2,6,172,83,89
HOCKLEY COUNTY,219,23 Years,324,171,153,105,51,54,13,8,5,3,3,0,4,2,2,199,107,92
HOCKLEY COUNTY,219,24 Years,310,170,140,122,67,55,10,6,4,1,1,0,5,3,2,172,93,79
HOCKLEY COUNTY,219,25 Years,347,190,157,134,73,61,9,7,2,0,0,0,5,3,2,199,107,92
HOCKLEY COUNTY,219,26 Years,348,185,163,136,70,66,8,5,3,0,0,0,5,2,3,199,108,91
HOCKLEY COUNTY,219,27 Years,384,192,192,152,74,78,12,7,5,2,1,1,5,2,3,213,108,105
HOCKLEY COUNTY,219,28 Years,377,187,190,157,77,80,12,8,4,2,2,0,7,3,4,199,97,102
HOCKLEY COUNTY,219,29 Years,290,154,136,122,62,60,7,5,2,1,1,0,5,3,2,155,83,72
HOCKLEY COUNTY,219,30 Years,290,144,146,118,56,62,11,7,4,0,0,0,3,3,0,158,78,80
HOCKLEY COUNTY,219,31 Years,309,151,158,140,64,76,11,8,3,1,1,0,4,3,1,153,75,78
HOCKLEY COUNTY,219,32 Years,326,163,163,132,64,68,11,7,4,0,0,0,3,0,3,180,92,88
HOCKLEY COUNTY,219,33 Years,299,149,150,125,67,58,6,2,4,3,0,3,1,0,1,164,80,84
HOCKLEY COUNTY,219,34 Years,312,159,153,119,58,61,12,6,6,1,0,1,2,2,0,178,93,85
HOCKLEY COUNTY,219,35 Years,305,156,149,117,55,62,14,8,6,2,0,2,1,1,0,171,92,79
HOCKLEY COUNTY,219,36 Years,293,150,143,120,58,62,7,4,3,1,0,1,2,1,1,163,87,76
HOCKLEY COUNTY,219,37 Years,283,142,141,123,60,63,5,3,2,1,0,1,5,1,4,149,78,71
HOCKLEY COUNTY,219,38 Years,302,158,144,120,59,61,10,5,5,2,0,2,6,2,4,164,92,72
HOCKLEY COUNTY,219,39 Years,280,137,143,124,59,65,7,4,3,3,2,1,3,2,1,143,70,73
HOCKLEY COUNTY,219,40 Years,251,127,124,109,54,55,7,4,3,1,0,1,2,1,1,132,68,64
HOCKLEY COUNTY,219,41 Years,238,116,122,107,49,58,6,2,4,2,1,1,2,2,0,121,62,59
HOCKLEY COUNTY,219,42 Years,243,122,121,114,57,57,6,2,4,1,0,1,4,3,1,118,60,58
HOCKLEY COUNTY,219,43 Years,236,127,109,119,60,59,5,4,1,1,0,1,4,3,1,107,60,47
HOCKLEY COUNTY,219,44 Years,211,104,107,107,51,56,5,4,1,1,0,1,1,1,0,97,48,49
HOCKLEY COUNTY,219,45 Years,227,105,122,99,44,55,5,1,4,2,2,0,3,2,1,118,56,62
HOCKLEY COUNTY,219,46 Years,254,121,133,133,61,72,3,0,3,0,0,0,3,2,1,115,58,57
HOCKLEY COUNTY,219,47 Years,243,110,133,121,53,68,4,2,2,1,1,0,2,1,1,115,53,62
HOCKLEY COUNTY,219,48 Years,245,116,129,124,62,62,7,2,5,2,1,1,2,1,1,110,50,60
HOCKLEY COUNTY,219,49 Years,228,110,118,123,59,64,4,0,4,2,1,1,1,0,1,98,50,48
HOCKLEY COUNTY,219,50 Years,233,108,125,109,49,60,9,3,6,2,1,1,3,2,1,110,53,57
HOCKLEY COUNTY,219,51 Years,212,96,116,105,45,60,5,3,2,2,1,1,3,2,1,97,45,52
HOCKLEY COUNTY,219,52 Years,237,118,119,121,58,63,9,6,3,1,0,1,4,1,3,102,53,49
HOCKLEY COUNTY,219,53 Years,275,138,137,131,62,69,12,6,6,1,1,0,4,2,2,127,67,60
HOCKLEY COUNTY,219,54 Years,257,124,133,125,61,64,8,4,4,0,0,0,3,0,3,121,59,62
HOCKLEY COUNTY,219,55 Years,268,129,139,131,59,72,9,4,5,1,0,1,2,1,1,125,65,60
HOCKLEY COUNTY,219,56 Years,275,141,134,146,69,77,13,6,7,1,1,0,3,2,1,112,63,49
HOCKLEY COUNTY,219,57 Years,276,114,162,154,68,86,12,4,8,0,0,0,3,1,2,107,41,66
HOCKLEY COUNTY,219,58 Years,267,127,140,159,77,82,10,5,5,0,0,0,2,1,1,96,44,52
HOCKLEY COUNTY,219,59 Years,254,136,118,143,71,72,6,3,3,1,1,0,3,2,1,101,59,42
HOCKLEY COUNTY,219,60 Years,258,131,127,150,71,79,10,3,7,0,0,0,2,1,1,96,56,40
HOCKLEY COUNTY,219,61 Years,239,118,121,132,64,68,14,6,8,0,0,0,3,1,2,90,47,43
HOCKLEY COUNTY,219,62 Years,276,147,129,164,85,79,14,6,8,2,1,1,2,1,1,94,54,40
HOCKLEY COUNTY,219,63 Years,243,129,114,151,77,74,9,5,4,1,0,1,1,0,1,81,47,34
HOCKLEY COUNTY,219,64 Years,244,120,124,147,68,79,9,4,5,0,0,0,3,1,2,85,47,38
HOCKLEY COUNTY,219,65 Years,257,128,129,167,81,86,9,5,4,0,0,0,4,2,2,77,40,37
HOCKLEY COUNTY,219,66 Years,236,119,117,161,79,82,7,3,4,0,0,0,3,2,1,65,35,30
HOCKLEY COUNTY,219,67 Years,222,109,113,143,72,71,8,2,6,1,0,1,2,1,1,68,34,34
HOCKLEY COUNTY,219,68 Years,200,106,94,127,71,56,6,2,4,0,0,0,3,2,1,64,31,33
HOCKLEY COUNTY,219,69 Years,200,93,107,131,66,65,6,2,4,1,1,0,3,1,2,59,23,36
HOCKLEY COUNTY,219,70 Years,194,86,108,126,52,74,4,3,1,0,0,0,4,1,3,60,30,30
HOCKLEY COUNTY,219,71 Years,182,80,102,119,53,66,2,2,0,0,0,0,4,2,2,57,23,34
HOCKLEY COUNTY,219,72 Years,170,75,95,112,52,60,2,1,1,0,0,0,4,2,2,52,20,32
HOCKLEY COUNTY,219,73 Years,156,73,83,97,46,51,4,1,3,0,0,0,2,2,0,53,24,29
HOCKLEY COUNTY,219,74 Years,151,72,79,104,52,52,3,0,3,0,0,0,2,2,0,42,18,24
HOCKLEY COUNTY,219,75 Years,160,68,92,121,52,69,2,1,1,0,0,0,3,1,2,34,14,20
HOCKLEY COUNTY,219,76 Years,139,55,84,99,38,61,3,2,1,1,0,1,2,1,1,34,14,20
HOCKLEY COUNTY,219,77 Years,122,50,72,89,33,56,4,2,2,0,0,0,2,2,0,27,13,14
HOCKLEY COUNTY,219,78 Years,113,48,65,80,35,45,3,1,2,0,0,0,2,2,0,28,10,18
HOCKLEY COUNTY,219,79 Years,98,38,60,68,23,45,4,4,0,0,0,0,1,0,1,25,11,14
HOCKLEY COUNTY,219,80 Years,106,36,70,76,24,52,1,1,0,1,0,1,0,0,0,28,11,17
HOCKLEY COUNTY,219,81 Years,108,44,64,79,30,49,7,4,3,0,0,0,3,1,2,19,9,10
HOCKLEY COUNTY,219,82 Years,104,39,65,73,28,45,6,2,4,0,0,0,4,2,2,21,7,14
HOCKLEY COUNTY,219,83 Years,94,35,59,62,23,39,5,2,3,0,0,0,2,1,1,25,9,16
HOCKLEY COUNTY,219,84 Years,76,31,45,53,23,30,2,1,1,0,0,0,1,0,1,20,7,13
HOCKLEY COUNTY,219,85 Years,69,27,42,49,22,27,0,0,0,0,0,0,1,0,1,19,5,14
HOCKLEY COUNTY,219,86 Years,59,22,37,37,17,20,3,0,3,0,0,0,0,0,0,19,5,14
HOCKLEY COUNTY,219,87 Years,54,19,35,38,15,23,4,1,3,0,0,0,0,0,0,12,3,9
HOCKLEY COUNTY,219,88 Years,47,17,30,31,12,19,3,2,1,0,0,0,2,0,2,11,3,8
HOCKLEY COUNTY,219,89 Years,41,16,25,27,11,16,1,1,0,0,0,0,0,0,0,13,4,9
HOCKLEY COUNTY,219,90 Years,36,12,24,21,7,14,3,1,2,0,0,0,1,1,0,11,3,8
HOCKLEY COUNTY,219,91 Years,34,14,20,22,10,12,4,0,4,0,0,0,1,1,0,7,3,4
HOCKLEY COUNTY,219,92 Years,26,8,18,17,5,12,1,0,1,0,0,0,0,0,0,8,3,5
HOCKLEY COUNTY,219,93 Years,21,7,14,14,5,9,1,0,1,0,0,0,0,0,0,6,2,4
HOCKLEY COUNTY,219,94 Years,11,4,7,7,2,5,0,0,0,0,0,0,0,0,0,4,2,2
HOCKLEY COUNTY,219,95 Years +,36,10,26,18,5,13,3,1,2,0,0,0,0,0,0,15,4,11
HOOD COUNTY,221,All Ages,60178,29510,30668,50951,24788,26163,260,160,100,335,136,199,996,485,511,7636,3941,3695
HOOD COUNTY,221,< 1 Year,593,294,299,457,231,226,3,1,2,2,1,1,16,4,12,115,57,58
HOOD COUNTY,221,1 Years,592,298,294,443,226,217,4,2,2,2,1,1,16,6,10,127,63,64
HOOD COUNTY,221,2 Years,641,336,305,476,255,221,3,1,2,4,2,2,20,9,11,138,69,69
HOOD COUNTY,221,3 Years,636,342,294,466,254,212,2,1,1,4,2,2,22,12,10,142,73,69
HOOD COUNTY,221,4 Years,645,348,297,478,263,215,1,1,0,3,1,2,20,10,10,143,73,70
HOOD COUNTY,221,5 Years,616,322,294,457,246,211,2,1,1,2,1,1,16,8,8,139,66,73
HOOD COUNTY,221,6 Years,617,316,301,463,247,216,3,2,1,2,1,1,12,8,4,137,58,79
HOOD COUNTY,221,7 Years,615,324,291,452,249,203,3,2,1,2,1,1,13,9,4,145,63,82
HOOD COUNTY,221,8 Years,619,316,303,448,242,206,0,0,0,2,0,2,15,9,6,154,65,89
HOOD COUNTY,221,9 Years,677,357,320,494,253,241,1,0,1,4,0,4,14,9,5,164,95,69
HOOD COUNTY,221,10 Years,746,365,381,549,273,276,2,1,1,6,2,4,14,4,10,175,85,90
HOOD COUNTY,221,11 Years,766,385,381,570,285,285,1,0,1,6,4,2,14,8,6,175,88,87
HOOD COUNTY,221,12 Years,739,400,339,547,299,248,4,2,2,5,1,4,17,9,8,166,89,77
HOOD COUNTY,221,13 Years,715,397,318,531,287,244,3,2,1,4,1,3,17,8,9,160,99,61
HOOD COUNTY,221,14 Years,704,359,345,523,255,268,1,0,1,5,3,2,10,5,5,165,96,69
HOOD COUNTY,221,15 Years,738,369,369,572,280,292,3,3,0,5,3,2,12,7,5,146,76,70
HOOD COUNTY,221,16 Years,675,346,329,524,272,252,7,3,4,2,1,1,15,7,8,127,63,64
HOOD COUNTY,221,17 Years,657,361,296,498,285,213,4,1,3,4,0,4,18,7,11,133,68,65
HOOD COUNTY,221,18 Years,660,344,316,511,275,236,3,1,2,3,1,2,15,9,6,128,58,70
HOOD COUNTY,221,19 Years,563,287,276,426,224,202,4,2,2,1,1,0,17,6,11,115,54,61
HOOD COUNTY,221,20 Years,535,266,269,408,202,206,5,4,1,3,2,1,17,8,9,102,50,52
HOOD COUNTY,221,21 Years,559,288,271,431,228,203,4,3,1,2,2,0,15,7,8,107,48,59
HOOD COUNTY,221,22 Years,562,302,260,431,239,192,5,3,2,3,2,1,19,9,10,104,49,55
HOOD COUNTY,221,23 Years,607,325,282,483,264,219,4,2,2,4,2,2,12,7,5,104,50,54
HOOD COUNTY,221,24 Years,663,335,328,533,267,266,10,5,5,4,2,2,14,10,4,102,51,51
HOOD COUNTY,221,25 Years,707,358,349,571,288,283,8,6,2,3,2,1,14,6,8,111,56,55
HOOD COUNTY,221,26 Years,731,360,371,581,281,300,4,3,1,3,0,3,16,8,8,127,68,59
HOOD COUNTY,221,27 Years,661,336,325,527,264,263,3,1,2,3,3,0,16,10,6,112,58,54
HOOD COUNTY,221,28 Years,686,344,342,539,257,282,3,1,2,3,3,0,8,4,4,133,79,54
HOOD COUNTY,221,29 Years,670,319,351,526,243,283,3,2,1,5,3,2,7,3,4,129,68,61
HOOD COUNTY,221,30 Years,688,337,351,527,249,278,3,2,1,3,2,1,8,2,6,147,82,65
HOOD COUNTY,221,31 Years,665,318,347,519,238,281,2,2,0,0,0,0,7,2,5,137,76,61
HOOD COUNTY,221,32 Years,595,305,290,454,221,233,3,2,1,4,2,2,10,4,6,124,76,48
HOOD COUNTY,221,33 Years,669,318,351,534,248,286,3,2,1,2,1,1,14,4,10,116,63,53
HOOD COUNTY,221,34 Years,680,322,358,541,254,287,2,2,0,4,3,1,7,2,5,126,61,65
HOOD COUNTY,221,35 Years,666,315,351,537,257,280,3,3,0,6,1,5,9,6,3,111,48,63
HOOD COUNTY,221,36 Years,666,334,332,550,282,268,2,1,1,5,1,4,7,4,3,102,46,56
HOOD COUNTY,221,37 Years,673,338,335,557,282,275,3,1,2,6,1,5,7,4,3,100,50,50
HOOD COUNTY,221,38 Years,632,324,308,508,257,251,1,0,1,5,0,5,6,3,3,112,64,48
HOOD COUNTY,221,39 Years,589,299,290,476,241,235,5,4,1,4,1,3,11,4,7,93,49,44
HOOD COUNTY,221,40 Years,577,315,262,473,257,216,3,3,0,1,0,1,8,4,4,92,51,41
HOOD COUNTY,221,41 Years,576,299,277,471,240,231,3,3,0,4,3,1,6,3,3,92,50,42
HOOD COUNTY,221,42 Years,554,256,298,453,197,256,4,4,0,5,4,1,5,4,1,87,47,40
HOOD COUNTY,221,43 Years,563,266,297,449,207,242,5,3,2,3,3,0,10,5,5,96,48,48
HOOD COUNTY,221,44 Years,564,297,267,471,246,225,2,2,0,2,1,1,5,1,4,84,47,37
HOOD COUNTY,221,45 Years,580,303,277,474,249,225,3,1,2,6,2,4,4,3,1,93,48,45
HOOD COUNTY,221,46 Years,651,303,348,554,255,299,3,1,2,9,3,6,10,5,5,75,39,36
HOOD COUNTY,221,47 Years,653,325,328,572,277,295,4,3,1,6,2,4,8,4,4,63,39,24
HOOD COUNTY,221,48 Years,689,342,347,586,283,303,3,3,0,6,3,3,8,4,4,86,49,37
HOOD COUNTY,221,49 Years,663,309,354,556,252,304,2,2,0,6,4,2,7,4,3,92,47,45
HOOD COUNTY,221,50 Years,632,301,331,528,247,281,1,0,1,3,2,1,7,3,4,93,49,44
HOOD COUNTY,221,51 Years,680,314,366,572,261,311,4,1,3,3,2,1,8,3,5,93,47,46
HOOD COUNTY,221,52 Years,692,340,352,583,290,293,2,0,2,7,3,4,9,3,6,91,44,47
HOOD COUNTY,221,53 Years,774,373,401,659,321,338,3,3,0,7,1,6,12,5,7,93,43,50
HOOD COUNTY,221,54 Years,780,377,403,688,330,358,2,2,0,4,1,3,10,5,5,76,39,37
HOOD COUNTY,221,55 Years,831,394,437,723,344,379,3,3,0,6,1,5,12,7,5,87,39,48
HOOD COUNTY,221,56 Years,852,421,431,750,362,388,3,3,0,10,4,6,19,12,7,70,40,30
HOOD COUNTY,221,57 Years,879,444,435,788,386,402,4,3,1,6,4,2,15,9,6,66,42,24
HOOD COUNTY,221,58 Years,949,447,502,847,396,451,5,1,4,5,3,2,19,9,10,73,38,35
HOOD COUNTY,221,59 Years,934,424,510,842,382,460,2,1,1,4,1,3,17,8,9,69,32,37
HOOD COUNTY,221,60 Years,919,454,465,822,405,417,3,2,1,5,1,4,12,7,5,77,39,38
HOOD COUNTY,221,61 Years,922,437,485,835,389,446,3,2,1,7,0,7,15,7,8,62,39,23
HOOD COUNTY,221,62 Years,970,452,518,868,397,471,7,5,2,8,2,6,17,9,8,70,39,31
HOOD COUNTY,221,63 Years,967,480,487,865,426,439,3,2,1,6,2,4,19,10,9,74,40,34
HOOD COUNTY,221,64 Years,960,489,471,888,458,430,3,2,1,4,1,3,16,9,7,49,19,30
HOOD COUNTY,221,65 Years,950,405,545,888,382,506,5,2,3,5,2,3,15,7,8,37,12,25
HOOD COUNTY,221,66 Years,876,406,470,832,387,445,1,0,1,6,1,5,11,4,7,26,14,12
HOOD COUNTY,221,67 Years,828,394,434,774,362,412,4,2,2,3,1,2,13,5,8,34,24,10
HOOD COUNTY,221,68 Years,890,416,474,837,391,446,5,3,2,6,2,4,9,3,6,33,17,16
HOOD COUNTY,221,69 Years,874,391,483,827,373,454,3,2,1,3,1,2,13,5,8,28,10,18
HOOD COUNTY,221,70 Years,875,415,460,833,395,438,6,4,2,2,1,1,10,4,6,24,11,13
HOOD COUNTY,221,71 Years,887,446,441,851,426,425,5,4,1,3,0,3,7,4,3,21,12,9
HOOD COUNTY,221,72 Years,746,351,395,705,330,375,4,2,2,4,1,3,9,6,3,24,12,12
HOOD COUNTY,221,73 Years,756,344,412,711,324,387,1,0,1,4,1,3,13,6,7,27,13,14
HOOD COUNTY,221,74 Years,752,376,376,716,358,358,2,1,1,4,2,2,10,6,4,20,9,11
HOOD COUNTY,221,75 Years,690,335,355,659,319,340,2,1,1,3,1,2,5,3,2,21,11,10
HOOD COUNTY,221,76 Years,626,297,329,597,277,320,2,1,1,3,2,1,6,4,2,18,13,5
HOOD COUNTY,221,77 Years,597,285,312,568,267,301,2,1,1,4,2,2,7,3,4,16,12,4
HOOD COUNTY,221,78 Years,535,262,273,517,250,267,2,2,0,1,1,0,6,3,3,9,6,3
HOOD COUNTY,221,79 Years,519,263,256,499,249,250,1,1,0,1,0,1,6,3,3,12,10,2
HOOD COUNTY,221,80 Years,462,234,228,446,224,222,0,0,0,2,1,1,5,3,2,9,6,3
HOOD COUNTY,221,81 Years,423,202,221,411,194,217,1,1,0,0,0,0,3,2,1,8,5,3
HOOD COUNTY,221,82 Years,423,196,227,408,187,221,0,0,0,1,0,1,6,3,3,8,6,2
HOOD COUNTY,221,83 Years,377,171,206,366,165,201,0,0,0,0,0,0,4,1,3,7,5,2
HOOD COUNTY,221,84 Years,322,148,174,313,144,169,0,0,0,1,1,0,4,1,3,4,2,2
HOOD COUNTY,221,85 Years,281,123,158,274,119,155,0,0,0,1,1,0,1,1,0,5,2,3
HOOD COUNTY,221,86 Years,248,105,143,240,103,137,0,0,0,1,0,1,2,0,2,5,2,3
HOOD COUNTY,221,87 Years,228,96,132,219,93,126,1,0,1,0,0,0,3,0,3,5,3,2
HOOD COUNTY,221,88 Years,213,87,126,205,82,123,0,0,0,1,1,0,3,1,2,4,3,1
HOOD COUNTY,221,89 Years,193,80,113,186,77,109,0,0,0,0,0,0,2,0,2,5,3,2
HOOD COUNTY,221,90 Years,137,51,86,131,49,82,0,0,0,0,0,0,2,0,2,4,2,2
HOOD COUNTY,221,91 Years,127,42,85,117,37,80,1,1,0,1,0,1,0,0,0,8,4,4
HOOD COUNTY,221,92 Years,107,35,72,100,31,69,1,1,0,1,1,0,0,0,0,5,2,3
HOOD COUNTY,221,93 Years,81,23,58,75,21,54,0,0,0,0,0,0,1,0,1,5,2,3
HOOD COUNTY,221,94 Years,65,19,46,60,16,44,1,1,0,0,0,0,2,1,1,2,1,1
HOOD COUNTY,221,95 Years +,161,41,120,151,36,115,0,0,0,1,0,1,3,2,1,6,3,3
HOPKINS COUNTY,223,All Ages,36968,18125,18843,27051,13022,14029,2620,1278,1342,205,100,105,878,421,457,6214,3304,2910
HOPKINS COUNTY,223,< 1 Year,424,206,218,257,124,133,32,20,12,4,1,3,31,10,21,100,51,49
HOPKINS COUNTY,223,1 Years,448,220,228,276,136,140,28,17,11,4,1,3,31,10,21,109,56,53
HOPKINS COUNTY,223,2 Years,446,222,224,271,135,136,32,18,14,4,2,2,22,9,13,117,58,59
HOPKINS COUNTY,223,3 Years,470,243,227,295,153,142,27,12,15,3,2,1,21,10,11,124,66,58
HOPKINS COUNTY,223,4 Years,451,235,216,283,145,138,27,12,15,3,2,1,23,15,8,115,61,54
HOPKINS COUNTY,223,5 Years,459,235,224,295,154,141,27,10,17,3,1,2,26,17,9,108,53,55
HOPKINS COUNTY,223,6 Years,468,239,229,294,152,142,28,11,17,4,2,2,28,19,9,114,55,59
HOPKINS COUNTY,223,7 Years,496,255,241,313,160,153,30,13,17,2,1,1,24,15,9,127,66,61
HOPKINS COUNTY,223,8 Years,497,264,233,313,170,143,28,18,10,2,1,1,25,13,12,129,62,67
HOPKINS COUNTY,223,9 Years,513,278,235,294,164,130,40,22,18,1,1,0,26,10,16,152,81,71
HOPKINS COUNTY,223,10 Years,497,265,232,296,162,134,30,16,14,3,1,2,26,13,13,142,73,69
HOPKINS COUNTY,223,11 Years,520,270,250,309,150,159,29,13,16,2,1,1,23,11,12,157,95,62
HOPKINS COUNTY,223,12 Years,514,256,258,306,153,153,34,18,16,2,1,1,25,8,17,147,76,71
HOPKINS COUNTY,223,13 Years,487,249,238,288,144,144,39,20,19,2,1,1,28,14,14,130,70,60
HOPKINS COUNTY,223,14 Years,519,281,238,313,169,144,38,20,18,3,2,1,23,11,12,142,79,63
HOPKINS COUNTY,223,15 Years,502,250,252,309,146,163,33,21,12,2,1,1,22,9,13,136,73,63
HOPKINS COUNTY,223,16 Years,493,251,242,310,155,155,30,19,11,2,1,1,18,8,10,133,68,65
HOPKINS COUNTY,223,17 Years,513,281,232,322,181,141,41,26,15,2,1,1,15,7,8,133,66,67
HOPKINS COUNTY,223,18 Years,452,257,195,276,150,126,38,24,14,4,4,0,17,9,8,117,70,47
HOPKINS COUNTY,223,19 Years,414,218,196,247,123,124,33,20,13,4,4,0,13,8,5,117,63,54
HOPKINS COUNTY,223,20 Years,386,187,199,232,114,118,32,13,19,2,1,1,12,7,5,108,52,56
HOPKINS COUNTY,223,21 Years,389,203,186,238,130,108,40,19,21,0,0,0,12,3,9,99,51,48
HOPKINS COUNTY,223,22 Years,411,206,205,253,136,117,41,18,23,0,0,0,14,5,9,103,47,56
HOPKINS COUNTY,223,23 Years,434,209,225,273,138,135,36,14,22,5,1,4,7,4,3,113,52,61
HOPKINS COUNTY,223,24 Years,471,235,236,296,141,155,39,20,19,3,1,2,16,12,4,117,61,56
HOPKINS COUNTY,223,25 Years,474,234,240,315,156,159,39,20,19,2,1,1,13,5,8,105,52,53
HOPKINS COUNTY,223,26 Years,481,233,248,317,144,173,50,27,23,5,3,2,11,4,7,98,55,43
HOPKINS COUNTY,223,27 Years,488,238,250,348,158,190,40,22,18,3,3,0,6,3,3,91,52,39
HOPKINS COUNTY,223,28 Years,450,218,232,319,148,171,36,17,19,2,2,0,4,3,1,89,48,41
HOPKINS COUNTY,223,29 Years,436,222,214,317,158,159,24,12,12,1,1,0,4,3,1,90,48,42
HOPKINS COUNTY,223,30 Years,495,242,253,371,169,202,21,11,10,2,2,0,5,3,2,96,57,39
HOPKINS COUNTY,223,31 Years,484,228,256,365,167,198,22,13,9,3,2,1,5,2,3,89,44,45
HOPKINS COUNTY,223,32 Years,477,246,231,358,178,180,25,14,11,1,1,0,14,5,9,79,48,31
HOPKINS COUNTY,223,33 Years,457,230,227,329,158,171,27,14,13,2,2,0,7,3,4,92,53,39
HOPKINS COUNTY,223,34 Years,422,208,214,303,151,152,32,14,18,0,0,0,6,3,3,81,40,41
HOPKINS COUNTY,223,35 Years,437,210,227,318,152,166,30,15,15,2,2,0,8,2,6,79,39,40
HOPKINS COUNTY,223,36 Years,412,212,200,307,148,159,27,15,12,2,2,0,4,3,1,72,44,28
HOPKINS COUNTY,223,37 Years,417,209,208,297,145,152,33,19,14,6,2,4,4,2,2,77,41,36
HOPKINS COUNTY,223,38 Years,426,219,207,301,157,144,30,15,15,4,2,2,8,5,3,83,40,43
HOPKINS COUNTY,223,39 Years,395,186,209,291,137,154,26,11,15,3,1,2,5,3,2,70,34,36
HOPKINS COUNTY,223,40 Years,395,195,200,285,143,142,26,14,12,3,2,1,7,2,5,74,34,40
HOPKINS COUNTY,223,41 Years,398,198,200,283,138,145,24,13,11,1,1,0,8,5,3,82,41,41
HOPKINS COUNTY,223,42 Years,402,190,212,277,138,139,28,10,18,1,0,1,8,6,2,88,36,52
HOPKINS COUNTY,223,43 Years,414,192,222,303,146,157,26,6,20,3,3,0,4,2,2,78,35,43
HOPKINS COUNTY,223,44 Years,440,198,242,315,144,171,28,11,17,2,1,1,3,1,2,92,41,51
HOPKINS COUNTY,223,45 Years,408,194,214,302,143,159,29,16,13,2,0,2,4,2,2,71,33,38
HOPKINS COUNTY,223,46 Years,448,216,232,341,163,178,33,15,18,1,0,1,7,2,5,66,36,30
HOPKINS COUNTY,223,47 Years,447,218,229,342,165,177,38,19,19,0,0,0,9,3,6,58,31,27
HOPKINS COUNTY,223,48 Years,432,212,220,335,159,176,25,12,13,3,2,1,8,4,4,61,35,26
HOPKINS COUNTY,223,49 Years,452,218,234,339,152,187,33,13,20,4,2,2,8,4,4,68,47,21
HOPKINS COUNTY,223,50 Years,458,214,244,352,155,197,33,15,18,6,3,3,4,2,2,63,39,24
HOPKINS COUNTY,223,51 Years,390,195,195,288,141,147,35,21,14,4,1,3,4,1,3,59,31,28
HOPKINS COUNTY,223,52 Years,429,204,225,324,150,174,32,20,12,2,0,2,6,1,5,65,33,32
HOPKINS COUNTY,223,53 Years,472,225,247,361,171,190,28,13,15,2,1,1,6,1,5,75,39,36
HOPKINS COUNTY,223,54 Years,482,240,242,362,175,187,30,14,16,3,1,2,8,3,5,79,47,32
HOPKINS COUNTY,223,55 Years,486,261,225,374,195,179,31,12,19,5,2,3,4,3,1,72,49,23
HOPKINS COUNTY,223,56 Years,513,257,256,411,199,212,32,13,19,2,1,1,5,3,2,63,41,22
HOPKINS COUNTY,223,57 Years,499,238,261,387,186,201,40,15,25,3,2,1,9,4,5,60,31,29
HOPKINS COUNTY,223,58 Years,496,243,253,406,196,210,36,16,20,2,1,1,5,2,3,47,28,19
HOPKINS COUNTY,223,59 Years,480,241,239,388,194,194,35,16,19,3,0,3,5,3,2,49,28,21
HOPKINS COUNTY,223,60 Years,475,235,240,386,185,201,33,19,14,5,0,5,9,6,3,42,25,17
HOPKINS COUNTY,223,61 Years,472,239,233,387,190,197,37,23,14,2,0,2,8,5,3,38,21,17
HOPKINS COUNTY,223,62 Years,497,251,246,410,197,213,35,21,14,3,2,1,8,5,3,41,26,15
HOPKINS COUNTY,223,63 Years,488,240,248,416,198,218,36,20,16,2,1,1,5,3,2,29,18,11
HOPKINS COUNTY,223,64 Years,460,226,234,386,180,206,42,25,17,2,2,0,4,2,2,26,17,9
HOPKINS COUNTY,223,65 Years,438,207,231,360,164,196,41,22,19,2,2,0,8,1,7,27,18,9
HOPKINS COUNTY,223,66 Years,438,211,227,368,175,193,39,20,19,3,1,2,7,3,4,21,12,9
HOPKINS COUNTY,223,67 Years,425,202,223,365,173,192,33,15,18,2,0,2,5,2,3,20,12,8
HOPKINS COUNTY,223,68 Years,430,196,234,368,168,200,33,13,20,1,1,0,6,1,5,22,13,9
HOPKINS COUNTY,223,69 Years,459,206,253,402,181,221,31,13,18,2,0,2,7,2,5,17,10,7
HOPKINS COUNTY,223,70 Years,424,188,236,368,168,200,31,10,21,2,0,2,8,4,4,15,6,9
HOPKINS COUNTY,223,71 Years,419,187,232,364,163,201,32,12,20,2,0,2,7,4,3,14,8,6
HOPKINS COUNTY,223,72 Years,359,177,182,310,151,159,27,13,14,2,0,2,3,2,1,17,11,6
HOPKINS COUNTY,223,73 Years,334,171,163,302,154,148,15,7,8,1,0,1,3,1,2,13,9,4
HOPKINS COUNTY,223,74 Years,332,167,165,301,153,148,14,4,10,2,1,1,2,1,1,13,8,5
HOPKINS COUNTY,223,75 Years,321,159,162,281,141,140,19,8,11,2,1,1,5,4,1,14,5,9
HOPKINS COUNTY,223,76 Years,280,126,154,243,105,138,21,10,11,2,2,0,3,2,1,11,7,4
HOPKINS COUNTY,223,77 Years,282,119,163,246,103,143,19,6,13,2,1,1,2,1,1,13,8,5
HOPKINS COUNTY,223,78 Years,240,113,127,204,98,106,20,7,13,1,0,1,2,1,1,13,7,6
HOPKINS COUNTY,223,79 Years,226,108,118,194,94,100,20,8,12,1,1,0,3,2,1,8,3,5
HOPKINS COUNTY,223,80 Years,199,90,109,176,81,95,16,6,10,1,0,1,2,2,0,4,1,3
HOPKINS COUNTY,223,81 Years,193,87,106,177,82,95,10,2,8,1,0,1,0,0,0,5,3,2
HOPKINS COUNTY,223,82 Years,183,76,107,167,69,98,9,4,5,0,0,0,2,0,2,5,3,2
HOPKINS COUNTY,223,83 Years,180,73,107,161,65,96,13,5,8,0,0,0,3,2,1,3,1,2
HOPKINS COUNTY,223,84 Years,167,65,102,147,56,91,11,4,7,1,0,1,2,2,0,6,3,3
HOPKINS COUNTY,223,85 Years,141,53,88,124,47,77,9,2,7,1,0,1,0,0,0,7,4,3
HOPKINS COUNTY,223,86 Years,120,45,75,105,39,66,10,4,6,0,0,0,0,0,0,5,2,3
HOPKINS COUNTY,223,87 Years,105,40,65,95,35,60,8,4,4,1,0,1,0,0,0,1,1,0
HOPKINS COUNTY,223,88 Years,98,36,62,89,31,58,5,2,3,1,0,1,1,1,0,2,2,0
HOPKINS COUNTY,223,89 Years,92,33,59,83,30,53,5,2,3,0,0,0,2,0,2,2,1,1
HOPKINS COUNTY,223,90 Years,69,25,44,62,23,39,3,0,3,1,1,0,2,1,1,1,0,1
HOPKINS COUNTY,223,91 Years,55,19,36,48,16,32,3,1,2,1,1,0,1,0,1,2,1,1
HOPKINS COUNTY,223,92 Years,46,16,30,40,14,26,4,1,3,0,0,0,1,0,1,1,1,0
HOPKINS COUNTY,223,93 Years,41,13,28,34,9,25,5,2,3,0,0,0,1,1,0,1,1,0
HOPKINS COUNTY,223,94 Years,31,8,23,26,7,19,4,1,3,0,0,0,0,0,0,1,0,1
HOPKINS COUNTY,223,95 Years +,83,19,64,66,13,53,11,5,6,0,0,0,2,0,2,4,1,3
HOUSTON COUNTY,225,All Ages,23339,12476,10863,14249,7261,6988,5722,3178,2544,111,44,67,476,220,256,2781,1773,1008
HOUSTON COUNTY,225,< 1 Year,260,136,124,117,63,54,80,41,39,2,1,1,16,8,8,45,23,22
HOUSTON COUNTY,225,1 Years,257,135,122,119,65,54,76,39,37,1,1,0,16,8,8,45,22,23
HOUSTON COUNTY,225,2 Years,272,142,130,129,69,60,79,40,39,1,1,0,18,9,9,45,23,22
HOUSTON COUNTY,225,3 Years,256,131,125,126,66,60,72,36,36,2,2,0,13,6,7,43,21,22
HOUSTON COUNTY,225,4 Years,254,127,127,117,57,60,73,37,36,2,1,1,17,8,9,45,24,21
HOUSTON COUNTY,225,5 Years,260,131,129,120,58,62,69,33,36,3,1,2,18,11,7,50,28,22
HOUSTON COUNTY,225,6 Years,263,130,133,117,54,63,71,33,38,2,1,1,22,12,10,51,30,21
HOUSTON COUNTY,225,7 Years,257,125,132,120,59,61,69,29,40,2,1,1,15,8,7,51,28,23
HOUSTON COUNTY,225,8 Years,282,141,141,130,78,52,81,30,51,1,1,0,13,3,10,57,29,28
HOUSTON COUNTY,225,9 Years,268,136,132,131,72,59,72,34,38,2,1,1,10,3,7,53,26,27
HOUSTON COUNTY,225,10 Years,238,118,120,122,60,62,57,29,28,1,0,1,10,3,7,48,26,22
HOUSTON COUNTY,225,11 Years,251,127,124,133,64,69,55,32,23,4,0,4,12,7,5,47,24,23
HOUSTON COUNTY,225,12 Years,269,137,132,142,73,69,60,32,28,4,0,4,16,6,10,47,26,21
HOUSTON COUNTY,225,13 Years,259,132,127,148,71,77,51,28,23,3,0,3,11,7,4,46,26,20
HOUSTON COUNTY,225,14 Years,240,120,120,136,71,65,48,21,27,4,1,3,12,6,6,40,21,19
HOUSTON COUNTY,225,15 Years,246,137,109,129,74,55,56,28,28,2,2,0,15,8,7,44,25,19
HOUSTON COUNTY,225,16 Years,249,129,120,135,70,65,51,27,24,1,0,1,14,5,9,48,27,21
HOUSTON COUNTY,225,17 Years,242,116,126,133,66,67,60,29,31,0,0,0,12,6,6,37,15,22
HOUSTON COUNTY,225,18 Years,225,112,113,120,60,60,48,22,26,0,0,0,12,6,6,45,24,21
HOUSTON COUNTY,225,19 Years,195,95,100,110,52,58,48,23,25,0,0,0,6,2,4,31,18,13
HOUSTON COUNTY,225,20 Years,220,109,111,113,57,56,48,24,24,2,1,1,11,5,6,46,22,24
HOUSTON COUNTY,225,21 Years,192,101,91,106,49,57,46,29,17,1,1,0,6,4,2,33,18,15
HOUSTON COUNTY,225,22 Years,217,130,87,124,70,54,49,31,18,1,0,1,6,4,2,37,25,12
HOUSTON COUNTY,225,23 Years,245,147,98,143,81,62,60,41,19,1,1,0,7,2,5,34,22,12
HOUSTON COUNTY,225,24 Years,276,156,120,156,86,70,78,45,33,2,1,1,4,1,3,36,23,13
HOUSTON COUNTY,225,25 Years,314,168,146,167,84,83,100,58,42,2,1,1,5,3,2,40,22,18
HOUSTON COUNTY,225,26 Years,325,189,136,173,95,78,98,64,34,0,0,0,3,2,1,51,28,23
HOUSTON COUNTY,225,27 Years,324,174,150,165,81,84,105,62,43,2,0,2,1,0,1,51,31,20
HOUSTON COUNTY,225,28 Years,268,142,126,139,69,70,91,46,45,1,0,1,2,1,1,35,26,9
HOUSTON COUNTY,225,29 Years,261,141,120,138,66,72,82,45,37,1,1,0,4,3,1,36,26,10
HOUSTON COUNTY,225,30 Years,272,163,109,135,79,56,87,51,36,2,1,1,3,2,1,45,30,15
HOUSTON COUNTY,225,31 Years,287,169,118,146,79,67,89,56,33,1,1,0,2,1,1,49,32,17
HOUSTON COUNTY,225,32 Years,287,185,102,137,83,54,96,63,33,2,2,0,2,0,2,50,37,13
HOUSTON COUNTY,225,33 Years,270,166,104,127,64,63,92,62,30,0,0,0,4,1,3,47,39,8
HOUSTON COUNTY,225,34 Years,273,161,112,152,79,73,80,50,30,0,0,0,1,0,1,40,32,8
HOUSTON COUNTY,225,35 Years,306,184,122,172,95,77,75,49,26,2,0,2,3,1,2,54,39,15
HOUSTON COUNTY,225,36 Years,306,181,125,170,91,79,78,50,28,1,0,1,2,1,1,55,39,16
HOUSTON COUNTY,225,37 Years,308,198,110,166,102,64,83,54,29,1,0,1,3,1,2,55,41,14
HOUSTON COUNTY,225,38 Years,312,188,124,156,92,64,93,57,36,3,0,3,5,2,3,55,37,18
HOUSTON COUNTY,225,39 Years,291,181,110,167,100,67,73,50,23,4,0,4,2,1,1,45,30,15
HOUSTON COUNTY,225,40 Years,290,177,113,145,79,66,95,64,31,3,0,3,3,1,2,44,33,11
HOUSTON COUNTY,225,41 Years,276,172,104,131,78,53,87,52,35,2,2,0,5,3,2,51,37,14
HOUSTON COUNTY,225,42 Years,279,185,94,142,90,52,86,57,29,2,2,0,2,1,1,47,35,12
HOUSTON COUNTY,225,43 Years,280,179,101,148,86,62,80,55,25,2,1,1,2,0,2,48,37,11
HOUSTON COUNTY,225,44 Years,290,189,101,154,86,68,79,58,21,2,2,0,3,1,2,52,42,10
HOUSTON COUNTY,225,45 Years,321,207,114,171,97,74,90,64,26,2,1,1,2,1,1,56,44,12
HOUSTON COUNTY,225,46 Years,329,207,122,165,90,75,108,74,34,1,1,0,3,2,1,52,40,12
HOUSTON COUNTY,225,47 Years,336,211,125,195,114,81,99,65,34,0,0,0,3,2,1,39,30,9
HOUSTON COUNTY,225,48 Years,319,196,123,174,94,80,102,68,34,0,0,0,4,3,1,39,31,8
HOUSTON COUNTY,225,49 Years,309,189,120,183,101,82,76,49,27,2,1,1,7,5,2,41,33,8
HOUSTON COUNTY,225,50 Years,298,185,113,181,103,78,74,50,24,3,1,2,1,0,1,39,31,8
HOUSTON COUNTY,225,51 Years,294,176,118,172,92,80,81,52,29,1,1,0,4,3,1,36,28,8
HOUSTON COUNTY,225,52 Years,314,176,138,183,96,87,83,45,38,1,1,0,4,2,2,43,32,11
HOUSTON COUNTY,225,53 Years,332,195,137,203,112,91,92,56,36,0,0,0,3,2,1,34,25,9
HOUSTON COUNTY,225,54 Years,322,184,138,202,109,93,90,55,35,0,0,0,3,1,2,27,19,8
HOUSTON COUNTY,225,55 Years,320,167,153,212,103,109,83,48,35,0,0,0,2,1,1,23,15,8
HOUSTON COUNTY,225,56 Years,308,148,160,202,92,110,84,44,40,0,0,0,1,0,1,21,12,9
HOUSTON COUNTY,225,57 Years,304,159,145,200,102,98,79,40,39,0,0,0,3,2,1,22,15,7
HOUSTON COUNTY,225,58 Years,327,170,157,229,116,113,76,43,33,1,0,1,1,0,1,20,11,9
HOUSTON COUNTY,225,59 Years,307,158,149,210,102,108,76,43,33,1,0,1,2,1,1,18,12,6
HOUSTON COUNTY,225,60 Years,322,153,169,226,105,121,71,36,35,2,0,2,4,1,3,19,11,8
HOUSTON COUNTY,225,61 Years,329,155,174,229,111,118,78,34,44,1,0,1,4,1,3,17,9,8
HOUSTON COUNTY,225,62 Years,318,157,161,230,117,113,74,33,41,0,0,0,1,0,1,13,7,6
HOUSTON COUNTY,225,63 Years,336,164,172,242,121,121,76,31,45,0,0,0,1,1,0,17,11,6
HOUSTON COUNTY,225,64 Years,324,151,173,232,112,120,71,28,43,1,0,1,3,0,3,17,11,6
HOUSTON COUNTY,225,65 Years,300,140,160,221,110,111,59,23,36,1,0,1,5,0,5,14,7,7
HOUSTON COUNTY,225,66 Years,310,148,162,242,117,125,56,26,30,1,0,1,3,0,3,8,5,3
HOUSTON COUNTY,225,67 Years,277,130,147,215,104,111,52,21,31,0,0,0,2,0,2,8,5,3
HOUSTON COUNTY,225,68 Years,252,123,129,195,99,96,45,17,28,2,2,0,1,0,1,9,5,4
HOUSTON COUNTY,225,69 Years,254,125,129,206,104,102,39,16,23,3,1,2,0,0,0,6,4,2
HOUSTON COUNTY,225,70 Years,265,116,149,214,93,121,40,20,20,2,0,2,4,0,4,5,3,2
HOUSTON COUNTY,225,71 Years,267,118,149,225,97,128,35,17,18,1,0,1,2,0,2,4,4,0
HOUSTON COUNTY,225,72 Years,244,116,128,200,94,106,36,16,20,0,0,0,1,0,1,7,6,1
HOUSTON COUNTY,225,73 Years,254,121,133,201,92,109,39,20,19,1,0,1,3,3,0,10,6,4
HOUSTON COUNTY,225,74 Years,222,107,115,185,86,99,30,15,15,0,0,0,1,1,0,6,5,1
HOUSTON COUNTY,225,75 Years,215,106,109,177,87,90,30,14,16,0,0,0,2,1,1,6,4,2
HOUSTON COUNTY,225,76 Years,214,94,120,177,81,96,29,11,18,1,0,1,2,1,1,5,1,4
HOUSTON COUNTY,225,77 Years,197,100,97,168,85,83,22,11,11,1,1,0,1,0,1,5,3,2
HOUSTON COUNTY,225,78 Years,179,90,89,154,77,77,20,10,10,1,1,0,1,0,1,3,2,1
HOUSTON COUNTY,225,79 Years,174,75,99,144,61,83,22,10,12,1,1,0,3,2,1,4,1,3
HOUSTON COUNTY,225,80 Years,156,76,80,136,66,70,16,8,8,0,0,0,2,2,0,2,0,2
HOUSTON COUNTY,225,81 Years,146,64,82,123,55,68,16,7,9,1,0,1,3,1,2,3,1,2
HOUSTON COUNTY,225,82 Years,134,57,77,112,47,65,19,8,11,0,0,0,2,1,1,1,1,0
HOUSTON COUNTY,225,83 Years,137,67,70,116,56,60,15,7,8,0,0,0,3,2,1,3,2,1
HOUSTON COUNTY,225,84 Years,116,51,65,90,41,49,18,6,12,0,0,0,2,1,1,6,3,3
HOUSTON COUNTY,225,85 Years,102,50,52,82,39,43,12,5,7,0,0,0,3,2,1,5,4,1
HOUSTON COUNTY,225,86 Years,86,38,48,73,31,42,10,5,5,0,0,0,0,0,0,3,2,1
HOUSTON COUNTY,225,87 Years,74,30,44,61,25,36,10,4,6,0,0,0,1,1,0,2,0,2
HOUSTON COUNTY,225,88 Years,60,25,35,50,21,29,10,4,6,0,0,0,0,0,0,0,0,0
HOUSTON COUNTY,225,89 Years,58,25,33,47,20,27,10,4,6,0,0,0,1,1,0,0,0,0
HOUSTON COUNTY,225,90 Years,53,17,36,40,13,27,12,3,9,1,1,0,0,0,0,0,0,0
HOUSTON COUNTY,225,91 Years,51,16,35,37,13,24,13,3,10,0,0,0,1,0,1,0,0,0
HOUSTON COUNTY,225,92 Years,38,14,24,28,10,18,7,2,5,0,0,0,0,0,0,3,2,1
HOUSTON COUNTY,225,93 Years,30,11,19,23,7,16,6,3,3,0,0,0,0,0,0,1,1,0
HOUSTON COUNTY,225,94 Years,25,8,17,18,6,12,5,2,3,0,0,0,1,0,1,1,0,1
HOUSTON COUNTY,225,95 Years +,68,18,50,42,12,30,20,6,14,1,0,1,1,0,1,4,0,4
HOWARD COUNTY,227,All Ages,36070,20789,15281,17349,9537,7812,2216,1612,604,247,152,95,630,360,270,15628,9128,6500
HOWARD COUNTY,227,< 1 Year,449,222,227,154,83,71,33,18,15,2,2,0,11,6,5,249,113,136
HOWARD COUNTY,227,1 Years,464,231,233,160,85,75,33,18,15,2,1,1,12,6,6,257,121,136
HOWARD COUNTY,227,2 Years,483,246,237,171,88,83,32,20,12,2,2,0,11,6,5,267,130,137
HOWARD COUNTY,227,3 Years,516,279,237,199,106,93,29,20,9,2,1,1,11,6,5,275,146,129
HOWARD COUNTY,227,4 Years,513,278,235,206,111,95,27,19,8,2,1,1,9,5,4,269,142,127
HOWARD COUNTY,227,5 Years,512,279,233,212,114,98,25,17,8,2,1,1,7,4,3,266,143,123
HOWARD COUNTY,227,6 Years,463,239,224,184,97,87,21,12,9,2,1,1,4,1,3,252,128,124
HOWARD COUNTY,227,7 Years,474,251,223,189,99,90,27,20,7,2,1,1,6,2,4,250,129,121
HOWARD COUNTY,227,8 Years,478,238,240,182,86,96,28,20,8,2,1,1,8,5,3,258,126,132
HOWARD COUNTY,227,9 Years,442,232,210,174,79,95,26,17,9,1,1,0,14,8,6,227,127,100
HOWARD COUNTY,227,10 Years,410,213,197,172,84,88,13,7,6,0,0,0,12,6,6,213,116,97
HOWARD COUNTY,227,11 Years,447,237,210,191,99,92,18,14,4,2,1,1,7,2,5,229,121,108
HOWARD COUNTY,227,12 Years,442,233,209,167,83,84,16,8,8,3,2,1,12,7,5,244,133,111
HOWARD COUNTY,227,13 Years,447,235,212,178,95,83,29,17,12,4,3,1,13,5,8,223,115,108
HOWARD COUNTY,227,14 Years,411,220,191,148,83,65,36,23,13,3,2,1,13,4,9,211,108,103
HOWARD COUNTY,227,15 Years,419,237,182,165,86,79,37,27,10,3,3,0,12,6,6,202,115,87
HOWARD COUNTY,227,16 Years,473,267,206,185,106,79,29,21,8,1,1,0,14,10,4,244,129,115
HOWARD COUNTY,227,17 Years,477,263,214,176,92,84,30,24,6,2,1,1,11,7,4,258,139,119
HOWARD COUNTY,227,18 Years,542,342,200,219,131,88,31,25,6,2,1,1,17,13,4,273,172,101
HOWARD COUNTY,227,19 Years,463,287,176,171,104,67,29,20,9,1,1,0,20,13,7,242,149,93
HOWARD COUNTY,227,20 Years,536,330,206,193,121,72,38,30,8,1,1,0,21,12,9,283,166,117
HOWARD COUNTY,227,21 Years,417,236,181,161,99,62,19,10,9,0,0,0,15,7,8,222,120,102
HOWARD COUNTY,227,22 Years,493,320,173,179,109,70,28,22,6,1,1,0,17,12,5,268,176,92
HOWARD COUNTY,227,23 Years,499,309,190,203,120,83,30,22,8,1,1,0,12,8,4,253,158,95
HOWARD COUNTY,227,24 Years,488,273,215,204,110,94,18,11,7,0,0,0,7,3,4,259,149,110
HOWARD COUNTY,227,25 Years,613,398,215,249,150,99,39,31,8,3,1,2,9,2,7,313,214,99
HOWARD COUNTY,227,26 Years,680,405,275,289,155,134,55,38,17,4,3,1,9,6,3,323,203,120
HOWARD COUNTY,227,27 Years,658,357,301,304,160,144,45,33,12,4,4,0,8,7,1,297,153,144
HOWARD COUNTY,227,28 Years,729,468,261,320,186,134,55,47,8,8,4,4,7,6,1,339,225,114
HOWARD COUNTY,227,29 Years,546,320,226,257,142,115,27,21,6,4,2,2,6,5,1,252,150,102
HOWARD COUNTY,227,30 Years,591,351,240,275,146,129,26,20,6,1,1,0,4,3,1,285,181,104
HOWARD COUNTY,227,31 Years,699,452,247,302,181,121,50,41,9,3,2,1,9,7,2,335,221,114
HOWARD COUNTY,227,32 Years,491,286,205,229,125,104,28,19,9,1,0,1,7,4,3,226,138,88
HOWARD COUNTY,227,33 Years,560,335,225,261,147,114,33,26,7,5,5,0,6,1,5,255,156,99
HOWARD COUNTY,227,34 Years,532,344,188,251,155,96,34,30,4,5,5,0,6,3,3,236,151,85
HOWARD COUNTY,227,35 Years,468,257,211,229,122,107,22,17,5,5,3,2,7,4,3,205,111,94
HOWARD COUNTY,227,36 Years,485,267,218,223,117,106,30,23,7,8,3,5,5,2,3,219,122,97
HOWARD COUNTY,227,37 Years,444,245,199,205,106,99,24,18,6,5,2,3,4,1,3,206,118,88
HOWARD COUNTY,227,38 Years,389,206,183,195,108,87,22,14,8,2,1,1,5,3,2,165,80,85
HOWARD COUNTY,227,39 Years,456,292,164,210,125,85,27,21,6,6,5,1,4,3,1,209,138,71
HOWARD COUNTY,227,40 Years,465,310,155,220,144,76,29,24,5,5,3,2,8,7,1,203,132,71
HOWARD COUNTY,227,41 Years,405,236,169,189,105,84,21,14,7,2,1,1,6,3,3,187,113,74
HOWARD COUNTY,227,42 Years,482,300,182,235,140,95,27,20,7,5,4,1,6,1,5,209,135,74
HOWARD COUNTY,227,43 Years,469,296,173,239,145,94,23,18,5,4,2,2,7,5,2,196,126,70
HOWARD COUNTY,227,44 Years,447,290,157,206,127,79,22,16,6,5,4,1,9,9,0,205,134,71
HOWARD COUNTY,227,45 Years,419,261,158,190,114,76,20,16,4,5,2,3,5,4,1,199,125,74
HOWARD COUNTY,227,46 Years,477,300,177,236,141,95,31,24,7,4,2,2,5,4,1,201,129,72
HOWARD COUNTY,227,47 Years,525,355,170,243,157,86,34,27,7,4,3,1,8,8,0,236,160,76
HOWARD COUNTY,227,48 Years,539,336,203,264,160,104,32,27,5,4,3,1,7,3,4,232,143,89
HOWARD COUNTY,227,49 Years,444,266,178,216,124,92,23,18,5,5,4,1,14,7,7,186,113,73
HOWARD COUNTY,227,50 Years,573,417,156,256,174,82,37,33,4,6,4,2,11,8,3,263,198,65
HOWARD COUNTY,227,51 Years,454,304,150,216,145,71,31,25,6,4,1,3,9,7,2,194,126,68
HOWARD COUNTY,227,52 Years,502,336,166,221,149,72,36,24,12,3,1,2,7,4,3,235,158,77
HOWARD COUNTY,227,53 Years,527,350,177,241,153,88,47,39,8,5,3,2,9,5,4,225,150,75
HOWARD COUNTY,227,54 Years,437,262,175,229,133,96,26,18,8,3,2,1,5,3,2,174,106,68
HOWARD COUNTY,227,55 Years,512,335,177,260,157,103,48,40,8,10,8,2,11,9,2,183,121,62
HOWARD COUNTY,227,56 Years,514,316,198,281,161,120,44,39,5,8,6,2,11,7,4,170,103,67
HOWARD COUNTY,227,57 Years,483,291,192,284,158,126,40,32,8,5,5,0,6,4,2,148,92,56
HOWARD COUNTY,227,58 Years,533,356,177,294,181,113,56,50,6,5,5,0,7,5,2,171,115,56
HOWARD COUNTY,227,59 Years,465,269,196,277,147,130,45,35,10,4,2,2,5,2,3,134,83,51
HOWARD COUNTY,227,60 Years,332,159,173,212,94,118,25,17,8,1,0,1,3,0,3,91,48,43
HOWARD COUNTY,227,61 Years,341,166,175,196,82,114,34,26,8,5,2,3,2,0,2,104,56,48
HOWARD COUNTY,227,62 Years,363,179,184,209,90,119,34,27,7,4,2,2,2,0,2,114,60,54
HOWARD COUNTY,227,63 Years,454,273,181,293,167,126,31,26,5,3,1,2,2,0,2,125,79,46
HOWARD COUNTY,227,64 Years,363,184,179,229,116,113,13,9,4,1,1,0,5,0,5,115,58,57
HOWARD COUNTY,227,65 Years,321,185,136,205,118,87,9,8,1,2,1,1,3,0,3,102,58,44
HOWARD COUNTY,227,66 Years,285,131,154,187,86,101,14,5,9,2,0,2,5,0,5,77,40,37
HOWARD COUNTY,227,67 Years,248,112,136,166,77,89,13,6,7,1,0,1,2,0,2,66,29,37
HOWARD COUNTY,227,68 Years,260,127,133,161,79,82,10,5,5,3,1,2,3,3,0,83,39,44
HOWARD COUNTY,227,69 Years,262,131,131,173,86,87,15,6,9,1,0,1,4,4,0,69,35,34
HOWARD COUNTY,227,70 Years,217,103,114,146,68,78,14,6,8,0,0,0,3,2,1,54,27,27
HOWARD COUNTY,227,71 Years,226,103,123,151,69,82,10,5,5,2,1,1,3,2,1,60,26,34
HOWARD COUNTY,227,72 Years,178,88,90,110,55,55,12,7,5,1,0,1,5,2,3,50,24,26
HOWARD COUNTY,227,73 Years,170,83,87,113,54,59,11,8,3,3,1,2,3,2,1,40,18,22
HOWARD COUNTY,227,74 Years,166,80,86,115,55,60,5,3,2,1,0,1,6,2,4,39,20,19
HOWARD COUNTY,227,75 Years,175,82,93,122,52,70,9,6,3,0,0,0,6,4,2,38,20,18
HOWARD COUNTY,227,76 Years,205,117,88,139,73,66,10,7,3,1,1,0,6,5,1,49,31,18
HOWARD COUNTY,227,77 Years,173,89,84,125,63,62,6,3,3,1,0,1,4,3,1,37,20,17
HOWARD COUNTY,227,78 Years,136,60,76,99,43,56,3,0,3,2,1,1,1,1,0,31,15,16
HOWARD COUNTY,227,79 Years,135,59,76,96,41,55,6,2,4,1,1,0,0,0,0,32,15,17
HOWARD COUNTY,227,80 Years,136,67,69,95,46,49,9,4,5,1,1,0,1,0,1,30,16,14
HOWARD COUNTY,227,81 Years,135,62,73,99,45,54,7,3,4,1,0,1,2,0,2,26,14,12
HOWARD COUNTY,227,82 Years,121,56,65,92,42,50,4,3,1,1,0,1,2,0,2,22,11,11
HOWARD COUNTY,227,83 Years,113,56,57,85,42,43,7,3,4,1,0,1,0,0,0,20,11,9
HOWARD COUNTY,227,84 Years,115,53,62,84,38,46,4,2,2,3,2,1,0,0,0,24,11,13
HOWARD COUNTY,227,85 Years,102,39,63,74,30,44,2,0,2,1,0,1,2,1,1,23,8,15
HOWARD COUNTY,227,86 Years,94,44,50,71,36,35,3,2,1,1,0,1,2,1,1,17,5,12
HOWARD COUNTY,227,87 Years,98,52,46,71,38,33,3,1,2,0,0,0,3,1,2,21,12,9
HOWARD COUNTY,227,88 Years,82,44,38,64,34,30,3,2,1,0,0,0,1,1,0,14,7,7
HOWARD COUNTY,227,89 Years,60,29,31,51,25,26,1,1,0,0,0,0,1,0,1,7,3,4
HOWARD COUNTY,227,90 Years,50,24,26,38,19,19,5,2,3,0,0,0,0,0,0,7,3,4
HOWARD COUNTY,227,91 Years,40,21,19,31,16,15,2,1,1,0,0,0,0,0,0,7,4,3
HOWARD COUNTY,227,92 Years,39,18,21,32,15,17,1,0,1,0,0,0,0,0,0,6,3,3
HOWARD COUNTY,227,93 Years,31,15,16,25,12,13,1,1,0,0,0,0,0,0,0,5,2,3
HOWARD COUNTY,227,94 Years,21,11,10,15,8,7,2,1,1,0,0,0,0,0,0,4,2,2
HOWARD COUNTY,227,95 Years +,52,21,31,36,13,23,7,4,3,0,0,0,0,0,0,9,4,5
HUDSPETH COUNTY,229,All Ages,3669,1822,1847,721,392,329,36,28,8,15,5,10,42,19,23,2855,1378,1477
HUDSPETH COUNTY,229,< 1 Year,49,31,18,9,7,2,0,0,0,0,0,0,0,0,0,40,24,16
HUDSPETH COUNTY,229,1 Years,47,24,23,11,7,4,2,0,2,0,0,0,0,0,0,34,17,17
HUDSPETH COUNTY,229,2 Years,49,27,22,10,7,3,0,0,0,0,0,0,0,0,0,39,20,19
HUDSPETH COUNTY,229,3 Years,48,27,21,8,5,3,0,0,0,0,0,0,0,0,0,40,22,18
HUDSPETH COUNTY,229,4 Years,47,25,22,5,3,2,0,0,0,0,0,0,0,0,0,42,22,20
HUDSPETH COUNTY,229,5 Years,47,22,25,4,3,1,0,0,0,0,0,0,0,0,0,43,19,24
HUDSPETH COUNTY,229,6 Years,51,20,31,4,2,2,0,0,0,0,0,0,0,0,0,47,18,29
HUDSPETH COUNTY,229,7 Years,51,22,29,6,3,3,0,0,0,0,0,0,0,0,0,45,19,26
HUDSPETH COUNTY,229,8 Years,51,21,30,6,3,3,0,0,0,0,0,0,2,2,0,43,16,27
HUDSPETH COUNTY,229,9 Years,37,21,16,4,3,1,0,0,0,0,0,0,3,1,2,30,17,13
HUDSPETH COUNTY,229,10 Years,38,21,17,1,0,1,1,1,0,0,0,0,1,1,0,35,19,16
HUDSPETH COUNTY,229,11 Years,37,22,15,4,2,2,1,1,0,0,0,0,1,1,0,31,18,13
HUDSPETH COUNTY,229,12 Years,39,16,23,7,2,5,0,0,0,0,0,0,0,0,0,32,14,18
HUDSPETH COUNTY,229,13 Years,43,15,28,3,1,2,1,0,1,1,0,1,0,0,0,38,14,24
HUDSPETH COUNTY,229,14 Years,46,19,27,7,1,6,2,2,0,0,0,0,0,0,0,37,16,21
HUDSPETH COUNTY,229,15 Years,44,21,23,6,2,4,1,1,0,0,0,0,0,0,0,37,18,19
HUDSPETH COUNTY,229,16 Years,44,17,27,6,0,6,0,0,0,1,0,1,0,0,0,37,17,20
HUDSPETH COUNTY,229,17 Years,43,22,21,10,4,6,0,0,0,0,0,0,0,0,0,33,18,15
HUDSPETH COUNTY,229,18 Years,45,22,23,5,2,3,0,0,0,0,0,0,0,0,0,40,20,20
HUDSPETH COUNTY,229,19 Years,46,24,22,4,1,3,0,0,0,0,0,0,2,1,1,40,22,18
HUDSPETH COUNTY,229,20 Years,38,19,19,5,3,2,0,0,0,0,0,0,1,0,1,32,16,16
HUDSPETH COUNTY,229,21 Years,41,24,17,4,2,2,0,0,0,0,0,0,0,0,0,37,22,15
HUDSPETH COUNTY,229,22 Years,50,24,26,7,2,5,0,0,0,1,0,1,3,1,2,39,21,18
HUDSPETH COUNTY,229,23 Years,47,25,22,3,2,1,3,3,0,0,0,0,2,1,1,39,19,20
HUDSPETH COUNTY,229,24 Years,60,25,35,4,2,2,2,1,1,0,0,0,2,1,1,52,21,31
HUDSPETH COUNTY,229,25 Years,57,23,34,4,2,2,0,0,0,0,0,0,2,0,2,51,21,30
HUDSPETH COUNTY,229,26 Years,45,28,17,2,2,0,1,1,0,0,0,0,1,1,0,41,24,17
HUDSPETH COUNTY,229,27 Years,54,20,34,2,1,1,1,1,0,0,0,0,0,0,0,51,18,33
HUDSPETH COUNTY,229,28 Years,38,16,22,2,1,1,0,0,0,0,0,0,0,0,0,36,15,21
HUDSPETH COUNTY,229,29 Years,34,16,18,2,1,1,1,1,0,0,0,0,0,0,0,31,14,17
HUDSPETH COUNTY,229,30 Years,41,25,16,2,1,1,0,0,0,0,0,0,0,0,0,39,24,15
HUDSPETH COUNTY,229,31 Years,43,22,21,4,3,1,0,0,0,1,0,1,0,0,0,38,19,19
HUDSPETH COUNTY,229,32 Years,34,19,15,3,1,2,1,1,0,0,0,0,1,0,1,29,17,12
HUDSPETH COUNTY,229,33 Years,43,22,21,6,3,3,0,0,0,0,0,0,0,0,0,37,19,18
HUDSPETH COUNTY,229,34 Years,51,30,21,7,3,4,0,0,0,0,0,0,0,0,0,44,27,17
HUDSPETH COUNTY,229,35 Years,41,26,15,4,2,2,0,0,0,0,0,0,0,0,0,37,24,13
HUDSPETH COUNTY,229,36 Years,44,28,16,4,2,2,0,0,0,0,0,0,1,0,1,39,26,13
HUDSPETH COUNTY,229,37 Years,50,31,19,5,3,2,1,1,0,0,0,0,0,0,0,44,27,17
HUDSPETH COUNTY,229,38 Years,34,19,15,3,2,1,0,0,0,0,0,0,0,0,0,31,17,14
HUDSPETH COUNTY,229,39 Years,36,17,19,7,4,3,0,0,0,0,0,0,1,1,0,28,12,16
HUDSPETH COUNTY,229,40 Years,35,15,20,6,3,3,2,2,0,0,0,0,0,0,0,27,10,17
HUDSPETH COUNTY,229,41 Years,44,17,27,10,3,7,2,2,0,1,1,0,1,0,1,30,11,19
HUDSPETH COUNTY,229,42 Years,32,14,18,5,3,2,2,2,0,0,0,0,1,0,1,24,9,15
HUDSPETH COUNTY,229,43 Years,37,15,22,6,4,2,0,0,0,0,0,0,1,1,0,30,10,20
HUDSPETH COUNTY,229,44 Years,35,17,18,5,3,2,0,0,0,0,0,0,0,0,0,30,14,16
HUDSPETH COUNTY,229,45 Years,36,19,17,6,5,1,0,0,0,0,0,0,1,0,1,29,14,15
HUDSPETH COUNTY,229,46 Years,33,20,13,5,4,1,0,0,0,0,0,0,1,0,1,27,16,11
HUDSPETH COUNTY,229,47 Years,32,14,18,2,1,1,0,0,0,1,1,0,0,0,0,29,12,17
HUDSPETH COUNTY,229,48 Years,38,18,20,6,3,3,1,0,1,0,0,0,0,0,0,31,15,16
HUDSPETH COUNTY,229,49 Years,46,22,24,7,3,4,0,0,0,0,0,0,0,0,0,39,19,20
HUDSPETH COUNTY,229,50 Years,39,20,19,5,2,3,0,0,0,0,0,0,0,0,0,34,18,16
HUDSPETH COUNTY,229,51 Years,44,26,18,11,6,5,0,0,0,0,0,0,2,2,0,31,18,13
HUDSPETH COUNTY,229,52 Years,34,20,14,7,4,3,0,0,0,0,0,0,1,1,0,26,15,11
HUDSPETH COUNTY,229,53 Years,38,18,20,9,4,5,0,0,0,0,0,0,0,0,0,29,14,15
HUDSPETH COUNTY,229,54 Years,43,25,18,7,4,3,3,3,0,0,0,0,0,0,0,33,18,15
HUDSPETH COUNTY,229,55 Years,47,26,21,10,7,3,2,1,1,0,0,0,1,0,1,34,18,16
HUDSPETH COUNTY,229,56 Years,56,31,25,13,9,4,1,0,1,0,0,0,1,0,1,41,22,19
HUDSPETH COUNTY,229,57 Years,58,34,24,15,11,4,0,0,0,1,1,0,0,0,0,42,22,20
HUDSPETH COUNTY,229,58 Years,52,25,27,12,7,5,1,0,1,0,0,0,0,0,0,39,18,21
HUDSPETH COUNTY,229,59 Years,52,28,24,12,5,7,0,0,0,0,0,0,0,0,0,40,23,17
HUDSPETH COUNTY,229,60 Years,55,25,30,17,7,10,0,0,0,1,0,1,1,0,1,36,18,18
HUDSPETH COUNTY,229,61 Years,53,23,30,14,6,8,0,0,0,1,1,0,2,1,1,36,15,21
HUDSPETH COUNTY,229,62 Years,61,26,35,22,11,11,0,0,0,0,0,0,1,0,1,38,15,23
HUDSPETH COUNTY,229,63 Years,53,22,31,21,11,10,0,0,0,0,0,0,0,0,0,32,11,21
HUDSPETH COUNTY,229,64 Years,53,29,24,15,11,4,0,0,0,0,0,0,0,0,0,38,18,20
HUDSPETH COUNTY,229,65 Years,51,24,27,15,9,6,0,0,0,0,0,0,0,0,0,36,15,21
HUDSPETH COUNTY,229,66 Years,43,23,20,13,7,6,0,0,0,0,0,0,1,1,0,29,15,14
HUDSPETH COUNTY,229,67 Years,44,23,21,13,10,3,0,0,0,2,0,2,1,1,0,28,12,16
HUDSPETH COUNTY,229,68 Years,43,20,23,16,9,7,0,0,0,1,0,1,0,0,0,26,11,15
HUDSPETH COUNTY,229,69 Years,45,25,20,11,7,4,2,2,0,0,0,0,0,0,0,32,16,16
HUDSPETH COUNTY,229,70 Years,44,19,25,13,8,5,0,0,0,0,0,0,0,0,0,31,11,20
HUDSPETH COUNTY,229,71 Years,45,24,21,18,11,7,0,0,0,0,0,0,2,0,2,25,13,12
HUDSPETH COUNTY,229,72 Years,38,23,15,13,8,5,0,0,0,0,0,0,1,1,0,24,14,10
HUDSPETH COUNTY,229,73 Years,41,24,17,9,8,1,1,1,0,0,0,0,0,0,0,31,15,16
HUDSPETH COUNTY,229,74 Years,34,18,16,10,4,6,0,0,0,0,0,0,0,0,0,24,14,10
HUDSPETH COUNTY,229,75 Years,29,17,12,11,5,6,0,0,0,0,0,0,0,0,0,18,12,6
HUDSPETH COUNTY,229,76 Years,27,11,16,11,4,7,0,0,0,0,0,0,0,0,0,16,7,9
HUDSPETH COUNTY,229,77 Years,34,16,18,15,8,7,1,1,0,0,0,0,0,0,0,18,7,11
HUDSPETH COUNTY,229,78 Years,35,15,20,17,10,7,0,0,0,0,0,0,0,0,0,18,5,13
HUDSPETH COUNTY,229,79 Years,23,12,11,13,10,3,0,0,0,0,0,0,0,0,0,10,2,8
HUDSPETH COUNTY,229,80 Years,21,10,11,10,8,2,0,0,0,0,0,0,0,0,0,11,2,9
HUDSPETH COUNTY,229,81 Years,15,7,8,5,3,2,0,0,0,1,0,1,0,0,0,9,4,5
HUDSPETH COUNTY,229,82 Years,18,7,11,6,2,4,0,0,0,1,0,1,0,0,0,11,5,6
HUDSPETH COUNTY,229,83 Years,14,4,10,4,1,3,0,0,0,0,0,0,0,0,0,10,3,7
HUDSPETH COUNTY,229,84 Years,13,5,8,4,2,2,0,0,0,1,1,0,0,0,0,8,2,6
HUDSPETH COUNTY,229,85 Years,19,6,13,9,3,6,0,0,0,0,0,0,0,0,0,10,3,7
HUDSPETH COUNTY,229,86 Years,15,5,10,6,2,4,0,0,0,0,0,0,0,0,0,9,3,6
HUDSPETH COUNTY,229,87 Years,12,4,8,4,1,3,0,0,0,0,0,0,0,0,0,8,3,5
HUDSPETH COUNTY,229,88 Years,14,5,9,4,2,2,0,0,0,0,0,0,0,0,0,10,3,7
HUDSPETH COUNTY,229,89 Years,13,4,9,4,1,3,0,0,0,0,0,0,0,0,0,9,3,6
HUDSPETH COUNTY,229,90 Years,13,4,9,5,2,3,0,0,0,0,0,0,0,0,0,8,2,6
HUDSPETH COUNTY,229,91 Years,10,7,3,4,4,0,0,0,0,0,0,0,0,0,0,6,3,3
HUDSPETH COUNTY,229,92 Years,6,3,3,2,1,1,0,0,0,0,0,0,0,0,0,4,2,2
HUDSPETH COUNTY,229,93 Years,6,2,4,1,0,1,0,0,0,0,0,0,0,0,0,5,2,3
HUDSPETH COUNTY,229,94 Years,4,2,2,1,1,0,0,0,0,0,0,0,0,0,0,3,1,2
HUDSPETH COUNTY,229,95 Years +,11,6,5,6,4,2,0,0,0,0,0,0,0,0,0,5,2,3
HUNT COUNTY,231,All Ages,96208,47430,48778,68280,33345,34935,8363,4016,4347,1074,503,571,2463,1141,1322,16028,8425,7603
HUNT COUNTY,231,< 1 Year,1289,637,652,707,362,345,107,52,55,6,3,3,76,37,39,393,183,210
HUNT COUNTY,231,1 Years,1265,632,633,696,353,343,105,52,53,6,2,4,71,35,36,387,190,197
HUNT COUNTY,231,2 Years,1255,619,636,692,344,348,103,51,52,4,1,3,72,34,38,384,189,195
HUNT COUNTY,231,3 Years,1239,619,620,690,346,344,106,53,53,5,1,4,68,31,37,370,188,182
HUNT COUNTY,231,4 Years,1234,611,623,686,350,336,109,53,56,6,2,4,71,28,43,362,178,184
HUNT COUNTY,231,5 Years,1232,610,622,694,354,340,120,55,65,8,5,3,64,24,40,346,172,174
HUNT COUNTY,231,6 Years,1220,617,603,694,355,339,118,59,59,7,4,3,60,26,34,341,173,168
HUNT COUNTY,231,7 Years,1245,626,619,716,353,363,129,65,64,6,4,2,53,23,30,341,181,160
HUNT COUNTY,231,8 Years,1228,627,601,689,345,344,127,64,63,7,6,1,56,26,30,349,186,163
HUNT COUNTY,231,9 Years,1195,622,573,698,353,345,111,61,50,8,6,2,45,22,23,333,180,153
HUNT COUNTY,231,10 Years,1291,664,627,727,365,362,127,65,62,8,3,5,55,31,24,374,200,174
HUNT COUNTY,231,11 Years,1271,670,601,747,388,359,115,63,52,7,3,4,52,23,29,350,193,157
HUNT COUNTY,231,12 Years,1291,681,610,764,400,364,133,64,69,7,3,4,43,24,19,344,190,154
HUNT COUNTY,231,13 Years,1199,608,591,697,337,360,133,72,61,9,3,6,41,22,19,319,174,145
HUNT COUNTY,231,14 Years,1188,629,559,711,373,338,125,75,50,9,4,5,36,19,17,307,158,149
HUNT COUNTY,231,15 Years,1196,618,578,715,369,346,136,73,63,9,3,6,32,16,16,304,157,147
HUNT COUNTY,231,16 Years,1186,614,572,700,343,357,136,74,62,12,5,7,35,20,15,303,172,131
HUNT COUNTY,231,17 Years,1217,603,614,667,326,341,162,77,85,14,7,7,37,22,15,337,171,166
HUNT COUNTY,231,18 Years,1257,692,565,680,362,318,197,110,87,13,6,7,41,23,18,326,191,135
HUNT COUNTY,231,19 Years,1347,730,617,783,435,348,179,91,88,8,3,5,43,21,22,334,180,154
HUNT COUNTY,231,20 Years,1171,627,544,691,375,316,164,83,81,19,9,10,33,19,14,264,141,123
HUNT COUNTY,231,21 Years,1265,636,629,748,374,374,175,90,85,28,18,10,42,17,25,272,137,135
HUNT COUNTY,231,22 Years,1390,711,679,814,407,407,177,86,91,57,38,19,42,19,23,300,161,139
HUNT COUNTY,231,23 Years,1403,712,691,867,427,440,182,98,84,69,35,34,39,21,18,246,131,115
HUNT COUNTY,231,24 Years,1403,719,684,865,425,440,171,89,82,63,38,25,51,30,21,253,137,116
HUNT COUNTY,231,25 Years,1314,656,658,914,453,461,99,54,45,27,17,10,35,16,19,239,116,123
HUNT COUNTY,231,26 Years,1409,673,736,991,465,526,123,68,55,8,4,4,41,21,20,246,115,131
HUNT COUNTY,231,27 Years,1367,627,740,920,413,507,161,69,92,26,14,12,40,18,22,220,113,107
HUNT COUNTY,231,28 Years,1365,609,756,943,405,538,146,74,72,14,6,8,41,18,23,221,106,115
HUNT COUNTY,231,29 Years,1300,605,695,882,400,482,145,66,79,8,3,5,39,14,25,226,122,104
HUNT COUNTY,231,30 Years,1132,593,539,749,394,355,126,58,68,29,14,15,41,14,27,187,113,74
HUNT COUNTY,231,31 Years,1144,603,541,785,412,373,101,52,49,38,17,21,32,12,20,188,110,78
HUNT COUNTY,231,32 Years,1146,612,534,789,424,365,103,58,45,30,11,19,26,12,14,198,107,91
HUNT COUNTY,231,33 Years,1154,582,572,775,389,386,124,68,56,11,4,7,16,8,8,228,113,115
HUNT COUNTY,231,34 Years,1111,527,584,759,339,420,123,67,56,8,4,4,20,12,8,201,105,96
HUNT COUNTY,231,35 Years,1143,563,580,816,389,427,112,59,53,10,3,7,13,5,8,192,107,85
HUNT COUNTY,231,36 Years,1104,518,586,751,351,400,108,52,56,19,2,17,15,7,8,211,106,105
HUNT COUNTY,231,37 Years,1217,592,625,857,416,441,105,46,59,16,4,12,17,7,10,222,119,103
HUNT COUNTY,231,38 Years,1194,583,611,840,392,448,110,52,58,20,14,6,10,4,6,214,121,93
HUNT COUNTY,231,39 Years,1087,518,569,772,377,395,99,38,61,17,9,8,16,7,9,183,87,96
HUNT COUNTY,231,40 Years,1066,505,561,746,350,396,98,45,53,14,5,9,19,11,8,189,94,95
HUNT COUNTY,231,41 Years,1076,531,545,769,371,398,87,34,53,12,6,6,21,8,13,187,112,75
HUNT COUNTY,231,42 Years,1048,530,518,729,353,376,84,42,42,13,6,7,18,7,11,204,122,82
HUNT COUNTY,231,43 Years,1059,545,514,717,370,347,91,34,57,16,7,9,26,11,15,209,123,86
HUNT COUNTY,231,44 Years,1063,537,526,729,384,345,78,34,44,14,5,9,24,7,17,218,107,111
HUNT COUNTY,231,45 Years,1156,567,589,833,414,419,85,38,47,14,4,10,23,11,12,201,100,101
HUNT COUNTY,231,46 Years,1172,566,606,868,413,455,90,39,51,14,6,8,24,12,12,176,96,80
HUNT COUNTY,231,47 Years,1148,556,592,859,406,453,85,35,50,17,9,8,21,11,10,166,95,71
HUNT COUNTY,231,48 Years,1202,611,591,897,469,428,101,44,57,9,3,6,20,13,7,175,82,93
HUNT COUNTY,231,49 Years,1194,599,595,911,446,465,77,39,38,6,1,5,18,12,6,182,101,81
HUNT COUNTY,231,50 Years,1182,587,595,893,446,447,78,38,40,11,3,8,15,8,7,185,92,93
HUNT COUNTY,231,51 Years,1192,575,617,902,436,466,88,42,46,13,5,8,20,7,13,169,85,84
HUNT COUNTY,231,52 Years,1246,599,647,955,461,494,93,40,53,11,5,6,22,7,15,165,86,79
HUNT COUNTY,231,53 Years,1348,658,690,1058,505,553,105,51,54,11,5,6,27,16,11,147,81,66
HUNT COUNTY,231,54 Years,1438,698,740,1131,534,597,101,55,46,8,4,4,25,12,13,173,93,80
HUNT COUNTY,231,55 Years,1340,650,690,1036,512,524,96,42,54,11,5,6,32,9,23,165,82,83
HUNT COUNTY,231,56 Years,1372,672,700,1101,533,568,77,34,43,9,5,4,28,12,16,157,88,69
HUNT COUNTY,231,57 Years,1385,694,691,1126,570,556,80,32,48,17,8,9,23,8,15,139,76,63
HUNT COUNTY,231,58 Years,1334,689,645,1093,573,520,89,38,51,10,4,6,17,6,11,125,68,57
HUNT COUNTY,231,59 Years,1278,636,642,1055,531,524,95,44,51,13,5,8,11,4,7,104,52,52
HUNT COUNTY,231,60 Years,1221,592,629,998,483,515,97,43,54,8,3,5,20,7,13,98,56,42
HUNT COUNTY,231,61 Years,1225,587,638,1010,483,527,89,40,49,7,4,3,23,11,12,96,49,47
HUNT COUNTY,231,62 Years,1194,604,590,983,496,487,102,43,59,9,5,4,20,10,10,80,50,30
HUNT COUNTY,231,63 Years,1247,628,619,1041,516,525,85,41,44,11,6,5,14,9,5,96,56,40
HUNT COUNTY,231,64 Years,1191,591,600,1021,504,517,69,31,38,12,5,7,17,8,9,72,43,29
HUNT COUNTY,231,65 Years,1101,535,566,948,452,496,71,30,41,6,5,1,20,8,12,56,40,16
HUNT COUNTY,231,66 Years,1012,492,520,860,413,447,66,30,36,5,2,3,17,6,11,64,41,23
HUNT COUNTY,231,67 Years,994,466,528,845,402,443,63,25,38,9,1,8,14,4,10,63,34,29
HUNT COUNTY,231,68 Years,987,481,506,837,415,422,63,24,39,12,4,8,18,10,8,57,28,29
HUNT COUNTY,231,69 Years,961,462,499,827,405,422,55,23,32,9,4,5,20,11,9,50,19,31
HUNT COUNTY,231,70 Years,975,463,512,840,405,435,58,22,36,10,4,6,18,7,11,49,25,24
HUNT COUNTY,231,71 Years,962,467,495,850,423,427,51,20,31,6,3,3,14,3,11,41,18,23
HUNT COUNTY,231,72 Years,793,366,427,685,318,367,56,25,31,3,1,2,15,7,8,34,15,19
HUNT COUNTY,231,73 Years,771,361,410,679,321,358,44,19,25,7,2,5,13,6,7,28,13,15
HUNT COUNTY,231,74 Years,741,353,388,667,321,346,35,15,20,3,1,2,13,6,7,23,10,13
HUNT COUNTY,231,75 Years,725,332,393,641,303,338,41,14,27,7,2,5,12,5,7,24,8,16
HUNT COUNTY,231,76 Years,690,316,374,619,287,332,33,12,21,4,1,3,9,4,5,25,12,13
HUNT COUNTY,231,77 Years,628,280,348,563,251,312,27,11,16,3,2,1,13,4,9,22,12,10
HUNT COUNTY,231,78 Years,551,248,303,498,224,274,22,9,13,3,2,1,9,4,5,19,9,10
HUNT COUNTY,231,79 Years,524,246,278,468,222,246,26,12,14,4,1,3,8,3,5,18,8,10
HUNT COUNTY,231,80 Years,486,227,259,431,203,228,25,9,16,2,1,1,9,4,5,19,10,9
HUNT COUNTY,231,81 Years,438,201,237,387,178,209,23,8,15,1,1,0,8,4,4,19,10,9
HUNT COUNTY,231,82 Years,434,187,247,381,167,214,24,7,17,1,0,1,8,4,4,20,9,11
HUNT COUNTY,231,83 Years,364,150,214,318,133,185,18,5,13,2,1,1,8,4,4,18,7,11
HUNT COUNTY,231,84 Years,314,120,194,282,107,175,15,5,10,2,1,1,5,3,2,10,4,6
HUNT COUNTY,231,85 Years,284,121,163,257,109,148,14,5,9,1,0,1,3,2,1,9,5,4
HUNT COUNTY,231,86 Years,258,113,145,234,105,129,11,4,7,1,0,1,3,1,2,9,3,6
HUNT COUNTY,231,87 Years,226,96,130,203,86,117,10,4,6,2,0,2,4,3,1,7,3,4
HUNT COUNTY,231,88 Years,190,76,114,170,70,100,11,4,7,3,1,2,1,0,1,5,1,4
HUNT COUNTY,231,89 Years,154,58,96,138,51,87,8,4,4,0,0,0,4,2,2,4,1,3
HUNT COUNTY,231,90 Years,125,45,80,109,39,70,7,3,4,1,1,0,2,0,2,6,2,4
HUNT COUNTY,231,91 Years,111,45,66,93,37,56,7,3,4,0,0,0,2,1,1,9,4,5
HUNT COUNTY,231,92 Years,95,36,59,80,31,49,6,3,3,0,0,0,1,0,1,8,2,6
HUNT COUNTY,231,93 Years,78,29,49,64,24,40,5,2,3,0,0,0,2,0,2,7,3,4
HUNT COUNTY,231,94 Years,56,18,38,44,13,31,6,2,4,0,0,0,1,0,1,5,3,2
HUNT COUNTY,231,95 Years +,139,38,101,120,31,89,10,3,7,1,0,1,1,0,1,7,4,3
HUTCHINSON COUNTY,233,All Ages,20782,10469,10313,14319,7122,7197,555,310,245,102,43,59,814,403,411,4992,2591,2401
HUTCHINSON COUNTY,233,< 1 Year,264,144,120,174,94,80,7,5,2,2,1,1,16,8,8,65,36,29
HUTCHINSON COUNTY,233,1 Years,270,140,130,167,86,81,8,4,4,2,1,1,18,9,9,75,40,35
HUTCHINSON COUNTY,233,2 Years,282,143,139,166,84,82,8,2,6,3,1,2,22,10,12,83,46,37
HUTCHINSON COUNTY,233,3 Years,291,141,150,168,80,88,12,5,7,3,1,2,22,10,12,86,45,41
HUTCHINSON COUNTY,233,4 Years,288,145,143,173,86,87,10,5,5,2,1,1,20,10,10,83,43,40
HUTCHINSON COUNTY,233,5 Years,294,149,145,179,87,92,8,5,3,2,1,1,17,10,7,88,46,42
HUTCHINSON COUNTY,233,6 Years,294,149,145,175,88,87,5,3,2,0,0,0,18,11,7,96,47,49
HUTCHINSON COUNTY,233,7 Years,280,136,144,164,80,84,5,2,3,2,1,1,19,9,10,90,44,46
HUTCHINSON COUNTY,233,8 Years,297,148,149,175,92,83,4,3,1,2,1,1,18,11,7,98,41,57
HUTCHINSON COUNTY,233,9 Years,297,146,151,177,92,85,4,3,1,1,0,1,19,8,11,96,43,53
HUTCHINSON COUNTY,233,10 Years,321,173,148,195,103,92,5,3,2,0,0,0,12,5,7,109,62,47
HUTCHINSON COUNTY,233,11 Years,294,141,153,172,84,88,6,3,3,1,0,1,15,3,12,100,51,49
HUTCHINSON COUNTY,233,12 Years,280,131,149,148,69,79,6,3,3,1,0,1,19,5,14,106,54,52
HUTCHINSON COUNTY,233,13 Years,306,143,163,182,88,94,4,2,2,1,0,1,14,6,8,105,47,58
HUTCHINSON COUNTY,233,14 Years,280,135,145,153,73,80,3,1,2,1,0,1,14,7,7,109,54,55
HUTCHINSON COUNTY,233,15 Years,284,145,139,151,78,73,5,2,3,1,0,1,13,9,4,114,56,58
HUTCHINSON COUNTY,233,16 Years,286,149,137,169,87,82,7,4,3,1,1,0,13,9,4,96,48,48
HUTCHINSON COUNTY,233,17 Years,290,160,130,168,97,71,10,6,4,2,2,0,11,7,4,99,48,51
HUTCHINSON COUNTY,233,18 Years,272,143,129,150,81,69,10,5,5,1,1,0,10,6,4,101,50,51
HUTCHINSON COUNTY,233,19 Years,244,126,118,138,73,65,8,5,3,0,0,0,13,6,7,85,42,43
HUTCHINSON COUNTY,233,20 Years,226,117,109,128,66,62,4,3,1,0,0,0,13,5,8,81,43,38
HUTCHINSON COUNTY,233,21 Years,235,115,120,132,69,63,8,4,4,1,0,1,10,5,5,84,37,47
HUTCHINSON COUNTY,233,22 Years,244,117,127,142,70,72,8,3,5,2,0,2,12,7,5,80,37,43
HUTCHINSON COUNTY,233,23 Years,276,148,128,162,84,78,8,6,2,2,0,2,10,5,5,94,53,41
HUTCHINSON COUNTY,233,24 Years,257,140,117,156,81,75,8,7,1,2,0,2,8,3,5,83,49,34
HUTCHINSON COUNTY,233,25 Years,280,159,121,174,91,83,12,6,6,1,0,1,9,7,2,84,55,29
HUTCHINSON COUNTY,233,26 Years,279,153,126,184,101,83,8,3,5,1,1,0,11,6,5,75,42,33
HUTCHINSON COUNTY,233,27 Years,273,149,124,175,101,74,11,5,6,1,1,0,6,3,3,80,39,41
HUTCHINSON COUNTY,233,28 Years,260,134,126,165,90,75,10,8,2,1,1,0,7,3,4,77,32,45
HUTCHINSON COUNTY,233,29 Years,260,125,135,168,83,85,6,5,1,1,1,0,11,5,6,74,31,43
HUTCHINSON COUNTY,233,30 Years,261,126,135,185,94,91,5,2,3,0,0,0,8,3,5,63,27,36
HUTCHINSON COUNTY,233,31 Years,251,123,128,171,80,91,6,3,3,0,0,0,6,2,4,68,38,30
HUTCHINSON COUNTY,233,32 Years,264,136,128,182,92,90,4,2,2,1,1,0,8,3,5,69,38,31
HUTCHINSON COUNTY,233,33 Years,269,136,133,176,82,94,6,4,2,1,1,0,8,4,4,78,45,33
HUTCHINSON COUNTY,233,34 Years,265,141,124,181,93,88,8,7,1,1,0,1,8,5,3,67,36,31
HUTCHINSON COUNTY,233,35 Years,301,156,145,206,102,104,6,5,1,0,0,0,8,4,4,81,45,36
HUTCHINSON COUNTY,233,36 Years,274,145,129,176,86,90,7,5,2,1,1,0,8,5,3,82,48,34
HUTCHINSON COUNTY,233,37 Years,253,139,114,165,84,81,6,5,1,1,1,0,7,5,2,74,44,30
HUTCHINSON COUNTY,233,38 Years,260,139,121,178,92,86,6,4,2,0,0,0,6,3,3,70,40,30
HUTCHINSON COUNTY,233,39 Years,267,136,131,179,94,85,5,3,2,1,0,1,9,5,4,73,34,39
HUTCHINSON COUNTY,233,40 Years,272,139,133,184,94,90,8,5,3,1,0,1,13,4,9,66,36,30
HUTCHINSON COUNTY,233,41 Years,270,136,134,180,87,93,10,7,3,1,1,0,8,4,4,71,37,34
HUTCHINSON COUNTY,233,42 Years,247,134,113,173,91,82,5,3,2,2,1,1,8,6,2,59,33,26
HUTCHINSON COUNTY,233,43 Years,263,135,128,182,90,92,8,3,5,2,1,1,6,3,3,65,38,27
HUTCHINSON COUNTY,233,44 Years,248,122,126,168,77,91,7,5,2,2,2,0,3,0,3,68,38,30
HUTCHINSON COUNTY,233,45 Years,263,131,132,179,86,93,8,5,3,2,1,1,5,3,2,69,36,33
HUTCHINSON COUNTY,233,46 Years,248,119,129,173,80,93,10,4,6,2,1,1,7,5,2,56,29,27
HUTCHINSON COUNTY,233,47 Years,239,115,124,167,81,86,5,2,3,2,0,2,6,4,2,59,28,31
HUTCHINSON COUNTY,233,48 Years,241,112,129,179,82,97,2,1,1,1,0,1,6,4,2,53,25,28
HUTCHINSON COUNTY,233,49 Years,230,114,116,158,71,87,5,4,1,2,2,0,8,6,2,57,31,26
HUTCHINSON COUNTY,233,50 Years,225,113,112,160,78,82,3,2,1,2,1,1,7,3,4,53,29,24
HUTCHINSON COUNTY,233,51 Years,225,120,105,162,84,78,5,1,4,0,0,0,7,4,3,51,31,20
HUTCHINSON COUNTY,233,52 Years,213,108,105,156,81,75,5,2,3,1,0,1,9,5,4,42,20,22
HUTCHINSON COUNTY,233,53 Years,216,112,104,162,82,80,10,6,4,1,1,0,4,3,1,39,20,19
HUTCHINSON COUNTY,233,54 Years,251,120,131,186,92,94,4,3,1,2,1,1,10,4,6,49,20,29
HUTCHINSON COUNTY,233,55 Years,254,126,128,189,97,92,6,3,3,1,0,1,11,5,6,47,21,26
HUTCHINSON COUNTY,233,56 Years,269,138,131,214,110,104,6,3,3,1,0,1,8,4,4,40,21,19
HUTCHINSON COUNTY,233,57 Years,282,143,139,224,115,109,5,2,3,1,0,1,13,6,7,39,20,19
HUTCHINSON COUNTY,233,58 Years,271,146,125,209,105,104,11,6,5,1,1,0,10,7,3,40,27,13
HUTCHINSON COUNTY,233,59 Years,273,141,132,216,111,105,9,5,4,1,1,0,7,2,5,40,22,18
HUTCHINSON COUNTY,233,60 Years,283,145,138,228,118,110,8,5,3,1,1,0,7,3,4,39,18,21
HUTCHINSON COUNTY,233,61 Years,295,153,142,235,121,114,9,5,4,4,1,3,4,3,1,43,23,20
HUTCHINSON COUNTY,233,62 Years,262,135,127,209,106,103,14,8,6,1,0,1,8,5,3,30,16,14
HUTCHINSON COUNTY,233,63 Years,270,140,130,220,110,110,14,8,6,2,0,2,9,6,3,25,16,9
HUTCHINSON COUNTY,233,64 Years,260,133,127,208,105,103,11,4,7,1,0,1,12,5,7,28,19,9
HUTCHINSON COUNTY,233,65 Years,259,123,136,209,99,110,8,4,4,1,1,0,12,4,8,29,15,14
HUTCHINSON COUNTY,233,66 Years,232,115,117,192,95,97,7,4,3,0,0,0,9,3,6,24,13,11
HUTCHINSON COUNTY,233,67 Years,251,127,124,210,104,106,5,3,2,0,0,0,9,4,5,27,16,11
HUTCHINSON COUNTY,233,68 Years,217,116,101,178,93,85,4,2,2,0,0,0,8,3,5,27,18,9
HUTCHINSON COUNTY,233,69 Years,192,100,92,161,84,77,8,5,3,1,0,1,3,1,2,19,10,9
HUTCHINSON COUNTY,233,70 Years,198,101,97,162,80,82,7,4,3,1,1,0,4,1,3,24,15,9
HUTCHINSON COUNTY,233,71 Years,171,86,85,146,72,74,5,4,1,1,0,1,2,1,1,17,9,8
HUTCHINSON COUNTY,233,72 Years,149,69,80,125,57,68,4,3,1,2,1,1,1,1,0,17,7,10
HUTCHINSON COUNTY,233,73 Years,149,70,79,124,58,66,5,3,2,1,0,1,4,1,3,15,8,7
HUTCHINSON COUNTY,233,74 Years,150,77,73,122,64,58,1,1,0,2,1,1,7,3,4,18,8,10
HUTCHINSON COUNTY,233,75 Years,131,61,70,111,51,60,2,1,1,1,0,1,4,1,3,13,8,5
HUTCHINSON COUNTY,233,76 Years,130,53,77,112,42,70,7,5,2,0,0,0,1,1,0,10,5,5
HUTCHINSON COUNTY,233,77 Years,115,56,59,99,47,52,4,2,2,0,0,0,2,1,1,10,6,4
HUTCHINSON COUNTY,233,78 Years,119,58,61,96,46,50,3,1,2,2,2,0,7,3,4,11,6,5
HUTCHINSON COUNTY,233,79 Years,109,43,66,93,34,59,2,0,2,2,1,1,5,4,1,7,4,3
HUTCHINSON COUNTY,233,80 Years,92,36,56,82,31,51,1,0,1,1,0,1,4,3,1,4,2,2
HUTCHINSON COUNTY,233,81 Years,95,42,53,83,36,47,1,0,1,0,0,0,5,2,3,6,4,2
HUTCHINSON COUNTY,233,82 Years,88,40,48,73,36,37,2,0,2,2,0,2,4,2,2,7,2,5
HUTCHINSON COUNTY,233,83 Years,75,29,46,63,25,38,1,0,1,0,0,0,4,2,2,7,2,5
HUTCHINSON COUNTY,233,84 Years,74,34,40,62,27,35,1,1,0,0,0,0,3,2,1,8,4,4
HUTCHINSON COUNTY,233,85 Years,73,32,41,59,24,35,2,1,1,0,0,0,3,1,2,9,6,3
HUTCHINSON COUNTY,233,86 Years,66,26,40,54,22,32,2,0,2,0,0,0,4,1,3,6,3,3
HUTCHINSON COUNTY,233,87 Years,56,24,32,47,19,28,2,1,1,1,0,1,2,1,1,4,3,1
HUTCHINSON COUNTY,233,88 Years,49,22,27,42,18,24,0,0,0,0,0,0,3,1,2,4,3,1
HUTCHINSON COUNTY,233,89 Years,40,16,24,34,14,20,0,0,0,0,0,0,2,1,1,4,1,3
HUTCHINSON COUNTY,233,90 Years,39,17,22,32,13,19,1,1,0,0,0,0,3,2,1,3,1,2
HUTCHINSON COUNTY,233,91 Years,31,13,18,27,11,16,0,0,0,0,0,0,2,1,1,2,1,1
HUTCHINSON COUNTY,233,92 Years,26,10,16,22,10,12,0,0,0,0,0,0,0,0,0,4,0,4
HUTCHINSON COUNTY,233,93 Years,20,7,13,16,7,9,0,0,0,0,0,0,1,0,1,3,0,3
HUTCHINSON COUNTY,233,94 Years,16,6,10,13,5,8,1,0,1,0,0,0,1,0,1,1,1,0
HUTCHINSON COUNTY,233,95 Years +,31,9,22,20,7,13,4,1,3,1,0,1,3,1,2,3,0,3
IRION COUNTY,235,All Ages,1610,804,806,1134,551,583,11,7,4,3,1,2,26,14,12,436,231,205
IRION COUNTY,235,< 1 Year,16,4,12,14,3,11,0,0,0,0,0,0,0,0,0,2,1,1
IRION COUNTY,235,1 Years,15,5,10,13,4,9,0,0,0,0,0,0,0,0,0,2,1,1
IRION COUNTY,235,2 Years,16,6,10,14,5,9,0,0,0,0,0,0,0,0,0,2,1,1
IRION COUNTY,235,3 Years,14,6,8,12,5,7,0,0,0,0,0,0,0,0,0,2,1,1
IRION COUNTY,235,4 Years,16,5,11,13,4,9,0,0,0,0,0,0,0,0,0,3,1,2
IRION COUNTY,235,5 Years,15,6,9,12,5,7,0,0,0,0,0,0,0,0,0,3,1,2
IRION COUNTY,235,6 Years,19,10,9,15,8,7,0,0,0,0,0,0,0,0,0,4,2,2
IRION COUNTY,235,7 Years,15,8,7,12,7,5,0,0,0,0,0,0,0,0,0,3,1,2
IRION COUNTY,235,8 Years,15,8,7,11,5,6,0,0,0,0,0,0,0,0,0,4,3,1
IRION COUNTY,235,9 Years,16,10,6,11,6,5,0,0,0,0,0,0,1,1,0,4,3,1
IRION COUNTY,235,10 Years,16,9,7,9,6,3,0,0,0,0,0,0,1,1,0,6,2,4
IRION COUNTY,235,11 Years,13,7,6,6,3,3,0,0,0,0,0,0,1,0,1,6,4,2
IRION COUNTY,235,12 Years,13,7,6,8,3,5,0,0,0,0,0,0,0,0,0,5,4,1
IRION COUNTY,235,13 Years,12,7,5,7,3,4,0,0,0,0,0,0,0,0,0,5,4,1
IRION COUNTY,235,14 Years,21,9,12,14,5,9,0,0,0,0,0,0,1,1,0,6,3,3
IRION COUNTY,235,15 Years,19,11,8,9,5,4,1,0,1,0,0,0,1,1,0,8,5,3
IRION COUNTY,235,16 Years,23,16,7,16,11,5,0,0,0,0,0,0,2,1,1,5,4,1
IRION COUNTY,235,17 Years,15,8,7,10,6,4,0,0,0,0,0,0,1,0,1,4,2,2
IRION COUNTY,235,18 Years,18,11,7,10,7,3,0,0,0,0,0,0,1,1,0,7,3,4
IRION COUNTY,235,19 Years,17,9,8,8,5,3,0,0,0,0,0,0,0,0,0,9,4,5
IRION COUNTY,235,20 Years,13,8,5,8,5,3,0,0,0,0,0,0,1,0,1,4,3,1
IRION COUNTY,235,21 Years,16,10,6,8,5,3,0,0,0,0,0,0,0,0,0,8,5,3
IRION COUNTY,235,22 Years,17,11,6,8,6,2,0,0,0,0,0,0,0,0,0,9,5,4
IRION COUNTY,235,23 Years,18,10,8,7,4,3,1,1,0,0,0,0,0,0,0,10,5,5
IRION COUNTY,235,24 Years,19,11,8,9,4,5,1,1,0,0,0,0,0,0,0,9,6,3
IRION COUNTY,235,25 Years,25,13,12,15,6,9,1,1,0,0,0,0,0,0,0,9,6,3
IRION COUNTY,235,26 Years,26,15,11,16,9,7,1,1,0,0,0,0,0,0,0,9,5,4
IRION COUNTY,235,27 Years,19,13,6,10,8,2,1,1,0,0,0,0,0,0,0,8,4,4
IRION COUNTY,235,28 Years,10,7,3,6,5,1,0,0,0,0,0,0,0,0,0,4,2,2
IRION COUNTY,235,29 Years,17,10,7,11,7,4,0,0,0,0,0,0,1,0,1,5,3,2
IRION COUNTY,235,30 Years,11,6,5,7,4,3,0,0,0,0,0,0,1,0,1,3,2,1
IRION COUNTY,235,31 Years,15,7,8,10,5,5,0,0,0,0,0,0,0,0,0,5,2,3
IRION COUNTY,235,32 Years,20,14,6,16,12,4,0,0,0,0,0,0,0,0,0,4,2,2
IRION COUNTY,235,33 Years,22,13,9,15,7,8,0,0,0,0,0,0,0,0,0,7,6,1
IRION COUNTY,235,34 Years,21,11,10,15,7,8,0,0,0,0,0,0,0,0,0,6,4,2
IRION COUNTY,235,35 Years,10,6,4,8,6,2,0,0,0,0,0,0,0,0,0,2,0,2
IRION COUNTY,235,36 Years,9,4,5,7,3,4,0,0,0,0,0,0,0,0,0,2,1,1
IRION COUNTY,235,37 Years,13,6,7,9,4,5,0,0,0,0,0,0,1,1,0,3,1,2
IRION COUNTY,235,38 Years,9,3,6,7,3,4,0,0,0,0,0,0,0,0,0,2,0,2
IRION COUNTY,235,39 Years,10,4,6,7,3,4,0,0,0,0,0,0,0,0,0,3,1,2
IRION COUNTY,235,40 Years,20,9,11,15,7,8,0,0,0,0,0,0,0,0,0,5,2,3
IRION COUNTY,235,41 Years,18,8,10,11,5,6,0,0,0,0,0,0,1,0,1,6,3,3
IRION COUNTY,235,42 Years,14,6,8,8,3,5,0,0,0,0,0,0,0,0,0,6,3,3
IRION COUNTY,235,43 Years,16,9,7,12,8,4,0,0,0,0,0,0,1,1,0,3,0,3
IRION COUNTY,235,44 Years,17,9,8,13,8,5,0,0,0,0,0,0,0,0,0,4,1,3
IRION COUNTY,235,45 Years,18,9,9,15,8,7,0,0,0,0,0,0,0,0,0,3,1,2
IRION COUNTY,235,46 Years,24,14,10,19,12,7,1,0,1,0,0,0,1,0,1,3,2,1
IRION COUNTY,235,47 Years,14,9,5,9,6,3,0,0,0,0,0,0,0,0,0,5,3,2
IRION COUNTY,235,48 Years,19,8,11,14,6,8,0,0,0,0,0,0,0,0,0,5,2,3
IRION COUNTY,235,49 Years,21,10,11,16,7,9,0,0,0,0,0,0,0,0,0,5,3,2
IRION COUNTY,235,50 Years,20,10,10,14,6,8,0,0,0,0,0,0,0,0,0,6,4,2
IRION COUNTY,235,51 Years,22,10,12,14,7,7,0,0,0,0,0,0,0,0,0,8,3,5
IRION COUNTY,235,52 Years,17,10,7,10,6,4,0,0,0,0,0,0,0,0,0,7,4,3
IRION COUNTY,235,53 Years,28,12,16,21,10,11,0,0,0,0,0,0,0,0,0,7,2,5
IRION COUNTY,235,54 Years,27,15,12,19,10,9,0,0,0,0,0,0,0,0,0,8,5,3
IRION COUNTY,235,55 Years,29,16,13,21,10,11,0,0,0,0,0,0,2,1,1,6,5,1
IRION COUNTY,235,56 Years,30,12,18,23,7,16,1,1,0,0,0,0,1,1,0,5,3,2
IRION COUNTY,235,57 Years,30,12,18,23,9,14,0,0,0,2,0,2,0,0,0,5,3,2
IRION COUNTY,235,58 Years,26,16,10,20,12,8,0,0,0,0,0,0,0,0,0,6,4,2
IRION COUNTY,235,59 Years,27,16,11,21,12,9,0,0,0,1,1,0,0,0,0,5,3,2
IRION COUNTY,235,60 Years,31,15,16,24,12,12,0,0,0,0,0,0,1,1,0,6,2,4
IRION COUNTY,235,61 Years,29,11,18,22,10,12,0,0,0,0,0,0,0,0,0,7,1,6
IRION COUNTY,235,62 Years,25,15,10,13,8,5,0,0,0,0,0,0,0,0,0,12,7,5
IRION COUNTY,235,63 Years,18,9,9,13,6,7,0,0,0,0,0,0,0,0,0,5,3,2
IRION COUNTY,235,64 Years,20,10,10,14,5,9,0,0,0,0,0,0,0,0,0,6,5,1
IRION COUNTY,235,65 Years,23,12,11,18,9,9,0,0,0,0,0,0,0,0,0,5,3,2
IRION COUNTY,235,66 Years,20,9,11,17,8,9,0,0,0,0,0,0,0,0,0,3,1,2
IRION COUNTY,235,67 Years,14,7,7,11,6,5,0,0,0,0,0,0,0,0,0,3,1,2
IRION COUNTY,235,68 Years,19,10,9,15,7,8,0,0,0,0,0,0,0,0,0,4,3,1
IRION COUNTY,235,69 Years,19,10,9,16,7,9,0,0,0,0,0,0,0,0,0,3,3,0
IRION COUNTY,235,70 Years,23,11,12,16,7,9,0,0,0,0,0,0,1,1,0,6,3,3
IRION COUNTY,235,71 Years,24,13,11,16,7,9,0,0,0,0,0,0,0,0,0,8,6,2
IRION COUNTY,235,72 Years,17,8,9,10,5,5,0,0,0,0,0,0,1,0,1,6,3,3
IRION COUNTY,235,73 Years,14,3,11,12,3,9,0,0,0,0,0,0,0,0,0,2,0,2
IRION COUNTY,235,74 Years,21,9,12,15,6,9,0,0,0,0,0,0,2,1,1,4,2,2
IRION COUNTY,235,75 Years,18,8,10,13,6,7,0,0,0,0,0,0,2,1,1,3,1,2
IRION COUNTY,235,76 Years,20,11,9,17,10,7,1,1,0,0,0,0,0,0,0,2,0,2
IRION COUNTY,235,77 Years,23,12,11,21,11,10,0,0,0,0,0,0,0,0,0,2,1,1
IRION COUNTY,235,78 Years,15,6,9,13,6,7,1,0,1,0,0,0,0,0,0,1,0,1
IRION COUNTY,235,79 Years,16,5,11,13,5,8,1,0,1,0,0,0,0,0,0,2,0,2
IRION COUNTY,235,80 Years,12,8,4,10,6,4,0,0,0,0,0,0,0,0,0,2,2,0
IRION COUNTY,235,81 Years,9,6,3,4,3,1,0,0,0,0,0,0,0,0,0,5,3,2
IRION COUNTY,235,82 Years,12,5,7,7,2,5,0,0,0,0,0,0,0,0,0,5,3,2
IRION COUNTY,235,83 Years,10,3,7,7,2,5,0,0,0,0,0,0,0,0,0,3,1,2
IRION COUNTY,235,84 Years,13,5,8,8,2,6,0,0,0,0,0,0,0,0,0,5,3,2
IRION COUNTY,235,85 Years,8,2,6,6,2,4,0,0,0,0,0,0,0,0,0,2,0,2
IRION COUNTY,235,86 Years,9,3,6,7,2,5,0,0,0,0,0,0,0,0,0,2,1,1
IRION COUNTY,235,87 Years,8,3,5,6,2,4,0,0,0,0,0,0,0,0,0,2,1,1
IRION COUNTY,235,88 Years,7,2,5,5,1,4,0,0,0,0,0,0,0,0,0,2,1,1
IRION COUNTY,235,89 Years,4,1,3,3,1,2,0,0,0,0,0,0,0,0,0,1,0,1
IRION COUNTY,235,90 Years,6,1,5,4,1,3,0,0,0,0,0,0,0,0,0,2,0,2
IRION COUNTY,235,91 Years,5,2,3,3,1,2,0,0,0,0,0,0,0,0,0,2,1,1
IRION COUNTY,235,92 Years,3,1,2,2,1,1,0,0,0,0,0,0,0,0,0,1,0,1
IRION COUNTY,235,93 Years,2,0,2,2,0,2,0,0,0,0,0,0,0,0,0,0,0,0
IRION COUNTY,235,94 Years,3,1,2,3,1,2,0,0,0,0,0,0,0,0,0,0,0,0
IRION COUNTY,235,95 Years +,9,3,6,7,2,5,0,0,0,0,0,0,0,0,0,2,1,1
JACK COUNTY,237,All Ages,9249,5201,4048,7034,3793,3241,356,314,42,43,22,21,127,64,63,1689,1008,681
JACK COUNTY,237,< 1 Year,97,51,46,66,40,26,0,0,0,2,1,1,3,2,1,26,8,18
JACK COUNTY,237,1 Years,101,52,49,67,37,30,0,0,0,3,2,1,3,1,2,28,12,16
JACK COUNTY,237,2 Years,112,62,50,73,40,33,0,0,0,1,1,0,3,2,1,35,19,16
JACK COUNTY,237,3 Years,114,61,53,72,38,34,0,0,0,2,2,0,3,2,1,37,19,18
JACK COUNTY,237,4 Years,114,59,55,74,37,37,0,0,0,0,0,0,3,2,1,37,20,17
JACK COUNTY,237,5 Years,112,57,55,74,38,36,0,0,0,0,0,0,4,3,1,34,16,18
JACK COUNTY,237,6 Years,116,55,61,77,38,39,0,0,0,0,0,0,2,1,1,37,16,21
JACK COUNTY,237,7 Years,121,64,57,78,41,37,0,0,0,0,0,0,2,1,1,41,22,19
JACK COUNTY,237,8 Years,120,50,70,71,23,48,3,1,2,0,0,0,2,2,0,44,24,20
JACK COUNTY,237,9 Years,108,52,56,63,26,37,2,0,2,0,0,0,1,0,1,42,26,16
JACK COUNTY,237,10 Years,106,60,46,66,35,31,0,0,0,0,0,0,1,0,1,39,25,14
JACK COUNTY,237,11 Years,116,71,45,74,44,30,1,1,0,0,0,0,4,2,2,37,24,13
JACK COUNTY,237,12 Years,106,60,46,73,42,31,0,0,0,0,0,0,5,3,2,28,15,13
JACK COUNTY,237,13 Years,105,63,42,64,41,23,1,1,0,0,0,0,1,1,0,39,20,19
JACK COUNTY,237,14 Years,102,56,46,62,34,28,3,2,1,1,0,1,0,0,0,36,20,16
JACK COUNTY,237,15 Years,103,53,50,65,30,35,3,2,1,0,0,0,1,1,0,34,20,14
JACK COUNTY,237,16 Years,94,49,45,68,32,36,1,1,0,0,0,0,2,1,1,23,15,8
JACK COUNTY,237,17 Years,95,48,47,68,33,35,2,0,2,1,0,1,0,0,0,24,15,9
JACK COUNTY,237,18 Years,133,86,47,87,53,34,3,3,0,0,0,0,3,3,0,40,27,13
JACK COUNTY,237,19 Years,120,75,45,75,44,31,7,6,1,0,0,0,1,0,1,37,25,12
JACK COUNTY,237,20 Years,122,80,42,77,50,27,4,4,0,2,1,1,0,0,0,39,25,14
JACK COUNTY,237,21 Years,124,80,44,77,48,29,10,7,3,1,1,0,2,0,2,34,24,10
JACK COUNTY,237,22 Years,122,77,45,82,49,33,7,6,1,0,0,0,3,1,2,30,21,9
JACK COUNTY,237,23 Years,117,73,44,81,50,31,7,7,0,0,0,0,3,1,2,26,15,11
JACK COUNTY,237,24 Years,137,92,45,99,69,30,3,3,0,0,0,0,3,2,1,32,18,14
JACK COUNTY,237,25 Years,145,99,46,104,68,36,8,8,0,0,0,0,1,1,0,32,22,10
JACK COUNTY,237,26 Years,139,90,49,97,58,39,4,4,0,0,0,0,2,2,0,36,26,10
JACK COUNTY,237,27 Years,141,91,50,95,56,39,13,12,1,1,0,1,1,0,1,31,23,8
JACK COUNTY,237,28 Years,137,91,46,93,56,37,9,9,0,1,1,0,0,0,0,34,25,9
JACK COUNTY,237,29 Years,135,86,49,87,49,38,15,15,0,1,1,0,1,0,1,31,21,10
JACK COUNTY,237,30 Years,150,86,64,104,54,50,12,12,0,2,2,0,2,1,1,30,17,13
JACK COUNTY,237,31 Years,126,78,48,91,52,39,12,11,1,1,1,0,0,0,0,22,14,8
JACK COUNTY,237,32 Years,138,87,51,100,60,40,9,9,0,0,0,0,0,0,0,29,18,11
JACK COUNTY,237,33 Years,131,87,44,91,57,34,12,12,0,1,0,1,0,0,0,27,18,9
JACK COUNTY,237,34 Years,125,87,38,90,59,31,7,7,0,2,1,1,0,0,0,26,20,6
JACK COUNTY,237,35 Years,105,67,38,74,43,31,9,8,1,1,1,0,1,1,0,20,14,6
JACK COUNTY,237,36 Years,107,70,37,76,48,28,10,8,2,0,0,0,0,0,0,21,14,7
JACK COUNTY,237,37 Years,112,70,42,75,43,32,14,14,0,1,0,1,2,1,1,20,12,8
JACK COUNTY,237,38 Years,106,68,38,70,43,27,11,10,1,0,0,0,2,1,1,23,14,9
JACK COUNTY,237,39 Years,96,61,35,73,45,28,7,5,2,0,0,0,2,1,1,14,10,4
JACK COUNTY,237,40 Years,94,57,37,69,43,26,7,6,1,0,0,0,2,1,1,16,7,9
JACK COUNTY,237,41 Years,106,64,42,75,39,36,7,7,0,2,2,0,2,2,0,20,14,6
JACK COUNTY,237,42 Years,102,64,38,78,45,33,6,6,0,1,1,0,0,0,0,17,12,5
JACK COUNTY,237,43 Years,109,56,53,79,36,43,6,6,0,1,0,1,0,0,0,23,14,9
JACK COUNTY,237,44 Years,112,62,50,87,47,40,6,6,0,1,0,1,0,0,0,18,9,9
JACK COUNTY,237,45 Years,122,68,54,91,48,43,9,9,0,0,0,0,0,0,0,22,11,11
JACK COUNTY,237,46 Years,117,68,49,86,45,41,7,7,0,1,1,0,0,0,0,23,15,8
JACK COUNTY,237,47 Years,111,61,50,85,43,42,5,5,0,1,0,1,0,0,0,20,13,7
JACK COUNTY,237,48 Years,123,67,56,99,56,43,4,4,0,1,0,1,1,0,1,18,7,11
JACK COUNTY,237,49 Years,118,68,50,94,53,41,4,4,0,0,0,0,2,0,2,18,11,7
JACK COUNTY,237,50 Years,135,78,57,106,59,47,5,5,0,0,0,0,2,2,0,22,12,10
JACK COUNTY,237,51 Years,119,72,47,92,52,40,6,6,0,0,0,0,2,2,0,19,12,7
JACK COUNTY,237,52 Years,117,69,48,97,53,44,6,5,1,1,1,0,0,0,0,13,10,3
JACK COUNTY,237,53 Years,132,76,56,110,61,49,6,6,0,1,0,1,4,3,1,11,6,5
JACK COUNTY,237,54 Years,141,86,55,120,73,47,7,6,1,1,0,1,1,0,1,12,7,5
JACK COUNTY,237,55 Years,130,78,52,114,66,48,4,4,0,0,0,0,1,0,1,11,8,3
JACK COUNTY,237,56 Years,132,78,54,110,65,45,3,3,0,0,0,0,4,2,2,15,8,7
JACK COUNTY,237,57 Years,135,72,63,114,61,53,3,2,1,1,1,0,4,2,2,13,6,7
JACK COUNTY,237,58 Years,127,67,60,108,55,53,4,3,1,0,0,0,3,2,1,12,7,5
JACK COUNTY,237,59 Years,116,56,60,99,47,52,3,2,1,2,0,2,1,1,0,11,6,5
JACK COUNTY,237,60 Years,115,63,52,98,50,48,5,5,0,0,0,0,0,0,0,12,8,4
JACK COUNTY,237,61 Years,115,62,53,100,52,48,5,3,2,0,0,0,1,1,0,9,6,3
JACK COUNTY,237,62 Years,118,61,57,107,54,53,4,4,0,0,0,0,2,0,2,5,3,2
JACK COUNTY,237,63 Years,103,52,51,94,48,46,1,1,0,0,0,0,3,0,3,5,3,2
JACK COUNTY,237,64 Years,94,48,46,86,43,43,2,1,1,0,0,0,2,1,1,4,3,1
JACK COUNTY,237,65 Years,121,61,60,112,57,55,1,1,0,1,0,1,1,0,1,6,3,3
JACK COUNTY,237,66 Years,100,48,52,92,44,48,3,2,1,1,0,1,1,1,0,3,1,2
JACK COUNTY,237,67 Years,74,36,38,68,34,34,2,0,2,1,0,1,1,1,0,2,1,1
JACK COUNTY,237,68 Years,73,38,35,70,37,33,1,0,1,0,0,0,1,0,1,1,1,0
JACK COUNTY,237,69 Years,88,38,50,85,36,49,1,0,1,0,0,0,0,0,0,2,2,0
JACK COUNTY,237,70 Years,91,41,50,87,39,48,2,1,1,0,0,0,0,0,0,2,1,1
JACK COUNTY,237,71 Years,93,41,52,89,38,51,3,2,1,0,0,0,0,0,0,1,1,0
JACK COUNTY,237,72 Years,71,37,34,66,36,30,0,0,0,1,0,1,0,0,0,4,1,3
JACK COUNTY,237,73 Years,75,35,40,68,31,37,1,1,0,0,0,0,2,1,1,4,2,2
JACK COUNTY,237,74 Years,69,29,40,65,27,38,1,1,0,0,0,0,1,0,1,2,1,1
JACK COUNTY,237,75 Years,68,25,43,64,24,40,0,0,0,0,0,0,1,0,1,3,1,2
JACK COUNTY,237,76 Years,66,34,32,59,30,29,1,0,1,0,0,0,1,0,1,5,4,1
JACK COUNTY,237,77 Years,71,35,36,65,32,33,0,0,0,1,1,0,3,0,3,2,2,0
JACK COUNTY,237,78 Years,65,30,35,60,28,32,0,0,0,0,0,0,1,0,1,4,2,2
JACK COUNTY,237,79 Years,55,25,30,50,22,28,1,1,0,0,0,0,0,0,0,4,2,2
JACK COUNTY,237,80 Years,54,28,26,51,26,25,1,1,0,0,0,0,0,0,0,2,1,1
JACK COUNTY,237,81 Years,39,15,24,36,14,22,0,0,0,0,0,0,0,0,0,3,1,2
JACK COUNTY,237,82 Years,45,23,22,41,19,22,0,0,0,0,0,0,3,3,0,1,1,0
JACK COUNTY,237,83 Years,42,18,24,38,18,20,0,0,0,0,0,0,1,0,1,3,0,3
JACK COUNTY,237,84 Years,31,14,17,30,14,16,0,0,0,0,0,0,0,0,0,1,0,1
JACK COUNTY,237,85 Years,32,19,13,31,18,13,0,0,0,0,0,0,0,0,0,1,1,0
JACK COUNTY,237,86 Years,30,13,17,23,11,12,1,0,1,0,0,0,1,0,1,5,2,3
JACK COUNTY,237,87 Years,23,10,13,21,10,11,0,0,0,0,0,0,1,0,1,1,0,1
JACK COUNTY,237,88 Years,27,13,14,26,13,13,0,0,0,0,0,0,0,0,0,1,0,1
JACK COUNTY,237,89 Years,23,11,12,22,11,11,0,0,0,0,0,0,0,0,0,1,0,1
JACK COUNTY,237,90 Years,17,9,8,17,9,8,0,0,0,0,0,0,0,0,0,0,0,0
JACK COUNTY,237,91 Years,12,5,7,12,5,7,0,0,0,0,0,0,0,0,0,0,0,0
JACK COUNTY,237,92 Years,11,3,8,9,3,6,2,0,2,0,0,0,0,0,0,0,0,0
JACK COUNTY,237,93 Years,9,2,7,7,2,5,1,0,1,0,0,0,1,0,1,0,0,0
JACK COUNTY,237,94 Years,7,2,5,6,2,4,0,0,0,0,0,0,1,0,1,0,0,0
JACK COUNTY,237,95 Years +,14,6,8,13,6,7,0,0,0,0,0,0,0,0,0,1,0,1
JACKSON COUNTY,239,All Ages,15234,7540,7694,8635,4172,4463,1033,482,551,67,35,32,216,111,105,5283,2740,2543
JACKSON COUNTY,239,< 1 Year,230,107,123,91,38,53,17,7,10,5,2,3,18,9,9,99,51,48
JACKSON COUNTY,239,1 Years,221,103,118,90,38,52,14,7,7,3,1,2,12,5,7,102,52,50
JACKSON COUNTY,239,2 Years,221,104,117,89,40,49,12,6,6,3,1,2,12,6,6,105,51,54
JACKSON COUNTY,239,3 Years,215,104,111,90,45,45,12,6,6,2,1,1,7,3,4,104,49,55
JACKSON COUNTY,239,4 Years,215,99,116,93,44,49,15,6,9,1,0,1,4,1,3,102,48,54
JACKSON COUNTY,239,5 Years,216,101,115,94,41,53,18,8,10,2,1,1,6,3,3,96,48,48
JACKSON COUNTY,239,6 Years,211,96,115,91,36,55,16,7,9,1,1,0,4,2,2,99,50,49
JACKSON COUNTY,239,7 Years,215,103,112,92,39,53,18,8,10,2,1,1,6,5,1,97,50,47
JACKSON COUNTY,239,8 Years,242,134,108,106,60,46,21,6,15,1,1,0,5,1,4,109,66,43
JACKSON COUNTY,239,9 Years,229,111,118,100,51,49,17,7,10,1,1,0,5,4,1,106,48,58
JACKSON COUNTY,239,10 Years,227,106,121,90,42,48,21,16,5,1,1,0,6,3,3,109,44,65
JACKSON COUNTY,239,11 Years,219,95,124,87,38,49,17,11,6,0,0,0,4,2,2,111,44,67
JACKSON COUNTY,239,12 Years,233,105,128,103,45,58,14,7,7,0,0,0,5,1,4,111,52,59
JACKSON COUNTY,239,13 Years,216,105,111,100,49,51,14,7,7,1,0,1,3,1,2,98,48,50
JACKSON COUNTY,239,14 Years,214,111,103,104,50,54,14,7,7,0,0,0,5,2,3,91,52,39
JACKSON COUNTY,239,15 Years,207,103,104,99,47,52,17,10,7,0,0,0,3,2,1,88,44,44
JACKSON COUNTY,239,16 Years,189,95,94,102,49,53,17,9,8,1,1,0,0,0,0,69,36,33
JACKSON COUNTY,239,17 Years,203,113,90,98,54,44,11,7,4,1,1,0,0,0,0,93,51,42
JACKSON COUNTY,239,18 Years,205,117,88,91,51,40,13,6,7,0,0,0,3,2,1,98,58,40
JACKSON COUNTY,239,19 Years,154,84,70,75,40,35,8,2,6,0,0,0,2,1,1,69,41,28
JACKSON COUNTY,239,20 Years,164,96,68,79,46,33,14,7,7,0,0,0,2,1,1,69,42,27
JACKSON COUNTY,239,21 Years,186,103,83,83,47,36,15,8,7,1,0,1,1,1,0,86,47,39
JACKSON COUNTY,239,22 Years,174,91,83,79,43,36,13,6,7,0,0,0,2,1,1,80,41,39
JACKSON COUNTY,239,23 Years,167,92,75,78,46,32,15,7,8,1,0,1,4,1,3,69,38,31
JACKSON COUNTY,239,24 Years,169,92,77,82,42,40,19,12,7,1,1,0,2,1,1,65,36,29
JACKSON COUNTY,239,25 Years,199,108,91,99,55,44,20,11,9,1,0,1,2,2,0,77,40,37
JACKSON COUNTY,239,26 Years,228,116,112,121,54,67,18,10,8,1,1,0,3,2,1,85,49,36
JACKSON COUNTY,239,27 Years,223,102,121,122,47,75,17,9,8,1,1,0,4,4,0,79,41,38
JACKSON COUNTY,239,28 Years,191,86,105,98,37,61,12,8,4,1,0,1,2,1,1,78,40,38
JACKSON COUNTY,239,29 Years,176,95,81,96,53,43,10,7,3,1,0,1,2,0,2,67,35,32
JACKSON COUNTY,239,30 Years,178,92,86,92,49,43,12,6,6,2,2,0,2,1,1,70,34,36
JACKSON COUNTY,239,31 Years,180,89,91,98,53,45,11,2,9,1,1,0,0,0,0,70,33,37
JACKSON COUNTY,239,32 Years,195,101,94,101,48,53,9,5,4,1,1,0,0,0,0,84,47,37
JACKSON COUNTY,239,33 Years,184,97,87,93,47,46,7,4,3,0,0,0,2,2,0,82,44,38
JACKSON COUNTY,239,34 Years,183,92,91,103,50,53,9,5,4,0,0,0,1,1,0,70,36,34
JACKSON COUNTY,239,35 Years,213,112,101,117,58,59,11,5,6,0,0,0,2,1,1,83,48,35
JACKSON COUNTY,239,36 Years,199,102,97,109,57,52,12,2,10,1,0,1,1,0,1,76,43,33
JACKSON COUNTY,239,37 Years,200,100,100,106,54,52,11,3,8,0,0,0,0,0,0,83,43,40
JACKSON COUNTY,239,38 Years,195,98,97,102,49,53,7,5,2,0,0,0,1,0,1,85,44,41
JACKSON COUNTY,239,39 Years,201,106,95,113,59,54,12,6,6,0,0,0,0,0,0,76,41,35
JACKSON COUNTY,239,40 Years,191,92,99,110,51,59,11,4,7,0,0,0,2,0,2,68,37,31
JACKSON COUNTY,239,41 Years,171,87,84,93,46,47,8,2,6,0,0,0,2,1,1,68,38,30
JACKSON COUNTY,239,42 Years,151,71,80,93,47,46,6,3,3,0,0,0,0,0,0,52,21,31
JACKSON COUNTY,239,43 Years,170,93,77,100,52,48,6,4,2,1,0,1,0,0,0,63,37,26
JACKSON COUNTY,239,44 Years,160,74,86,89,42,47,8,3,5,0,0,0,0,0,0,63,29,34
JACKSON COUNTY,239,45 Years,175,84,91,102,45,57,8,5,3,2,1,1,1,1,0,62,32,30
JACKSON COUNTY,239,46 Years,174,81,93,111,48,63,8,5,3,0,0,0,2,2,0,53,26,27
JACKSON COUNTY,239,47 Years,158,79,79,102,50,52,11,7,4,0,0,0,2,1,1,43,21,22
JACKSON COUNTY,239,48 Years,144,76,68,88,46,42,8,3,5,0,0,0,3,2,1,45,25,20
JACKSON COUNTY,239,49 Years,154,83,71,92,47,45,7,2,5,1,0,1,1,1,0,53,33,20
JACKSON COUNTY,239,50 Years,156,84,72,94,47,47,11,5,6,1,0,1,1,1,0,49,31,18
JACKSON COUNTY,239,51 Years,140,73,67,91,46,45,10,6,4,0,0,0,1,1,0,38,20,18
JACKSON COUNTY,239,52 Years,169,87,82,107,57,50,9,4,5,1,1,0,1,0,1,51,25,26
JACKSON COUNTY,239,53 Years,191,95,96,112,55,57,10,2,8,1,1,0,2,2,0,66,35,31
JACKSON COUNTY,239,54 Years,194,90,104,119,52,67,17,8,9,2,0,2,2,1,1,54,29,25
JACKSON COUNTY,239,55 Years,191,99,92,121,60,61,15,7,8,0,0,0,2,1,1,53,31,22
JACKSON COUNTY,239,56 Years,191,91,100,127,59,68,9,2,7,1,1,0,1,1,0,53,28,25
JACKSON COUNTY,239,57 Years,202,106,96,137,71,66,12,5,7,2,2,0,2,1,1,49,27,22
JACKSON COUNTY,239,58 Years,183,99,84,125,67,58,11,6,5,1,1,0,1,0,1,45,25,20
JACKSON COUNTY,239,59 Years,187,94,93,133,68,65,15,4,11,0,0,0,0,0,0,39,22,17
JACKSON COUNTY,239,60 Years,200,93,107,139,64,75,14,4,10,2,0,2,1,1,0,44,24,20
JACKSON COUNTY,239,61 Years,176,88,88,115,57,58,12,6,6,2,1,1,2,1,1,45,23,22
JACKSON COUNTY,239,62 Years,190,87,103,132,58,74,11,6,5,1,1,0,1,0,1,45,22,23
JACKSON COUNTY,239,63 Years,195,91,104,138,60,78,16,9,7,0,0,0,1,1,0,40,21,19
JACKSON COUNTY,239,64 Years,183,80,103,128,53,75,14,6,8,0,0,0,4,1,3,37,20,17
JACKSON COUNTY,239,65 Years,182,93,89,126,66,60,13,5,8,0,0,0,4,3,1,39,19,20
JACKSON COUNTY,239,66 Years,173,95,78,119,66,53,15,8,7,1,1,0,2,1,1,36,19,17
JACKSON COUNTY,239,67 Years,174,89,85,118,60,58,18,8,10,1,1,0,3,2,1,34,18,16
JACKSON COUNTY,239,68 Years,157,81,76,109,58,51,14,6,8,0,0,0,3,1,2,31,16,15
JACKSON COUNTY,239,69 Years,129,61,68,86,42,44,15,7,8,0,0,0,3,1,2,25,11,14
JACKSON COUNTY,239,70 Years,133,70,63,98,50,48,8,4,4,1,0,1,2,1,1,24,15,9
JACKSON COUNTY,239,71 Years,132,66,66,100,45,55,9,5,4,0,0,0,3,2,1,20,14,6
JACKSON COUNTY,239,72 Years,136,68,68,98,47,51,9,5,4,0,0,0,1,1,0,28,15,13
JACKSON COUNTY,239,73 Years,119,60,59,87,42,45,8,5,3,0,0,0,2,2,0,22,11,11
JACKSON COUNTY,239,74 Years,122,63,59,87,42,45,8,5,3,0,0,0,1,1,0,26,15,11
JACKSON COUNTY,239,75 Years,124,53,71,94,41,53,6,2,4,0,0,0,1,1,0,23,9,14
JACKSON COUNTY,239,76 Years,114,51,63,94,43,51,3,1,2,1,0,1,2,1,1,14,6,8
JACKSON COUNTY,239,77 Years,111,52,59,88,42,46,5,1,4,1,0,1,2,1,1,15,8,7
JACKSON COUNTY,239,78 Years,97,44,53,74,34,40,7,3,4,0,0,0,1,0,1,15,7,8
JACKSON COUNTY,239,79 Years,89,43,46,65,32,33,6,2,4,0,0,0,2,0,2,16,9,7
JACKSON COUNTY,239,80 Years,80,40,40,60,28,32,3,1,2,0,0,0,1,1,0,16,10,6
JACKSON COUNTY,239,81 Years,72,25,47,54,18,36,2,0,2,0,0,0,1,0,1,15,7,8
JACKSON COUNTY,239,82 Years,77,32,45,58,23,35,3,1,2,0,0,0,0,0,0,16,8,8
JACKSON COUNTY,239,83 Years,66,33,33,47,23,24,5,3,2,1,1,0,0,0,0,13,6,7
JACKSON COUNTY,239,84 Years,63,24,39,42,16,26,6,3,3,2,2,0,1,0,1,12,3,9
JACKSON COUNTY,239,85 Years,63,22,41,45,17,28,7,1,6,1,1,0,0,0,0,10,3,7
JACKSON COUNTY,239,86 Years,55,20,35,41,16,25,3,0,3,2,0,2,0,0,0,9,4,5
JACKSON COUNTY,239,87 Years,54,24,30,41,20,21,6,2,4,0,0,0,0,0,0,7,2,5
JACKSON COUNTY,239,88 Years,42,17,25,29,13,16,4,1,3,0,0,0,1,0,1,8,3,5
JACKSON COUNTY,239,89 Years,39,16,23,26,11,15,4,1,3,0,0,0,1,0,1,8,4,4
JACKSON COUNTY,239,90 Years,31,14,17,21,10,11,3,1,2,0,0,0,0,0,0,7,3,4
JACKSON COUNTY,239,91 Years,23,7,16,13,5,8,4,1,3,0,0,0,1,0,1,5,1,4
JACKSON COUNTY,239,92 Years,23,9,14,14,6,8,3,1,2,0,0,0,0,0,0,6,2,4
JACKSON COUNTY,239,93 Years,20,7,13,13,4,9,2,1,1,0,0,0,0,0,0,5,2,3
JACKSON COUNTY,239,94 Years,15,6,9,10,4,6,1,0,1,0,0,0,0,0,0,4,2,2
JACKSON COUNTY,239,95 Years +,36,12,24,24,9,15,6,2,4,0,0,0,0,0,0,6,1,5
JASPER COUNTY,241,All Ages,36407,18101,18306,26808,13236,13572,5904,2856,3048,210,102,108,881,409,472,2604,1498,1106
JASPER COUNTY,241,< 1 Year,467,241,226,310,167,143,89,44,45,1,1,0,28,13,15,39,16,23
JASPER COUNTY,241,1 Years,452,232,220,295,157,138,83,43,40,1,1,0,30,10,20,43,21,22
JASPER COUNTY,241,2 Years,475,240,235,313,162,151,82,42,40,1,1,0,30,12,18,49,23,26
JASPER COUNTY,241,3 Years,460,234,226,295,154,141,80,40,40,1,1,0,34,14,20,50,25,25
JASPER COUNTY,241,4 Years,473,244,229,303,157,146,79,38,41,2,2,0,36,22,14,53,25,28
JASPER COUNTY,241,5 Years,454,242,212,287,152,135,82,43,39,1,1,0,36,21,15,48,25,23
JASPER COUNTY,241,6 Years,476,252,224,309,158,151,86,46,40,1,1,0,29,18,11,51,29,22
JASPER COUNTY,241,7 Years,483,251,232,313,159,154,91,49,42,1,0,1,26,15,11,52,28,24
JASPER COUNTY,241,8 Years,523,248,275,340,164,176,98,43,55,1,0,1,26,11,15,58,30,28
JASPER COUNTY,241,9 Years,480,236,244,297,145,152,98,54,44,1,0,1,29,11,18,55,26,29
JASPER COUNTY,241,10 Years,480,232,248,308,149,159,99,49,50,4,2,2,22,9,13,47,23,24
JASPER COUNTY,241,11 Years,498,255,243,318,166,152,99,51,48,5,4,1,22,7,15,54,27,27
JASPER COUNTY,241,12 Years,469,242,227,302,163,139,89,45,44,4,3,1,18,5,13,56,26,30
JASPER COUNTY,241,13 Years,491,263,228,309,167,142,95,49,46,1,1,0,25,11,14,61,35,26
JASPER COUNTY,241,14 Years,508,272,236,320,176,144,102,50,52,5,2,3,22,10,12,59,34,25
JASPER COUNTY,241,15 Years,464,241,223,306,164,142,82,39,43,2,1,1,20,8,12,54,29,25
JASPER COUNTY,241,16 Years,441,242,199,295,158,137,79,44,35,3,1,2,17,10,7,47,29,18
JASPER COUNTY,241,17 Years,444,229,215,287,152,135,80,41,39,5,1,4,16,10,6,56,25,31
JASPER COUNTY,241,18 Years,419,213,206,277,143,134,61,35,26,3,1,2,21,9,12,57,25,32
JASPER COUNTY,241,19 Years,351,171,180,231,114,117,69,37,32,1,0,1,10,2,8,40,18,22
JASPER COUNTY,241,20 Years,338,188,150,220,121,99,64,32,32,3,2,1,14,7,7,37,26,11
JASPER COUNTY,241,21 Years,370,201,169,234,127,107,78,42,36,2,1,1,15,7,8,41,24,17
JASPER COUNTY,241,22 Years,391,191,200,239,118,121,85,43,42,3,0,3,19,9,10,45,21,24
JASPER COUNTY,241,23 Years,421,218,203,271,138,133,89,45,44,3,2,1,17,9,8,41,24,17
JASPER COUNTY,241,24 Years,432,233,199,280,150,130,91,46,45,2,1,1,21,12,9,38,24,14
JASPER COUNTY,241,25 Years,485,265,220,328,178,150,94,51,43,2,0,2,12,4,8,49,32,17
JASPER COUNTY,241,26 Years,466,237,229,319,163,156,92,40,52,1,0,1,14,7,7,40,27,13
JASPER COUNTY,241,27 Years,468,244,224,312,153,159,89,46,43,1,1,0,12,5,7,54,39,15
JASPER COUNTY,241,28 Years,457,235,222,332,162,170,74,39,35,0,0,0,8,4,4,43,30,13
JASPER COUNTY,241,29 Years,429,235,194,332,171,161,64,42,22,0,0,0,4,2,2,29,20,9
JASPER COUNTY,241,30 Years,440,226,214,327,161,166,72,39,33,0,0,0,7,5,2,34,21,13
JASPER COUNTY,241,31 Years,407,195,212,311,148,163,62,28,34,1,0,1,2,0,2,31,19,12
JASPER COUNTY,241,32 Years,403,196,207,290,134,156,70,36,34,1,1,0,6,2,4,36,23,13
JASPER COUNTY,241,33 Years,440,222,218,308,146,162,80,40,40,1,0,1,7,5,2,44,31,13
JASPER COUNTY,241,34 Years,424,222,202,298,152,146,80,39,41,3,2,1,1,1,0,42,28,14
JASPER COUNTY,241,35 Years,438,235,203,307,155,152,75,40,35,6,4,2,5,2,3,45,34,11
JASPER COUNTY,241,36 Years,416,220,196,289,150,139,72,34,38,3,2,1,6,3,3,46,31,15
JASPER COUNTY,241,37 Years,431,202,229,301,142,159,79,33,46,2,1,1,6,3,3,43,23,20
JASPER COUNTY,241,38 Years,431,212,219,309,146,163,72,37,35,3,1,2,5,2,3,42,26,16
JASPER COUNTY,241,39 Years,396,209,187,285,142,143,61,38,23,3,1,2,5,3,2,42,25,17
JASPER COUNTY,241,40 Years,383,189,194,264,122,142,73,38,35,1,1,0,5,3,2,40,25,15
JASPER COUNTY,241,41 Years,375,188,187,253,125,128,81,39,42,4,0,4,4,1,3,33,23,10
JASPER COUNTY,241,42 Years,384,203,181,271,145,126,69,31,38,4,1,3,7,3,4,33,23,10
JASPER COUNTY,241,43 Years,374,180,194,272,126,146,58,30,28,4,3,1,6,1,5,34,20,14
JASPER COUNTY,241,44 Years,364,187,177,272,136,136,51,27,24,5,4,1,3,1,2,33,19,14
JASPER COUNTY,241,45 Years,353,178,175,265,133,132,57,27,30,1,1,0,3,2,1,27,15,12
JASPER COUNTY,241,46 Years,405,181,224,311,142,169,58,24,34,3,0,3,5,1,4,28,14,14
JASPER COUNTY,241,47 Years,444,231,213,342,174,168,55,27,28,11,7,4,6,1,5,30,22,8
JASPER COUNTY,241,48 Years,439,213,226,335,159,176,61,26,35,6,3,3,8,5,3,29,20,9
JASPER COUNTY,241,49 Years,454,229,225,360,177,183,63,31,32,7,4,3,4,3,1,20,14,6
JASPER COUNTY,241,50 Years,458,246,212,361,196,165,68,32,36,5,2,3,4,3,1,20,13,7
JASPER COUNTY,241,51 Years,434,215,219,330,165,165,67,30,37,5,2,3,5,3,2,27,15,12
JASPER COUNTY,241,52 Years,439,215,224,342,172,170,66,27,39,5,2,3,5,3,2,21,11,10
JASPER COUNTY,241,53 Years,490,240,250,382,181,201,79,41,38,5,2,3,6,3,3,18,13,5
JASPER COUNTY,241,54 Years,496,249,247,383,186,197,77,41,36,3,1,2,6,3,3,27,18,9
JASPER COUNTY,241,55 Years,506,238,268,401,190,211,77,34,43,2,0,2,6,1,5,20,13,7
JASPER COUNTY,241,56 Years,542,282,260,422,218,204,85,40,45,3,2,1,4,1,3,28,21,7
JASPER COUNTY,241,57 Years,533,272,261,415,218,197,91,35,56,3,2,1,2,2,0,22,15,7
JASPER COUNTY,241,58 Years,513,245,268,401,197,204,89,35,54,4,2,2,2,1,1,17,10,7
JASPER COUNTY,241,59 Years,478,253,225,368,194,174,88,45,43,2,1,1,4,3,1,16,10,6
JASPER COUNTY,241,60 Years,512,235,277,424,198,226,67,27,40,4,1,3,3,1,2,14,8,6
JASPER COUNTY,241,61 Years,540,264,276,425,211,214,92,41,51,5,3,2,5,3,2,13,6,7
JASPER COUNTY,241,62 Years,477,240,237,365,186,179,89,43,46,4,4,0,4,2,2,15,5,10
JASPER COUNTY,241,63 Years,477,231,246,380,187,193,71,29,42,2,2,0,5,3,2,19,10,9
JASPER COUNTY,241,64 Years,505,246,259,413,200,213,75,36,39,3,2,1,2,1,1,12,7,5
JASPER COUNTY,241,65 Years,464,220,244,386,180,206,63,33,30,2,1,1,3,1,2,10,5,5
JASPER COUNTY,241,66 Years,418,205,213,347,170,177,55,28,27,1,0,1,5,2,3,10,5,5
JASPER COUNTY,241,67 Years,433,201,232,367,171,196,47,22,25,2,0,2,6,3,3,11,5,6
JASPER COUNTY,241,68 Years,464,221,243,391,184,207,55,29,26,2,0,2,6,3,3,10,5,5
JASPER COUNTY,241,69 Years,436,197,239,364,157,207,55,30,25,3,2,1,4,1,3,10,7,3
JASPER COUNTY,241,70 Years,428,196,232,363,162,201,50,27,23,4,2,2,3,2,1,8,3,5
JASPER COUNTY,241,71 Years,421,213,208,356,185,171,47,19,28,3,0,3,8,6,2,7,3,4
JASPER COUNTY,241,72 Years,348,172,176,296,151,145,38,14,24,1,0,1,6,4,2,7,3,4
JASPER COUNTY,241,73 Years,353,166,187,303,147,156,38,14,24,0,0,0,3,2,1,9,3,6
JASPER COUNTY,241,74 Years,344,152,192,292,133,159,36,14,22,1,0,1,6,2,4,9,3,6
JASPER COUNTY,241,75 Years,347,175,172,291,146,145,40,20,20,1,1,0,8,3,5,7,5,2
JASPER COUNTY,241,76 Years,295,136,159,255,118,137,33,14,19,1,0,1,3,2,1,3,2,1
JASPER COUNTY,241,77 Years,250,114,136,211,96,115,29,11,18,0,0,0,2,0,2,8,7,1
JASPER COUNTY,241,78 Years,263,117,146,225,104,121,33,10,23,0,0,0,2,1,1,3,2,1
JASPER COUNTY,241,79 Years,242,98,144,205,88,117,31,9,22,1,0,1,2,0,2,3,1,2
JASPER COUNTY,241,80 Years,200,80,120,169,72,97,26,7,19,0,0,0,2,0,2,3,1,2
JASPER COUNTY,241,81 Years,178,76,102,150,66,84,19,4,15,0,0,0,2,1,1,7,5,2
JASPER COUNTY,241,82 Years,178,76,102,158,70,88,16,3,13,1,1,0,0,0,0,3,2,1
JASPER COUNTY,241,83 Years,173,71,102,155,65,90,13,4,9,1,0,1,2,0,2,2,2,0
JASPER COUNTY,241,84 Years,155,69,86,135,63,72,17,5,12,0,0,0,1,0,1,2,1,1
JASPER COUNTY,241,85 Years,134,61,73,121,58,63,11,3,8,0,0,0,1,0,1,1,0,1
JASPER COUNTY,241,86 Years,113,48,65,98,43,55,9,4,5,0,0,0,1,0,1,5,1,4
JASPER COUNTY,241,87 Years,111,48,63,93,42,51,12,4,8,0,0,0,1,1,0,5,1,4
JASPER COUNTY,241,88 Years,105,41,64,89,33,56,10,4,6,0,0,0,2,1,1,4,3,1
JASPER COUNTY,241,89 Years,81,32,49,69,26,43,7,3,4,1,0,1,1,0,1,3,3,0
JASPER COUNTY,241,90 Years,74,26,48,65,22,43,7,3,4,0,0,0,1,0,1,1,1,0
JASPER COUNTY,241,91 Years,60,20,40,52,18,34,6,2,4,0,0,0,1,0,1,1,0,1
JASPER COUNTY,241,92 Years,45,16,29,36,14,22,7,1,6,0,0,0,1,0,1,1,1,0
JASPER COUNTY,241,93 Years,39,12,27,33,11,22,5,1,4,0,0,0,0,0,0,1,0,1
JASPER COUNTY,241,94 Years,28,8,20,23,6,17,5,2,3,0,0,0,0,0,0,0,0,0
JASPER COUNTY,241,95 Years +,61,18,43,46,13,33,11,4,7,0,0,0,1,0,1,3,1,2
JEFF DAVIS COUNTY,243,All Ages,2407,1181,1226,1379,649,730,10,8,2,9,3,6,58,33,25,951,488,463
JEFF DAVIS COUNTY,243,< 1 Year,26,14,12,3,0,3,0,0,0,0,0,0,0,0,0,23,14,9
JEFF DAVIS COUNTY,243,1 Years,24,12,12,3,0,3,0,0,0,0,0,0,0,0,0,21,12,9
JEFF DAVIS COUNTY,243,2 Years,14,9,5,2,2,0,0,0,0,0,0,0,3,2,1,9,5,4
JEFF DAVIS COUNTY,243,3 Years,14,5,9,2,0,2,0,0,0,0,0,0,3,1,2,9,4,5
JEFF DAVIS COUNTY,243,4 Years,13,4,9,3,0,3,0,0,0,0,0,0,0,0,0,10,4,6
JEFF DAVIS COUNTY,243,5 Years,12,5,7,3,0,3,0,0,0,0,0,0,0,0,0,9,5,4
JEFF DAVIS COUNTY,243,6 Years,17,8,9,3,0,3,0,0,0,0,0,0,0,0,0,14,8,6
JEFF DAVIS COUNTY,243,7 Years,20,11,9,3,0,3,0,0,0,0,0,0,0,0,0,17,11,6
JEFF DAVIS COUNTY,243,8 Years,15,11,4,2,2,0,2,2,0,0,0,0,1,1,0,10,6,4
JEFF DAVIS COUNTY,243,9 Years,14,7,7,6,2,4,0,0,0,0,0,0,0,0,0,8,5,3
JEFF DAVIS COUNTY,243,10 Years,12,6,6,5,2,3,0,0,0,0,0,0,0,0,0,7,4,3
JEFF DAVIS COUNTY,243,11 Years,12,5,7,6,3,3,0,0,0,0,0,0,0,0,0,6,2,4
JEFF DAVIS COUNTY,243,12 Years,13,6,7,6,2,4,0,0,0,0,0,0,0,0,0,7,4,3
JEFF DAVIS COUNTY,243,13 Years,12,8,4,4,3,1,0,0,0,0,0,0,0,0,0,8,5,3
JEFF DAVIS COUNTY,243,14 Years,14,8,6,5,3,2,0,0,0,0,0,0,1,0,1,8,5,3
JEFF DAVIS COUNTY,243,15 Years,29,15,14,15,8,7,1,0,1,0,0,0,1,0,1,12,7,5
JEFF DAVIS COUNTY,243,16 Years,44,27,17,27,18,9,1,1,0,0,0,0,2,0,2,14,8,6
JEFF DAVIS COUNTY,243,17 Years,61,39,22,41,26,15,2,2,0,0,0,0,5,3,2,13,8,5
JEFF DAVIS COUNTY,243,18 Years,24,13,11,14,7,7,0,0,0,0,0,0,0,0,0,10,6,4
JEFF DAVIS COUNTY,243,19 Years,18,10,8,6,3,3,0,0,0,0,0,0,2,2,0,10,5,5
JEFF DAVIS COUNTY,243,20 Years,17,8,9,6,3,3,0,0,0,0,0,0,1,1,0,10,4,6
JEFF DAVIS COUNTY,243,21 Years,17,9,8,6,3,3,0,0,0,0,0,0,0,0,0,11,6,5
JEFF DAVIS COUNTY,243,22 Years,19,9,10,9,4,5,0,0,0,0,0,0,0,0,0,10,5,5
JEFF DAVIS COUNTY,243,23 Years,21,8,13,7,2,5,1,0,1,1,0,1,0,0,0,12,6,6
JEFF DAVIS COUNTY,243,24 Years,22,9,13,7,3,4,0,0,0,1,0,1,0,0,0,14,6,8
JEFF DAVIS COUNTY,243,25 Years,25,12,13,10,4,6,0,0,0,0,0,0,1,0,1,14,8,6
JEFF DAVIS COUNTY,243,26 Years,24,13,11,12,8,4,0,0,0,0,0,0,2,0,2,10,5,5
JEFF DAVIS COUNTY,243,27 Years,14,6,8,5,3,2,0,0,0,0,0,0,1,0,1,8,3,5
JEFF DAVIS COUNTY,243,28 Years,13,8,5,5,4,1,0,0,0,0,0,0,0,0,0,8,4,4
JEFF DAVIS COUNTY,243,29 Years,17,9,8,9,4,5,0,0,0,0,0,0,1,0,1,7,5,2
JEFF DAVIS COUNTY,243,30 Years,18,11,7,7,5,2,0,0,0,0,0,0,0,0,0,11,6,5
JEFF DAVIS COUNTY,243,31 Years,15,8,7,6,4,2,0,0,0,0,0,0,0,0,0,9,4,5
JEFF DAVIS COUNTY,243,32 Years,13,8,5,3,2,1,0,0,0,0,0,0,0,0,0,10,6,4
JEFF DAVIS COUNTY,243,33 Years,13,7,6,4,2,2,0,0,0,0,0,0,1,1,0,8,4,4
JEFF DAVIS COUNTY,243,34 Years,14,7,7,6,2,4,0,0,0,0,0,0,0,0,0,8,5,3
JEFF DAVIS COUNTY,243,35 Years,24,10,14,9,6,3,0,0,0,1,1,0,0,0,0,14,3,11
JEFF DAVIS COUNTY,243,36 Years,26,8,18,8,3,5,0,0,0,1,1,0,0,0,0,17,4,13
JEFF DAVIS COUNTY,243,37 Years,26,7,19,6,2,4,0,0,0,0,0,0,0,0,0,20,5,15
JEFF DAVIS COUNTY,243,38 Years,19,9,10,5,3,2,0,0,0,0,0,0,0,0,0,14,6,8
JEFF DAVIS COUNTY,243,39 Years,17,12,5,6,4,2,1,1,0,0,0,0,0,0,0,10,7,3
JEFF DAVIS COUNTY,243,40 Years,18,10,8,8,4,4,0,0,0,0,0,0,2,0,2,8,6,2
JEFF DAVIS COUNTY,243,41 Years,16,10,6,11,7,4,0,0,0,0,0,0,0,0,0,5,3,2
JEFF DAVIS COUNTY,243,42 Years,19,8,11,14,5,9,0,0,0,0,0,0,0,0,0,5,3,2
JEFF DAVIS COUNTY,243,43 Years,15,5,10,8,3,5,0,0,0,0,0,0,0,0,0,7,2,5
JEFF DAVIS COUNTY,243,44 Years,14,5,9,10,4,6,0,0,0,0,0,0,0,0,0,4,1,3
JEFF DAVIS COUNTY,243,45 Years,23,9,14,15,6,9,0,0,0,0,0,0,0,0,0,8,3,5
JEFF DAVIS COUNTY,243,46 Years,24,9,15,11,4,7,0,0,0,0,0,0,0,0,0,13,5,8
JEFF DAVIS COUNTY,243,47 Years,16,8,8,7,2,5,0,0,0,0,0,0,0,0,0,9,6,3
JEFF DAVIS COUNTY,243,48 Years,29,17,12,13,5,8,0,0,0,0,0,0,1,1,0,15,11,4
JEFF DAVIS COUNTY,243,49 Years,25,11,14,11,3,8,0,0,0,0,0,0,2,2,0,12,6,6
JEFF DAVIS COUNTY,243,50 Years,25,13,12,13,7,6,0,0,0,1,0,1,1,1,0,10,5,5
JEFF DAVIS COUNTY,243,51 Years,20,10,10,11,7,4,0,0,0,0,0,0,0,0,0,9,3,6
JEFF DAVIS COUNTY,243,52 Years,28,13,15,21,9,12,0,0,0,0,0,0,0,0,0,7,4,3
JEFF DAVIS COUNTY,243,53 Years,35,18,17,20,10,10,1,1,0,0,0,0,1,1,0,13,6,7
JEFF DAVIS COUNTY,243,54 Years,40,20,20,26,13,13,0,0,0,0,0,0,1,1,0,13,6,7
JEFF DAVIS COUNTY,243,55 Years,42,21,21,26,14,12,0,0,0,0,0,0,3,0,3,13,7,6
JEFF DAVIS COUNTY,243,56 Years,34,15,19,23,11,12,0,0,0,0,0,0,1,0,1,10,4,6
JEFF DAVIS COUNTY,243,57 Years,46,25,21,22,9,13,0,0,0,0,0,0,0,0,0,24,16,8
JEFF DAVIS COUNTY,243,58 Years,44,23,21,25,14,11,0,0,0,0,0,0,3,1,2,16,8,8
JEFF DAVIS COUNTY,243,59 Years,37,18,19,25,11,14,0,0,0,1,0,1,0,0,0,11,7,4
JEFF DAVIS COUNTY,243,60 Years,45,20,25,31,15,16,0,0,0,0,0,0,1,0,1,13,5,8
JEFF DAVIS COUNTY,243,61 Years,48,25,23,32,15,17,0,0,0,0,0,0,1,1,0,15,9,6
JEFF DAVIS COUNTY,243,62 Years,46,22,24,34,16,18,0,0,0,0,0,0,0,0,0,12,6,6
JEFF DAVIS COUNTY,243,63 Years,56,26,30,45,20,25,1,1,0,0,0,0,1,1,0,9,4,5
JEFF DAVIS COUNTY,243,64 Years,51,22,29,41,17,24,0,0,0,0,0,0,1,1,0,9,4,5
JEFF DAVIS COUNTY,243,65 Years,53,21,32,39,15,24,0,0,0,0,0,0,1,0,1,13,6,7
JEFF DAVIS COUNTY,243,66 Years,58,23,35,45,16,29,0,0,0,0,0,0,2,1,1,11,6,5
JEFF DAVIS COUNTY,243,67 Years,52,26,26,39,19,20,0,0,0,0,0,0,1,1,0,12,6,6
JEFF DAVIS COUNTY,243,68 Years,46,21,25,38,16,22,0,0,0,0,0,0,0,0,0,8,5,3
JEFF DAVIS COUNTY,243,69 Years,55,28,27,44,22,22,0,0,0,0,0,0,1,1,0,10,5,5
JEFF DAVIS COUNTY,243,70 Years,56,30,26,40,19,21,0,0,0,0,0,0,0,0,0,16,11,5
JEFF DAVIS COUNTY,243,71 Years,49,24,25,35,16,19,0,0,0,0,0,0,1,1,0,13,7,6
JEFF DAVIS COUNTY,243,72 Years,36,19,17,25,14,11,0,0,0,0,0,0,1,1,0,10,4,6
JEFF DAVIS COUNTY,243,73 Years,41,18,23,31,14,17,0,0,0,1,0,1,0,0,0,9,4,5
JEFF DAVIS COUNTY,243,74 Years,43,22,21,32,13,19,0,0,0,0,0,0,1,1,0,10,8,2
JEFF DAVIS COUNTY,243,75 Years,32,22,10,20,11,9,0,0,0,1,1,0,1,1,0,10,9,1
JEFF DAVIS COUNTY,243,76 Years,27,14,13,21,9,12,0,0,0,1,0,1,0,0,0,5,5,0
JEFF DAVIS COUNTY,243,77 Years,27,17,10,15,8,7,0,0,0,0,0,0,3,3,0,9,6,3
JEFF DAVIS COUNTY,243,78 Years,27,16,11,17,11,6,0,0,0,0,0,0,1,1,0,9,4,5
JEFF DAVIS COUNTY,243,79 Years,23,13,10,13,8,5,0,0,0,0,0,0,0,0,0,10,5,5
JEFF DAVIS COUNTY,243,80 Years,20,11,9,9,6,3,0,0,0,0,0,0,0,0,0,11,5,6
JEFF DAVIS COUNTY,243,81 Years,19,11,8,10,6,4,0,0,0,0,0,0,0,0,0,9,5,4
JEFF DAVIS COUNTY,243,82 Years,15,6,9,9,4,5,0,0,0,0,0,0,1,1,0,5,1,4
JEFF DAVIS COUNTY,243,83 Years,16,9,7,9,5,4,0,0,0,0,0,0,0,0,0,7,4,3
JEFF DAVIS COUNTY,243,84 Years,14,8,6,9,6,3,0,0,0,0,0,0,0,0,0,5,2,3
JEFF DAVIS COUNTY,243,85 Years,10,4,6,8,4,4,0,0,0,0,0,0,0,0,0,2,0,2
JEFF DAVIS COUNTY,243,86 Years,14,5,9,10,5,5,0,0,0,0,0,0,0,0,0,4,0,4
JEFF DAVIS COUNTY,243,87 Years,15,5,10,9,3,6,0,0,0,0,0,0,0,0,0,6,2,4
JEFF DAVIS COUNTY,243,88 Years,9,6,3,6,4,2,0,0,0,0,0,0,0,0,0,3,2,1
JEFF DAVIS COUNTY,243,89 Years,13,3,10,9,3,6,0,0,0,0,0,0,0,0,0,4,0,4
JEFF DAVIS COUNTY,243,90 Years,13,3,10,11,3,8,0,0,0,0,0,0,0,0,0,2,0,2
JEFF DAVIS COUNTY,243,91 Years,8,1,7,6,1,5,0,0,0,0,0,0,0,0,0,2,0,2
JEFF DAVIS COUNTY,243,92 Years,8,2,6,4,0,4,0,0,0,0,0,0,0,0,0,4,2,2
JEFF DAVIS COUNTY,243,93 Years,9,3,6,5,1,4,0,0,0,0,0,0,0,0,0,4,2,2
JEFF DAVIS COUNTY,243,94 Years,7,2,5,4,1,3,0,0,0,0,0,0,0,0,0,3,1,2
JEFF DAVIS COUNTY,243,95 Years +,14,4,10,9,3,6,0,0,0,0,0,0,0,0,0,5,1,4
JEFFERSON COUNTY,245,All Ages,252469,129924,122545,101660,51537,50123,83542,41500,42042,10326,5339,4987,4883,2496,2387,52058,29052,23006
JEFFERSON COUNTY,245,< 1 Year,3401,1738,1663,881,443,438,1207,607,600,111,59,52,140,68,72,1062,561,501
JEFFERSON COUNTY,245,1 Years,3406,1746,1660,915,461,454,1190,604,586,113,61,52,137,72,65,1051,548,503
JEFFERSON COUNTY,245,2 Years,3518,1799,1719,963,479,484,1221,626,595,129,70,59,148,77,71,1057,547,510
JEFFERSON COUNTY,245,3 Years,3564,1827,1737,997,507,490,1236,635,601,133,71,62,146,80,66,1052,534,518
JEFFERSON COUNTY,245,4 Years,3553,1808,1745,978,490,488,1231,632,599,140,72,68,145,76,69,1059,538,521
JEFFERSON COUNTY,245,5 Years,3442,1748,1694,972,490,482,1173,592,581,142,75,67,137,72,65,1018,519,499
JEFFERSON COUNTY,245,6 Years,3384,1697,1687,971,482,489,1129,558,571,142,76,66,133,68,65,1009,513,496
JEFFERSON COUNTY,245,7 Years,3389,1709,1680,1000,503,497,1128,558,570,141,76,65,130,70,60,990,502,488
JEFFERSON COUNTY,245,8 Years,3274,1683,1591,970,516,454,1103,552,551,132,68,64,116,58,58,953,489,464
JEFFERSON COUNTY,245,9 Years,3346,1691,1655,991,509,482,1182,598,584,113,65,48,104,51,53,956,468,488
JEFFERSON COUNTY,245,10 Years,3384,1651,1733,979,477,502,1195,581,614,123,64,59,109,53,56,978,476,502
JEFFERSON COUNTY,245,11 Years,3386,1713,1673,1009,505,504,1188,616,572,122,61,61,96,50,46,971,481,490
JEFFERSON COUNTY,245,12 Years,3144,1583,1561,924,464,460,1144,569,575,105,49,56,102,52,50,869,449,420
JEFFERSON COUNTY,245,13 Years,3050,1571,1479,843,440,403,1110,541,569,116,60,56,97,49,48,884,481,403
JEFFERSON COUNTY,245,14 Years,2853,1468,1385,801,422,379,1029,496,533,109,56,53,90,49,41,824,445,379
JEFFERSON COUNTY,245,15 Years,2871,1509,1362,781,405,376,1039,544,495,96,52,44,89,47,42,866,461,405
JEFFERSON COUNTY,245,16 Years,2838,1494,1344,767,391,376,963,526,437,139,75,64,111,56,55,858,446,412
JEFFERSON COUNTY,245,17 Years,3073,1623,1450,940,464,476,963,524,439,136,72,64,108,62,46,926,501,425
JEFFERSON COUNTY,245,18 Years,3251,1662,1589,959,475,484,1107,555,552,142,73,69,118,63,55,925,496,429
JEFFERSON COUNTY,245,19 Years,3546,1788,1758,1168,599,569,1276,637,639,137,62,75,119,64,55,846,426,420
JEFFERSON COUNTY,245,20 Years,3593,1859,1734,1142,617,525,1280,612,668,130,73,57,126,77,49,915,480,435
JEFFERSON COUNTY,245,21 Years,3493,1849,1644,1155,612,543,1201,600,601,150,90,60,110,66,44,877,481,396
JEFFERSON COUNTY,245,22 Years,3654,1910,1744,1189,605,584,1277,628,649,214,127,87,99,62,37,875,488,387
JEFFERSON COUNTY,245,23 Years,3753,1964,1789,1266,656,610,1345,695,650,211,113,98,92,54,38,839,446,393
JEFFERSON COUNTY,245,24 Years,3824,2129,1695,1184,649,535,1522,846,676,203,114,89,79,45,34,836,475,361
JEFFERSON COUNTY,245,25 Years,3911,2212,1699,1336,760,576,1489,820,669,218,124,94,71,40,31,797,468,329
JEFFERSON COUNTY,245,26 Years,4014,2201,1813,1429,790,639,1495,790,705,185,106,79,83,40,43,822,475,347
JEFFERSON COUNTY,245,27 Years,3950,2178,1772,1399,737,662,1413,772,641,193,111,82,88,44,44,857,514,343
JEFFERSON COUNTY,245,28 Years,3692,1962,1730,1357,684,673,1321,735,586,154,64,90,71,20,51,789,459,330
JEFFERSON COUNTY,245,29 Years,3667,1961,1706,1344,704,640,1271,677,594,173,68,105,71,32,39,808,480,328
JEFFERSON COUNTY,245,30 Years,3762,2125,1637,1417,790,627,1299,716,583,163,69,94,56,27,29,827,523,304
JEFFERSON COUNTY,245,31 Years,3795,2132,1663,1458,844,614,1250,661,589,170,73,97,72,30,42,845,524,321
JEFFERSON COUNTY,245,32 Years,3864,2156,1708,1508,832,676,1223,658,565,190,83,107,67,35,32,876,548,328
JEFFERSON COUNTY,245,33 Years,3782,2136,1646,1472,815,657,1174,639,535,199,103,96,54,25,29,883,554,329
JEFFERSON COUNTY,245,34 Years,3683,2028,1655,1406,750,656,1202,646,556,186,92,94,45,14,31,844,526,318
JEFFERSON COUNTY,245,35 Years,3706,2044,1662,1406,731,675,1208,652,556,164,80,84,52,22,30,876,559,317
JEFFERSON COUNTY,245,36 Years,3557,2034,1523,1350,778,572,1203,658,545,147,74,73,32,23,9,825,501,324
JEFFERSON COUNTY,245,37 Years,3666,2075,1591,1437,846,591,1192,621,571,156,79,77,43,25,18,838,504,334
JEFFERSON COUNTY,245,38 Years,3616,1990,1626,1384,753,631,1187,625,562,160,80,80,48,21,27,837,511,326
JEFFERSON COUNTY,245,39 Years,3387,1878,1509,1298,717,581,1120,585,535,139,78,61,39,21,18,791,477,314
JEFFERSON COUNTY,245,40 Years,3264,1770,1494,1259,690,569,1050,537,513,143,72,71,44,23,21,768,448,320
JEFFERSON COUNTY,245,41 Years,3090,1682,1408,1147,634,513,1017,517,500,156,72,84,47,30,17,723,429,294
JEFFERSON COUNTY,245,42 Years,2963,1619,1344,1106,608,498,946,494,452,130,59,71,35,25,10,746,433,313
JEFFERSON COUNTY,245,43 Years,2971,1613,1358,1100,607,493,932,483,449,135,65,70,30,19,11,774,439,335
JEFFERSON COUNTY,245,44 Years,2940,1562,1378,1101,580,521,905,477,428,167,82,85,35,16,19,732,407,325
JEFFERSON COUNTY,245,45 Years,2902,1539,1363,1099,592,507,863,430,433,175,82,93,31,19,12,734,416,318
JEFFERSON COUNTY,245,46 Years,3027,1595,1432,1179,617,562,961,488,473,170,68,102,29,19,10,688,403,285
JEFFERSON COUNTY,245,47 Years,3051,1622,1429,1198,630,568,1010,504,506,161,74,87,35,19,16,647,395,252
JEFFERSON COUNTY,245,48 Years,3004,1643,1361,1247,681,566,960,498,462,165,76,89,33,21,12,599,367,232
JEFFERSON COUNTY,245,49 Years,2952,1616,1336,1276,684,592,923,479,444,185,100,85,36,24,12,532,329,203
JEFFERSON COUNTY,245,50 Years,2861,1506,1355,1203,636,567,920,442,478,169,91,78,50,18,32,519,319,200
JEFFERSON COUNTY,245,51 Years,2843,1544,1299,1215,649,566,946,475,471,152,90,62,31,15,16,499,315,184
JEFFERSON COUNTY,245,52 Years,2912,1533,1379,1255,648,607,988,488,500,126,74,52,36,22,14,507,301,206
JEFFERSON COUNTY,245,53 Years,3199,1621,1578,1442,722,720,1036,485,551,141,78,63,46,28,18,534,308,226
JEFFERSON COUNTY,245,54 Years,3200,1630,1570,1525,770,755,1011,478,533,121,75,46,41,22,19,502,285,217
JEFFERSON COUNTY,245,55 Years,3125,1600,1525,1492,763,729,1006,471,535,142,85,57,24,12,12,461,269,192
JEFFERSON COUNTY,245,56 Years,3222,1635,1587,1596,801,795,1024,472,552,138,84,54,30,13,17,434,265,169
JEFFERSON COUNTY,245,57 Years,3240,1621,1619,1592,783,809,1081,499,582,125,74,51,26,12,14,416,253,163
JEFFERSON COUNTY,245,58 Years,3258,1650,1608,1684,837,847,1026,487,539,129,71,58,21,9,12,398,246,152
JEFFERSON COUNTY,245,59 Years,3186,1632,1554,1664,839,825,1031,497,534,116,60,56,17,10,7,358,226,132
JEFFERSON COUNTY,245,60 Years,3142,1581,1561,1633,824,809,1027,473,554,110,62,48,13,4,9,359,218,141
JEFFERSON COUNTY,245,61 Years,3142,1537,1605,1630,782,848,1032,478,554,102,55,47,24,9,15,354,213,141
JEFFERSON COUNTY,245,62 Years,2968,1438,1530,1541,757,784,1005,451,554,103,55,48,14,5,9,305,170,135
JEFFERSON COUNTY,245,63 Years,3024,1480,1544,1632,820,812,977,438,539,85,43,42,32,12,20,298,167,131
JEFFERSON COUNTY,245,64 Years,2816,1376,1440,1545,751,794,863,392,471,93,51,42,27,11,16,288,171,117
JEFFERSON COUNTY,245,65 Years,2614,1284,1330,1433,712,721,842,381,461,83,45,38,21,7,14,235,139,96
JEFFERSON COUNTY,245,66 Years,2413,1185,1228,1322,659,663,771,363,408,72,37,35,19,5,14,229,121,108
JEFFERSON COUNTY,245,67 Years,2302,1110,1192,1283,633,650,727,338,389,63,29,34,24,6,18,205,104,101
JEFFERSON COUNTY,245,68 Years,2327,1100,1227,1271,614,657,749,331,418,75,31,44,20,4,16,212,120,92
JEFFERSON COUNTY,245,69 Years,2150,1046,1104,1190,587,603,699,326,373,53,30,23,19,7,12,189,96,93
JEFFERSON COUNTY,245,70 Years,2151,1039,1112,1232,604,628,682,315,367,48,30,18,18,6,12,171,84,87
JEFFERSON COUNTY,245,71 Years,1952,910,1042,1162,554,608,584,256,328,44,22,22,15,5,10,147,73,74
JEFFERSON COUNTY,245,72 Years,1635,747,888,951,436,515,495,214,281,40,20,20,12,4,8,137,73,64
JEFFERSON COUNTY,245,73 Years,1534,690,844,897,425,472,462,187,275,39,19,20,13,4,9,123,55,68
JEFFERSON COUNTY,245,74 Years,1542,687,855,943,429,514,432,168,264,41,23,18,11,5,6,115,62,53
JEFFERSON COUNTY,245,75 Years,1481,658,823,888,400,488,427,176,251,32,16,16,15,8,7,119,58,61
JEFFERSON COUNTY,245,76 Years,1316,577,739,796,357,439,374,154,220,25,13,12,15,10,5,106,43,63
JEFFERSON COUNTY,245,77 Years,1202,522,680,725,325,400,345,138,207,18,12,6,15,6,9,99,41,58
JEFFERSON COUNTY,245,78 Years,1154,465,689,709,295,414,331,122,209,23,12,11,9,4,5,82,32,50
JEFFERSON COUNTY,245,79 Years,1068,438,630,673,269,404,288,116,172,21,10,11,10,5,5,76,38,38
JEFFERSON COUNTY,245,80 Years,985,415,570,638,269,369,256,102,154,19,9,10,7,4,3,65,31,34
JEFFERSON COUNTY,245,81 Years,916,369,547,574,237,337,254,93,161,17,6,11,9,5,4,62,28,34
JEFFERSON COUNTY,245,82 Years,864,356,508,547,232,315,231,83,148,15,6,9,12,6,6,59,29,30
JEFFERSON COUNTY,245,83 Years,846,334,512,529,216,313,231,85,146,20,6,14,9,3,6,57,24,33
JEFFERSON COUNTY,245,84 Years,770,304,466,498,198,300,191,76,115,14,5,9,7,3,4,60,22,38
JEFFERSON COUNTY,245,85 Years,706,263,443,461,176,285,173,60,113,14,7,7,5,1,4,53,19,34
JEFFERSON COUNTY,245,86 Years,653,248,405,443,171,272,148,51,97,14,7,7,5,2,3,43,17,26
JEFFERSON COUNTY,245,87 Years,610,238,372,411,161,250,142,51,91,12,6,6,8,3,5,37,17,20
JEFFERSON COUNTY,245,88 Years,552,197,355,367,135,232,133,43,90,12,6,6,5,1,4,35,12,23
JEFFERSON COUNTY,245,89 Years,474,162,312,326,118,208,109,34,75,6,1,5,5,1,4,28,8,20
JEFFERSON COUNTY,245,90 Years,413,137,276,282,102,180,97,26,71,7,2,5,3,1,2,24,6,18
JEFFERSON COUNTY,245,91 Years,364,119,245,257,89,168,74,20,54,8,3,5,2,0,2,23,7,16
JEFFERSON COUNTY,245,92 Years,296,100,196,212,73,139,60,19,41,4,0,4,2,0,2,18,8,10
JEFFERSON COUNTY,245,93 Years,225,73,152,151,51,100,52,15,37,3,1,2,3,1,2,16,5,11
JEFFERSON COUNTY,245,94 Years,181,58,123,119,40,79,41,11,30,5,3,2,2,1,1,14,3,11
JEFFERSON COUNTY,245,95 Years +,429,117,312,263,73,190,116,26,90,14,6,8,3,1,2,33,11,22
JIM HOGG COUNTY,247,All Ages,5130,2593,2537,361,188,173,19,18,1,19,8,11,42,17,25,4689,2362,2327
JIM HOGG COUNTY,247,< 1 Year,66,36,30,2,0,2,0,0,0,1,0,1,1,0,1,62,36,26
JIM HOGG COUNTY,247,1 Years,72,34,38,2,1,1,0,0,0,1,0,1,2,0,2,67,33,34
JIM HOGG COUNTY,247,2 Years,84,41,43,3,1,2,0,0,0,2,0,2,2,0,2,77,40,37
JIM HOGG COUNTY,247,3 Years,91,46,45,4,2,2,0,0,0,2,1,1,2,1,1,83,42,41
JIM HOGG COUNTY,247,4 Years,93,51,42,5,3,2,0,0,0,1,1,0,1,1,0,86,46,40
JIM HOGG COUNTY,247,5 Years,93,49,44,6,4,2,0,0,0,0,0,0,0,0,0,87,45,42
JIM HOGG COUNTY,247,6 Years,92,47,45,6,4,2,0,0,0,0,0,0,0,0,0,86,43,43
JIM HOGG COUNTY,247,7 Years,87,45,42,5,3,2,0,0,0,0,0,0,1,0,1,81,42,39
JIM HOGG COUNTY,247,8 Years,85,46,39,3,3,0,1,1,0,0,0,0,0,0,0,81,42,39
JIM HOGG COUNTY,247,9 Years,77,41,36,4,2,2,0,0,0,0,0,0,1,1,0,72,38,34
JIM HOGG COUNTY,247,10 Years,96,48,48,5,2,3,0,0,0,0,0,0,1,1,0,90,45,45
JIM HOGG COUNTY,247,11 Years,78,36,42,6,4,2,0,0,0,0,0,0,1,0,1,71,32,39
JIM HOGG COUNTY,247,12 Years,94,48,46,6,3,3,1,1,0,0,0,0,1,1,0,86,43,43
JIM HOGG COUNTY,247,13 Years,72,42,30,4,2,2,1,1,0,0,0,0,2,2,0,65,37,28
JIM HOGG COUNTY,247,14 Years,80,39,41,1,1,0,2,2,0,0,0,0,1,0,1,76,36,40
JIM HOGG COUNTY,247,15 Years,83,49,34,2,1,1,1,1,0,0,0,0,0,0,0,80,47,33
JIM HOGG COUNTY,247,16 Years,71,36,35,2,1,1,0,0,0,0,0,0,0,0,0,69,35,34
JIM HOGG COUNTY,247,17 Years,61,30,31,1,0,1,0,0,0,0,0,0,1,1,0,59,29,30
JIM HOGG COUNTY,247,18 Years,55,31,24,2,2,0,0,0,0,0,0,0,1,0,1,52,29,23
JIM HOGG COUNTY,247,19 Years,73,39,34,4,2,2,0,0,0,0,0,0,1,0,1,68,37,31
JIM HOGG COUNTY,247,20 Years,70,34,36,3,1,2,0,0,0,0,0,0,1,1,0,66,32,34
JIM HOGG COUNTY,247,21 Years,69,35,34,2,1,1,0,0,0,0,0,0,1,0,1,66,34,32
JIM HOGG COUNTY,247,22 Years,68,30,38,2,2,0,0,0,0,0,0,0,1,0,1,65,28,37
JIM HOGG COUNTY,247,23 Years,48,24,24,2,2,0,1,1,0,0,0,0,0,0,0,45,21,24
JIM HOGG COUNTY,247,24 Years,61,36,25,1,1,0,1,1,0,0,0,0,1,1,0,58,33,25
JIM HOGG COUNTY,247,25 Years,83,40,43,1,1,0,0,0,0,0,0,0,2,1,1,80,38,42
JIM HOGG COUNTY,247,26 Years,62,28,34,5,2,3,0,0,0,0,0,0,1,1,0,56,25,31
JIM HOGG COUNTY,247,27 Years,52,23,29,2,1,1,0,0,0,0,0,0,0,0,0,50,22,28
JIM HOGG COUNTY,247,28 Years,54,22,32,1,0,1,0,0,0,0,0,0,0,0,0,53,22,31
JIM HOGG COUNTY,247,29 Years,52,25,27,3,1,2,0,0,0,0,0,0,0,0,0,49,24,25
JIM HOGG COUNTY,247,30 Years,62,36,26,2,0,2,0,0,0,0,0,0,0,0,0,60,36,24
JIM HOGG COUNTY,247,31 Years,70,41,29,2,0,2,0,0,0,0,0,0,0,0,0,68,41,27
JIM HOGG COUNTY,247,32 Years,65,35,30,4,3,1,0,0,0,0,0,0,0,0,0,61,32,29
JIM HOGG COUNTY,247,33 Years,64,34,30,5,4,1,0,0,0,1,0,1,0,0,0,58,30,28
JIM HOGG COUNTY,247,34 Years,64,39,25,6,3,3,0,0,0,1,0,1,0,0,0,57,36,21
JIM HOGG COUNTY,247,35 Years,68,39,29,3,2,1,0,0,0,1,0,1,0,0,0,64,37,27
JIM HOGG COUNTY,247,36 Years,69,43,26,5,2,3,0,0,0,0,0,0,1,1,0,63,40,23
JIM HOGG COUNTY,247,37 Years,70,44,26,9,6,3,0,0,0,0,0,0,1,1,0,60,37,23
JIM HOGG COUNTY,247,38 Years,63,36,27,7,4,3,0,0,0,0,0,0,0,0,0,56,32,24
JIM HOGG COUNTY,247,39 Years,58,31,27,3,1,2,0,0,0,1,1,0,1,0,1,53,29,24
JIM HOGG COUNTY,247,40 Years,69,37,32,6,2,4,1,1,0,0,0,0,0,0,0,62,34,28
JIM HOGG COUNTY,247,41 Years,54,32,22,2,1,1,1,1,0,0,0,0,0,0,0,51,30,21
JIM HOGG COUNTY,247,42 Years,52,23,29,2,0,2,0,0,0,0,0,0,0,0,0,50,23,27
JIM HOGG COUNTY,247,43 Years,63,29,34,6,2,4,1,1,0,0,0,0,0,0,0,56,26,30
JIM HOGG COUNTY,247,44 Years,52,26,26,4,1,3,0,0,0,0,0,0,0,0,0,48,25,23
JIM HOGG COUNTY,247,45 Years,51,25,26,3,2,1,0,0,0,0,0,0,0,0,0,48,23,25
JIM HOGG COUNTY,247,46 Years,50,25,25,4,2,2,0,0,0,1,0,1,0,0,0,45,23,22
JIM HOGG COUNTY,247,47 Years,47,23,24,3,2,1,0,0,0,0,0,0,1,0,1,43,21,22
JIM HOGG COUNTY,247,48 Years,54,21,33,3,1,2,0,0,0,0,0,0,1,0,1,50,20,30
JIM HOGG COUNTY,247,49 Years,52,25,27,7,4,3,0,0,0,0,0,0,1,1,0,44,20,24
JIM HOGG COUNTY,247,50 Years,55,32,23,4,3,1,1,1,0,1,1,0,0,0,0,49,27,22
JIM HOGG COUNTY,247,51 Years,49,26,23,3,1,2,1,1,0,0,0,0,0,0,0,45,24,21
JIM HOGG COUNTY,247,52 Years,64,36,28,5,4,1,0,0,0,0,0,0,0,0,0,59,32,27
JIM HOGG COUNTY,247,53 Years,55,31,24,4,2,2,0,0,0,0,0,0,0,0,0,51,29,22
JIM HOGG COUNTY,247,54 Years,52,29,23,4,2,2,0,0,0,0,0,0,0,0,0,48,27,21
JIM HOGG COUNTY,247,55 Years,59,28,31,4,2,2,0,0,0,0,0,0,0,0,0,55,26,29
JIM HOGG COUNTY,247,56 Years,45,21,24,2,0,2,0,0,0,0,0,0,0,0,0,43,21,22
JIM HOGG COUNTY,247,57 Years,60,30,30,4,2,2,0,0,0,0,0,0,4,0,4,52,28,24
JIM HOGG COUNTY,247,58 Years,55,25,30,5,3,2,1,1,0,0,0,0,1,0,1,48,21,27
JIM HOGG COUNTY,247,59 Years,50,32,18,3,3,0,0,0,0,0,0,0,0,0,0,47,29,18
JIM HOGG COUNTY,247,60 Years,61,39,22,6,3,3,0,0,0,1,1,0,1,0,1,53,35,18
JIM HOGG COUNTY,247,61 Years,59,32,27,6,3,3,0,0,0,0,0,0,0,0,0,53,29,24
JIM HOGG COUNTY,247,62 Years,50,28,22,6,5,1,0,0,0,0,0,0,0,0,0,44,23,21
JIM HOGG COUNTY,247,63 Years,49,23,26,4,1,3,1,1,0,1,0,1,0,0,0,43,21,22
JIM HOGG COUNTY,247,64 Years,46,21,25,3,2,1,0,0,0,1,1,0,0,0,0,42,18,24
JIM HOGG COUNTY,247,65 Years,63,32,31,9,4,5,0,0,0,1,1,0,0,0,0,53,27,26
JIM HOGG COUNTY,247,66 Years,52,24,28,7,2,5,0,0,0,0,0,0,1,1,0,44,21,23
JIM HOGG COUNTY,247,67 Years,39,15,24,3,0,3,0,0,0,0,0,0,0,0,0,36,15,21
JIM HOGG COUNTY,247,68 Years,51,20,31,5,4,1,0,0,0,0,0,0,0,0,0,46,16,30
JIM HOGG COUNTY,247,69 Years,54,19,35,5,3,2,0,0,0,0,0,0,0,0,0,49,16,33
JIM HOGG COUNTY,247,70 Years,47,20,27,5,4,1,0,0,0,0,0,0,0,0,0,42,16,26
JIM HOGG COUNTY,247,71 Years,62,28,34,7,5,2,2,1,1,0,0,0,0,0,0,53,22,31
JIM HOGG COUNTY,247,72 Years,62,33,29,8,4,4,1,1,0,1,0,1,1,1,0,51,27,24
JIM HOGG COUNTY,247,73 Years,53,26,27,4,2,2,1,1,0,0,0,0,1,0,1,47,23,24
JIM HOGG COUNTY,247,74 Years,40,19,21,2,1,1,0,0,0,0,0,0,1,0,1,37,18,19
JIM HOGG COUNTY,247,75 Years,36,16,20,6,1,5,0,0,0,0,0,0,0,0,0,30,15,15
JIM HOGG COUNTY,247,76 Years,30,11,19,5,1,4,0,0,0,0,0,0,0,0,0,25,10,15
JIM HOGG COUNTY,247,77 Years,32,18,14,5,4,1,0,0,0,1,1,0,0,0,0,26,13,13
JIM HOGG COUNTY,247,78 Years,28,13,15,3,3,0,0,0,0,0,0,0,0,0,0,25,10,15
JIM HOGG COUNTY,247,79 Years,31,12,19,3,1,2,0,0,0,0,0,0,0,0,0,28,11,17
JIM HOGG COUNTY,247,80 Years,27,11,16,7,4,3,0,0,0,0,0,0,0,0,0,20,7,13
JIM HOGG COUNTY,247,81 Years,23,9,14,4,2,2,0,0,0,0,0,0,0,0,0,19,7,12
JIM HOGG COUNTY,247,82 Years,23,9,14,3,0,3,0,0,0,0,0,0,0,0,0,20,9,11
JIM HOGG COUNTY,247,83 Years,21,9,12,2,1,1,0,0,0,0,0,0,0,0,0,19,8,11
JIM HOGG COUNTY,247,84 Years,15,5,10,0,0,0,0,0,0,0,0,0,0,0,0,15,5,10
JIM HOGG COUNTY,247,85 Years,21,5,16,5,2,3,0,0,0,0,0,0,0,0,0,16,3,13
JIM HOGG COUNTY,247,86 Years,19,5,14,7,3,4,0,0,0,0,0,0,0,0,0,12,2,10
JIM HOGG COUNTY,247,87 Years,17,5,12,4,2,2,0,0,0,0,0,0,0,0,0,13,3,10
JIM HOGG COUNTY,247,88 Years,9,4,5,1,1,0,0,0,0,0,0,0,0,0,0,8,3,5
JIM HOGG COUNTY,247,89 Years,7,3,4,1,0,1,0,0,0,0,0,0,0,0,0,6,3,3
JIM HOGG COUNTY,247,90 Years,7,3,4,1,1,0,0,0,0,0,0,0,0,0,0,6,2,4
JIM HOGG COUNTY,247,91 Years,6,2,4,0,0,0,0,0,0,0,0,0,0,0,0,6,2,4
JIM HOGG COUNTY,247,92 Years,7,3,4,3,1,2,0,0,0,0,0,0,0,0,0,4,2,2
JIM HOGG COUNTY,247,93 Years,7,2,5,1,1,0,0,0,0,0,0,0,0,0,0,6,1,5
JIM HOGG COUNTY,247,94 Years,5,2,3,0,0,0,0,0,0,0,0,0,0,0,0,5,2,3
JIM HOGG COUNTY,247,95 Years +,8,2,6,1,0,1,0,0,0,0,0,0,0,0,0,7,2,5
JIM WELLS COUNTY,249,All Ages,41080,20313,20767,7142,3538,3604,163,95,68,149,78,71,268,135,133,33358,16467,16891
JIM WELLS COUNTY,249,< 1 Year,574,288,286,60,29,31,1,0,1,3,2,1,4,3,1,506,254,252
JIM WELLS COUNTY,249,1 Years,613,309,304,70,32,38,1,0,1,1,1,0,6,5,1,535,271,264
JIM WELLS COUNTY,249,2 Years,654,331,323,76,35,41,1,0,1,3,2,1,7,5,2,567,289,278
JIM WELLS COUNTY,249,3 Years,731,361,370,89,45,44,2,0,2,2,2,0,5,4,1,633,310,323
JIM WELLS COUNTY,249,4 Years,744,371,373,88,44,44,1,1,0,3,3,0,4,3,1,648,320,328
JIM WELLS COUNTY,249,5 Years,736,358,378,90,42,48,1,1,0,1,1,0,4,3,1,640,311,329
JIM WELLS COUNTY,249,6 Years,699,346,353,86,37,49,1,1,0,3,2,1,5,2,3,604,304,300
JIM WELLS COUNTY,249,7 Years,705,342,363,95,43,52,1,1,0,3,1,2,8,3,5,598,294,304
JIM WELLS COUNTY,249,8 Years,711,363,348,95,42,53,1,1,0,0,0,0,9,5,4,606,315,291
JIM WELLS COUNTY,249,9 Years,586,303,283,89,49,40,3,3,0,1,1,0,6,3,3,487,247,240
JIM WELLS COUNTY,249,10 Years,673,348,325,93,47,46,3,3,0,1,1,0,3,0,3,573,297,276
JIM WELLS COUNTY,249,11 Years,662,326,336,99,43,56,3,1,2,2,0,2,2,0,2,556,282,274
JIM WELLS COUNTY,249,12 Years,624,315,309,95,49,46,5,1,4,1,0,1,2,1,1,521,264,257
JIM WELLS COUNTY,249,13 Years,577,300,277,98,52,46,3,2,1,2,1,1,2,2,0,472,243,229
JIM WELLS COUNTY,249,14 Years,552,296,256,76,40,36,3,1,2,2,1,1,5,2,3,466,252,214
JIM WELLS COUNTY,249,15 Years,545,288,257,70,40,30,4,3,1,1,1,0,3,0,3,467,244,223
JIM WELLS COUNTY,249,16 Years,504,259,245,64,34,30,1,0,1,3,2,1,2,2,0,434,221,213
JIM WELLS COUNTY,249,17 Years,553,294,259,70,37,33,3,2,1,3,1,2,5,2,3,472,252,220
JIM WELLS COUNTY,249,18 Years,565,300,265,61,30,31,2,1,1,2,1,1,5,2,3,495,266,229
JIM WELLS COUNTY,249,19 Years,530,272,258,68,33,35,4,1,3,1,0,1,2,2,0,455,236,219
JIM WELLS COUNTY,249,20 Years,514,241,273,66,27,39,3,1,2,2,2,0,4,3,1,439,208,231
JIM WELLS COUNTY,249,21 Years,516,267,249,61,30,31,2,0,2,0,0,0,2,1,1,451,236,215
JIM WELLS COUNTY,249,22 Years,543,284,259,69,36,33,1,0,1,0,0,0,2,0,2,471,248,223
JIM WELLS COUNTY,249,23 Years,557,278,279,78,37,41,1,0,1,1,0,1,1,0,1,476,241,235
JIM WELLS COUNTY,249,24 Years,560,291,269,81,41,40,1,0,1,1,1,0,1,1,0,476,248,228
JIM WELLS COUNTY,249,25 Years,583,294,289,73,38,35,3,1,2,4,3,1,4,3,1,499,249,250
JIM WELLS COUNTY,249,26 Years,632,322,310,84,49,35,2,1,1,2,1,1,4,1,3,540,270,270
JIM WELLS COUNTY,249,27 Years,612,299,313,81,47,34,2,1,1,1,0,1,2,0,2,526,251,275
JIM WELLS COUNTY,249,28 Years,577,308,269,74,44,30,3,2,1,2,2,0,5,1,4,493,259,234
JIM WELLS COUNTY,249,29 Years,565,288,277,75,37,38,3,2,1,2,2,0,4,2,2,481,245,236
JIM WELLS COUNTY,249,30 Years,531,292,239,61,34,27,2,2,0,1,1,0,4,2,2,463,253,210
JIM WELLS COUNTY,249,31 Years,557,295,262,71,31,40,4,3,1,0,0,0,2,1,1,480,260,220
JIM WELLS COUNTY,249,32 Years,550,284,266,78,40,38,1,1,0,3,0,3,3,2,1,465,241,224
JIM WELLS COUNTY,249,33 Years,517,255,262,78,38,40,1,1,0,1,1,0,2,1,1,435,214,221
JIM WELLS COUNTY,249,34 Years,505,260,245,80,38,42,4,2,2,3,1,2,2,0,2,416,219,197
JIM WELLS COUNTY,249,35 Years,563,277,286,86,49,37,4,2,2,4,2,2,5,1,4,464,223,241
JIM WELLS COUNTY,249,36 Years,559,298,261,91,47,44,3,2,1,4,2,2,3,0,3,458,247,211
JIM WELLS COUNTY,249,37 Years,500,259,241,91,45,46,3,2,1,4,2,2,2,1,1,400,209,191
JIM WELLS COUNTY,249,38 Years,484,242,242,84,35,49,1,1,0,4,2,2,3,1,2,392,203,189
JIM WELLS COUNTY,249,39 Years,456,224,232,83,37,46,2,2,0,3,2,1,4,3,1,364,180,184
JIM WELLS COUNTY,249,40 Years,470,237,233,83,41,42,4,4,0,1,0,1,4,3,1,378,189,189
JIM WELLS COUNTY,249,41 Years,436,234,202,73,40,33,2,2,0,3,2,1,2,0,2,356,190,166
JIM WELLS COUNTY,249,42 Years,412,197,215,63,26,37,1,1,0,3,1,2,1,0,1,344,169,175
JIM WELLS COUNTY,249,43 Years,440,199,241,72,39,33,2,0,2,2,1,1,0,0,0,364,159,205
JIM WELLS COUNTY,249,44 Years,417,204,213,82,45,37,1,0,1,1,0,1,0,0,0,333,159,174
JIM WELLS COUNTY,249,45 Years,442,229,213,87,50,37,0,0,0,0,0,0,3,2,1,352,177,175
JIM WELLS COUNTY,249,46 Years,466,235,231,92,42,50,2,0,2,1,1,0,2,1,1,369,191,178
JIM WELLS COUNTY,249,47 Years,478,238,240,92,50,42,1,1,0,2,1,1,1,0,1,382,186,196
JIM WELLS COUNTY,249,48 Years,480,222,258,89,49,40,1,1,0,4,1,3,1,0,1,385,171,214
JIM WELLS COUNTY,249,49 Years,433,198,235,73,33,40,3,3,0,2,1,1,1,1,0,354,160,194
JIM WELLS COUNTY,249,50 Years,397,179,218,65,27,38,2,1,1,0,0,0,1,0,1,329,151,178
JIM WELLS COUNTY,249,51 Years,418,197,221,72,35,37,1,0,1,1,1,0,3,1,2,341,160,181
JIM WELLS COUNTY,249,52 Years,455,230,225,82,41,41,1,1,0,2,0,2,3,2,1,367,186,181
JIM WELLS COUNTY,249,53 Years,461,235,226,78,37,41,1,0,1,2,1,1,0,0,0,380,197,183
JIM WELLS COUNTY,249,54 Years,455,225,230,99,42,57,1,0,1,4,2,2,2,2,0,349,179,170
JIM WELLS COUNTY,249,55 Years,455,220,235,106,51,55,2,1,1,1,1,0,3,3,0,343,164,179
JIM WELLS COUNTY,249,56 Years,433,217,216,95,51,44,2,1,1,0,0,0,3,2,1,333,163,170
JIM WELLS COUNTY,249,57 Years,466,227,239,95,46,49,3,3,0,2,1,1,3,2,1,363,175,188
JIM WELLS COUNTY,249,58 Years,467,239,228,113,57,56,2,2,0,2,1,1,4,2,2,346,177,169
JIM WELLS COUNTY,249,59 Years,483,225,258,120,57,63,1,1,0,2,1,1,4,2,2,356,164,192
JIM WELLS COUNTY,249,60 Years,457,228,229,122,64,58,2,1,1,2,1,1,5,3,2,326,159,167
JIM WELLS COUNTY,249,61 Years,494,243,251,125,59,66,2,0,2,2,0,2,5,3,2,360,181,179
JIM WELLS COUNTY,249,62 Years,442,214,228,118,55,63,2,0,2,3,1,2,3,3,0,316,155,161
JIM WELLS COUNTY,249,63 Years,432,189,243,106,51,55,3,3,0,3,1,2,5,3,2,315,131,184
JIM WELLS COUNTY,249,64 Years,427,197,230,108,56,52,2,1,1,2,0,2,3,1,2,312,139,173
JIM WELLS COUNTY,249,65 Years,422,213,209,120,67,53,4,3,1,4,3,1,6,4,2,288,136,152
JIM WELLS COUNTY,249,66 Years,403,191,212,110,52,58,1,1,0,3,2,1,2,1,1,287,135,152
JIM WELLS COUNTY,249,67 Years,390,189,201,105,51,54,1,0,1,0,0,0,4,2,2,280,136,144
JIM WELLS COUNTY,249,68 Years,409,221,188,121,67,54,1,1,0,2,1,1,2,1,1,283,151,132
JIM WELLS COUNTY,249,69 Years,398,200,198,100,50,50,1,1,0,2,1,1,2,1,1,293,147,146
JIM WELLS COUNTY,249,70 Years,382,173,209,89,42,47,2,1,1,1,0,1,5,2,3,285,128,157
JIM WELLS COUNTY,249,71 Years,377,181,196,93,53,40,1,1,0,2,1,1,5,2,3,276,124,152
JIM WELLS COUNTY,249,72 Years,341,162,179,80,42,38,0,0,0,3,2,1,4,3,1,254,115,139
JIM WELLS COUNTY,249,73 Years,324,156,168,75,37,38,0,0,0,2,1,1,3,2,1,244,116,128
JIM WELLS COUNTY,249,74 Years,294,125,169,64,31,33,1,0,1,1,1,0,2,1,1,226,92,134
JIM WELLS COUNTY,249,75 Years,263,104,159,66,33,33,1,1,0,0,0,0,2,1,1,194,69,125
JIM WELLS COUNTY,249,76 Years,230,93,137,66,31,35,0,0,0,0,0,0,2,1,1,162,61,101
JIM WELLS COUNTY,249,77 Years,222,98,124,62,30,32,1,1,0,0,0,0,1,0,1,158,67,91
JIM WELLS COUNTY,249,78 Years,203,96,107,53,27,26,1,1,0,0,0,0,0,0,0,149,68,81
JIM WELLS COUNTY,249,79 Years,199,81,118,57,23,34,3,2,1,0,0,0,2,1,1,137,55,82
JIM WELLS COUNTY,249,80 Years,195,76,119,53,20,33,1,0,1,0,0,0,3,0,3,138,56,82
JIM WELLS COUNTY,249,81 Years,179,71,108,46,18,28,0,0,0,1,0,1,1,0,1,131,53,78
JIM WELLS COUNTY,249,82 Years,163,69,94,36,16,20,0,0,0,0,0,0,2,0,2,125,53,72
JIM WELLS COUNTY,249,83 Years,154,65,89,41,20,21,1,1,0,0,0,0,1,0,1,111,44,67
JIM WELLS COUNTY,249,84 Years,126,53,73,29,14,15,0,0,0,1,0,1,1,1,0,95,38,57
JIM WELLS COUNTY,249,85 Years,109,44,65,26,11,15,0,0,0,0,0,0,1,1,0,82,32,50
JIM WELLS COUNTY,249,86 Years,108,48,60,33,17,16,1,1,0,0,0,0,2,0,2,72,30,42
JIM WELLS COUNTY,249,87 Years,97,48,49,24,12,12,1,1,0,0,0,0,0,0,0,72,35,37
JIM WELLS COUNTY,249,88 Years,96,39,57,23,12,11,0,0,0,0,0,0,0,0,0,73,27,46
JIM WELLS COUNTY,249,89 Years,78,26,52,17,9,8,2,0,2,0,0,0,2,1,1,57,16,41
JIM WELLS COUNTY,249,90 Years,64,23,41,16,7,9,0,0,0,0,0,0,1,1,0,47,15,32
JIM WELLS COUNTY,249,91 Years,54,24,30,14,7,7,0,0,0,0,0,0,0,0,0,40,17,23
JIM WELLS COUNTY,249,92 Years,38,15,23,10,5,5,0,0,0,0,0,0,1,0,1,27,10,17
JIM WELLS COUNTY,249,93 Years,33,12,21,8,3,5,2,2,0,0,0,0,0,0,0,23,7,16
JIM WELLS COUNTY,249,94 Years,26,10,16,6,2,4,1,1,0,0,0,0,0,0,0,19,7,12
JIM WELLS COUNTY,249,95 Years +,68,21,47,12,2,10,2,0,2,0,0,0,1,0,1,53,19,34
JOHNSON COUNTY,251,All Ages,172289,85731,86558,123711,60611,63100,5358,2889,2469,1025,470,555,4787,2493,2294,37408,19268,18140
JOHNSON COUNTY,251,< 1 Year,2343,1214,1129,1377,716,661,72,40,32,5,3,2,117,61,56,772,394,378
JOHNSON COUNTY,251,1 Years,2370,1212,1158,1402,720,682,75,39,36,6,4,2,119,64,55,768,385,383
JOHNSON COUNTY,251,2 Years,2408,1244,1164,1441,746,695,73,36,37,5,3,2,126,69,57,763,390,373
JOHNSON COUNTY,251,3 Years,2414,1236,1178,1472,752,720,71,33,38,5,3,2,129,70,59,737,378,359
JOHNSON COUNTY,251,4 Years,2420,1256,1164,1479,763,716,68,29,39,6,3,3,127,70,57,740,391,349
JOHNSON COUNTY,251,5 Years,2404,1225,1179,1475,748,727,69,30,39,5,3,2,114,63,51,741,381,360
JOHNSON COUNTY,251,6 Years,2393,1228,1165,1457,743,714,62,31,31,5,3,2,109,63,46,760,388,372
JOHNSON COUNTY,251,7 Years,2408,1245,1163,1473,762,711,64,36,28,5,3,2,103,57,46,763,387,376
JOHNSON COUNTY,251,8 Years,2539,1313,1226,1552,809,743,71,36,35,5,5,0,101,57,44,810,406,404
JOHNSON COUNTY,251,9 Years,2467,1291,1176,1489,774,715,77,40,37,8,4,4,100,50,50,793,423,370
JOHNSON COUNTY,251,10 Years,2446,1255,1191,1496,765,731,73,37,36,11,5,6,88,47,41,778,401,377
JOHNSON COUNTY,251,11 Years,2463,1249,1214,1520,780,740,71,34,37,8,3,5,90,54,36,774,378,396
JOHNSON COUNTY,251,12 Years,2499,1251,1248,1565,801,764,78,39,39,11,6,5,87,39,48,758,366,392
JOHNSON COUNTY,251,13 Years,2569,1307,1262,1608,838,770,72,35,37,11,5,6,119,60,59,759,369,390
JOHNSON COUNTY,251,14 Years,2509,1300,1209,1583,819,764,80,41,39,13,3,10,102,52,50,731,385,346
JOHNSON COUNTY,251,15 Years,2467,1248,1219,1541,780,761,74,38,36,15,3,12,91,43,48,746,384,362
JOHNSON COUNTY,251,16 Years,2429,1244,1185,1529,796,733,71,32,39,11,3,8,92,47,45,726,366,360
JOHNSON COUNTY,251,17 Years,2444,1245,1199,1524,767,757,84,43,41,7,2,5,100,52,48,729,381,348
JOHNSON COUNTY,251,18 Years,2288,1204,1084,1414,741,673,87,48,39,15,7,8,95,54,41,677,354,323
JOHNSON COUNTY,251,19 Years,2023,1034,989,1238,628,610,67,32,35,14,10,4,89,49,40,615,315,300
JOHNSON COUNTY,251,20 Years,2040,1052,988,1212,615,597,78,40,38,15,9,6,96,52,44,639,336,303
JOHNSON COUNTY,251,21 Years,2026,1031,995,1204,607,597,76,40,36,11,5,6,99,54,45,636,325,311
JOHNSON COUNTY,251,22 Years,2015,1012,1003,1240,613,627,82,46,36,11,5,6,94,46,48,588,302,286
JOHNSON COUNTY,251,23 Years,2123,1062,1061,1357,672,685,80,45,35,12,8,4,92,51,41,582,286,296
JOHNSON COUNTY,251,24 Years,2157,1102,1055,1399,706,693,87,49,38,12,6,6,96,50,46,563,291,272
JOHNSON COUNTY,251,25 Years,2311,1159,1152,1552,770,782,79,44,35,13,7,6,68,42,26,599,296,303
JOHNSON COUNTY,251,26 Years,2424,1224,1200,1640,806,834,91,52,39,20,14,6,83,45,38,590,307,283
JOHNSON COUNTY,251,27 Years,2405,1240,1165,1607,834,773,97,51,46,19,12,7,82,38,44,600,305,295
JOHNSON COUNTY,251,28 Years,2455,1234,1221,1652,816,836,96,47,49,22,9,13,83,39,44,602,323,279
JOHNSON COUNTY,251,29 Years,2300,1197,1103,1609,804,805,88,47,41,20,12,8,47,26,21,536,308,228
JOHNSON COUNTY,251,30 Years,2218,1109,1109,1580,753,827,71,49,22,20,14,6,40,18,22,507,275,232
JOHNSON COUNTY,251,31 Years,2259,1124,1135,1550,749,801,80,47,33,19,10,9,53,18,35,557,300,257
JOHNSON COUNTY,251,32 Years,2234,1144,1090,1549,764,785,83,47,36,20,11,9,63,36,27,519,286,233
JOHNSON COUNTY,251,33 Years,2149,1065,1084,1500,727,773,79,48,31,17,10,7,50,24,26,503,256,247
JOHNSON COUNTY,251,34 Years,2185,1120,1065,1550,772,778,75,47,28,17,9,8,50,33,17,493,259,234
JOHNSON COUNTY,251,35 Years,2208,1128,1080,1550,763,787,75,48,27,29,14,15,46,25,21,508,278,230
JOHNSON COUNTY,251,36 Years,2174,1109,1065,1544,759,785,66,50,16,16,8,8,41,20,21,507,272,235
JOHNSON COUNTY,251,37 Years,2311,1168,1143,1637,802,835,75,49,26,8,2,6,55,32,23,536,283,253
JOHNSON COUNTY,251,38 Years,2309,1170,1139,1624,796,828,80,46,34,12,4,8,71,33,38,522,291,231
JOHNSON COUNTY,251,39 Years,2162,1120,1042,1534,759,775,68,42,26,19,9,10,48,20,28,493,290,203
JOHNSON COUNTY,251,40 Years,2081,1030,1051,1473,711,762,64,39,25,20,9,11,38,17,21,486,254,232
JOHNSON COUNTY,251,41 Years,2084,991,1093,1456,687,769,71,39,32,19,6,13,33,17,16,505,242,263
JOHNSON COUNTY,251,42 Years,2060,1016,1044,1449,724,725,63,34,29,16,6,10,48,18,30,484,234,250
JOHNSON COUNTY,251,43 Years,2099,1016,1083,1469,703,766,62,37,25,13,6,7,53,18,35,502,252,250
JOHNSON COUNTY,251,44 Years,2020,1000,1020,1416,685,731,82,43,39,11,6,5,38,15,23,473,251,222
JOHNSON COUNTY,251,45 Years,2080,1039,1041,1507,738,769,80,45,35,11,5,6,34,15,19,448,236,212
JOHNSON COUNTY,251,46 Years,2182,1082,1100,1644,793,851,67,38,29,9,3,6,40,18,22,422,230,192
JOHNSON COUNTY,251,47 Years,2293,1146,1147,1679,821,858,78,45,33,11,5,6,50,29,21,475,246,229
JOHNSON COUNTY,251,48 Years,2286,1143,1143,1695,842,853,73,46,27,13,3,10,32,19,13,473,233,240
JOHNSON COUNTY,251,49 Years,2151,1067,1084,1620,787,833,64,37,27,16,6,10,40,21,19,411,216,195
JOHNSON COUNTY,251,50 Years,2071,1053,1018,1535,776,759,74,41,33,19,8,11,36,17,19,407,211,196
JOHNSON COUNTY,251,51 Years,2116,1076,1040,1578,798,780,78,47,31,16,8,8,35,17,18,409,206,203
JOHNSON COUNTY,251,52 Years,2144,1101,1043,1640,838,802,76,48,28,11,5,6,39,20,19,378,190,188
JOHNSON COUNTY,251,53 Years,2231,1151,1080,1727,880,847,66,39,27,18,10,8,28,16,12,392,206,186
JOHNSON COUNTY,251,54 Years,2283,1151,1132,1798,900,898,68,39,29,11,5,6,32,19,13,374,188,186
JOHNSON COUNTY,251,55 Years,2276,1137,1139,1798,882,916,71,35,36,11,4,7,55,36,19,341,180,161
JOHNSON COUNTY,251,56 Years,2289,1134,1155,1822,886,936,77,39,38,10,3,7,42,21,21,338,185,153
JOHNSON COUNTY,251,57 Years,2330,1156,1174,1880,921,959,67,36,31,14,5,9,42,20,22,327,174,153
JOHNSON COUNTY,251,58 Years,2400,1219,1181,1934,970,964,73,42,31,20,5,15,45,23,22,328,179,149
JOHNSON COUNTY,251,59 Years,2199,1110,1089,1811,895,916,68,39,29,18,5,13,36,20,16,266,151,115
JOHNSON COUNTY,251,60 Years,2196,1078,1118,1839,893,946,68,34,34,22,6,16,29,14,15,238,131,107
JOHNSON COUNTY,251,61 Years,2056,1015,1041,1720,840,880,69,36,33,13,5,8,39,18,21,215,116,99
JOHNSON COUNTY,251,62 Years,2071,984,1087,1740,818,922,69,36,33,21,8,13,29,11,18,212,111,101
JOHNSON COUNTY,251,63 Years,2009,968,1041,1694,814,880,55,23,32,19,9,10,29,15,14,212,107,105
JOHNSON COUNTY,251,64 Years,1912,928,984,1628,788,840,40,18,22,17,10,7,35,13,22,192,99,93
JOHNSON COUNTY,251,65 Years,1797,864,933,1519,730,789,53,23,30,17,9,8,29,14,15,179,88,91
JOHNSON COUNTY,251,66 Years,1784,846,938,1526,713,813,48,29,19,11,5,6,30,18,12,169,81,88
JOHNSON COUNTY,251,67 Years,1607,750,857,1374,640,734,38,20,18,7,3,4,29,16,13,159,71,88
JOHNSON COUNTY,251,68 Years,1552,724,828,1334,631,703,46,19,27,10,3,7,27,14,13,135,57,78
JOHNSON COUNTY,251,69 Years,1596,730,866,1386,639,747,38,12,26,7,2,5,33,16,17,132,61,71
JOHNSON COUNTY,251,70 Years,1658,770,888,1448,668,780,35,19,16,8,4,4,27,15,12,140,64,76
JOHNSON COUNTY,251,71 Years,1610,738,872,1424,643,781,31,16,15,9,4,5,25,16,9,121,59,62
JOHNSON COUNTY,251,72 Years,1305,608,697,1133,518,615,31,21,10,8,5,3,19,12,7,114,52,62
JOHNSON COUNTY,251,73 Years,1206,574,632,1037,491,546,31,16,15,5,2,3,14,12,2,119,53,66
JOHNSON COUNTY,251,74 Years,1174,552,622,1027,481,546,20,10,10,6,2,4,14,7,7,107,52,55
JOHNSON COUNTY,251,75 Years,1138,524,614,1022,473,549,17,7,10,6,4,2,11,4,7,82,36,46
JOHNSON COUNTY,251,76 Years,999,453,546,891,401,490,17,7,10,7,4,3,20,10,10,64,31,33
JOHNSON COUNTY,251,77 Years,908,422,486,810,375,435,15,10,5,6,2,4,11,7,4,66,28,38
JOHNSON COUNTY,251,78 Years,828,389,439,737,346,391,16,12,4,5,1,4,6,2,4,64,28,36
JOHNSON COUNTY,251,79 Years,796,365,431,706,322,384,18,8,10,5,2,3,10,5,5,57,28,29
JOHNSON COUNTY,251,80 Years,727,323,404,649,288,361,13,3,10,2,1,1,13,8,5,50,23,27
JOHNSON COUNTY,251,81 Years,653,291,362,578,259,319,10,4,6,6,1,5,8,5,3,51,22,29
JOHNSON COUNTY,251,82 Years,613,267,346,550,240,310,5,1,4,4,1,3,6,3,3,48,22,26
JOHNSON COUNTY,251,83 Years,532,221,311,480,198,282,6,4,2,4,2,2,5,2,3,37,15,22
JOHNSON COUNTY,251,84 Years,479,207,272,433,185,248,12,6,6,2,2,0,9,5,4,23,9,14
JOHNSON COUNTY,251,85 Years,433,179,254,391,157,234,9,4,5,0,0,0,8,5,3,25,13,12
JOHNSON COUNTY,251,86 Years,376,142,234,337,125,212,8,3,5,1,0,1,5,3,2,25,11,14
JOHNSON COUNTY,251,87 Years,345,136,209,310,123,187,7,3,4,3,0,3,2,1,1,23,9,14
JOHNSON COUNTY,251,88 Years,318,118,200,291,108,183,8,4,4,0,0,0,3,1,2,16,5,11
JOHNSON COUNTY,251,89 Years,265,91,174,238,81,157,8,3,5,0,0,0,4,1,3,15,6,9
JOHNSON COUNTY,251,90 Years,221,76,145,199,68,131,7,3,4,1,0,1,2,0,2,12,5,7
JOHNSON COUNTY,251,91 Years,185,60,125,166,55,111,5,0,5,2,1,1,1,0,1,11,4,7
JOHNSON COUNTY,251,92 Years,131,42,89,123,41,82,2,0,2,0,0,0,1,0,1,5,1,4
JOHNSON COUNTY,251,93 Years,97,33,64,87,30,57,3,1,2,1,0,1,0,0,0,6,2,4
JOHNSON COUNTY,251,94 Years,78,24,54,67,20,47,3,0,3,0,0,0,2,1,1,6,3,3
JOHNSON COUNTY,251,95 Years +,191,50,141,161,37,124,10,3,7,0,0,0,1,0,1,19,10,9
JONES COUNTY,253,All Ages,19764,12495,7269,11379,6372,5007,2332,2032,300,83,36,47,317,166,151,5653,3889,1764
JONES COUNTY,253,< 1 Year,160,79,81,90,39,51,3,1,2,1,1,0,8,3,5,58,35,23
JONES COUNTY,253,1 Years,161,79,82,93,39,54,3,2,1,1,1,0,6,3,3,58,34,24
JONES COUNTY,253,2 Years,160,74,86,91,37,54,3,2,1,1,1,0,6,3,3,59,31,28
JONES COUNTY,253,3 Years,167,76,91,97,42,55,4,2,2,1,1,0,4,2,2,61,29,32
JONES COUNTY,253,4 Years,170,85,85,97,45,52,4,2,2,1,1,0,6,4,2,62,33,29
JONES COUNTY,253,5 Years,183,98,85,104,55,49,6,3,3,1,1,0,6,3,3,66,36,30
JONES COUNTY,253,6 Years,178,98,80,102,55,47,6,3,3,1,0,1,6,3,3,63,37,26
JONES COUNTY,253,7 Years,173,92,81,100,53,47,6,3,3,1,0,1,6,3,3,60,33,27
JONES COUNTY,253,8 Years,204,96,108,116,61,55,6,2,4,1,0,1,5,3,2,76,30,46
JONES COUNTY,253,9 Years,192,102,90,112,62,50,9,5,4,0,0,0,3,2,1,68,33,35
JONES COUNTY,253,10 Years,181,104,77,102,55,47,7,4,3,0,0,0,6,4,2,66,41,25
JONES COUNTY,253,11 Years,189,106,83,113,63,50,4,2,2,1,0,1,6,4,2,65,37,28
JONES COUNTY,253,12 Years,198,102,96,102,54,48,5,2,3,0,0,0,10,7,3,81,39,42
JONES COUNTY,253,13 Years,194,92,102,107,50,57,7,4,3,0,0,0,7,5,2,73,33,40
JONES COUNTY,253,14 Years,196,100,96,112,56,56,7,4,3,1,0,1,9,6,3,67,34,33
JONES COUNTY,253,15 Years,202,96,106,108,58,50,16,3,13,1,0,1,8,3,5,69,32,37
JONES COUNTY,253,16 Years,189,97,92,95,48,47,10,3,7,1,0,1,5,3,2,78,43,35
JONES COUNTY,253,17 Years,190,100,90,92,41,51,26,19,7,2,0,2,8,4,4,62,36,26
JONES COUNTY,253,18 Years,207,132,75,100,62,38,16,12,4,2,1,1,7,4,3,82,53,29
JONES COUNTY,253,19 Years,212,136,76,81,49,32,39,33,6,0,0,0,9,4,5,83,50,33
JONES COUNTY,253,20 Years,268,200,68,95,62,33,56,51,5,3,1,2,7,2,5,107,84,23
JONES COUNTY,253,21 Years,261,194,67,109,70,39,38,34,4,2,1,1,6,4,2,106,85,21
JONES COUNTY,253,22 Years,268,197,71,116,74,42,41,36,5,2,1,1,9,6,3,100,80,20
JONES COUNTY,253,23 Years,305,236,69,131,89,42,41,39,2,3,1,2,8,5,3,122,102,20
JONES COUNTY,253,24 Years,318,237,81,143,85,58,42,40,2,0,0,0,4,2,2,129,110,19
JONES COUNTY,253,25 Years,328,237,91,151,90,61,42,39,3,1,0,1,7,6,1,127,102,25
JONES COUNTY,253,26 Years,339,246,93,176,115,61,47,40,7,1,0,1,2,2,0,113,89,24
JONES COUNTY,253,27 Years,390,302,88,188,127,61,73,67,6,0,0,0,2,1,1,127,107,20
JONES COUNTY,253,28 Years,373,276,97,175,109,66,69,67,2,0,0,0,2,1,1,127,99,28
JONES COUNTY,253,29 Years,350,267,83,170,105,65,61,60,1,1,0,1,1,1,0,117,101,16
JONES COUNTY,253,30 Years,364,269,95,162,100,62,81,77,4,0,0,0,1,0,1,120,92,28
JONES COUNTY,253,31 Years,370,283,87,157,104,53,82,79,3,0,0,0,4,2,2,127,98,29
JONES COUNTY,253,32 Years,377,289,88,160,100,60,81,77,4,1,1,0,5,4,1,130,107,23
JONES COUNTY,253,33 Years,355,256,99,154,88,66,74,72,2,1,1,0,1,0,1,125,95,30
JONES COUNTY,253,34 Years,345,257,88,157,103,54,67,64,3,1,1,0,3,3,0,117,86,31
JONES COUNTY,253,35 Years,336,256,80,146,100,46,78,75,3,1,1,0,2,1,1,109,79,30
JONES COUNTY,253,36 Years,329,251,78,152,101,51,61,60,1,1,0,1,4,1,3,111,89,22
JONES COUNTY,253,37 Years,318,233,85,164,104,60,51,50,1,2,1,1,3,0,3,98,78,20
JONES COUNTY,253,38 Years,328,238,90,159,104,55,60,58,2,0,0,0,3,1,2,106,75,31
JONES COUNTY,253,39 Years,293,225,68,143,97,46,57,54,3,1,0,1,1,1,0,91,73,18
JONES COUNTY,253,40 Years,291,221,70,149,100,49,55,50,5,0,0,0,0,0,0,87,71,16
JONES COUNTY,253,41 Years,278,214,64,131,85,46,58,55,3,0,0,0,2,2,0,87,72,15
JONES COUNTY,253,42 Years,265,189,76,136,84,52,51,47,4,0,0,0,1,1,0,77,57,20
JONES COUNTY,253,43 Years,289,204,85,147,89,58,51,48,3,3,1,2,1,1,0,87,65,22
JONES COUNTY,253,44 Years,282,208,74,145,91,54,52,49,3,1,1,0,2,1,1,82,66,16
JONES COUNTY,253,45 Years,283,208,75,142,89,53,47,46,1,3,2,1,6,4,2,85,67,18
JONES COUNTY,253,46 Years,265,187,78,145,93,52,40,38,2,3,1,2,4,1,3,73,54,19
JONES COUNTY,253,47 Years,265,186,79,134,83,51,44,38,6,0,0,0,4,1,3,83,64,19
JONES COUNTY,253,48 Years,298,204,94,177,107,70,41,37,4,2,1,1,1,0,1,77,59,18
JONES COUNTY,253,49 Years,271,193,78,156,99,57,45,42,3,4,2,2,1,1,0,65,49,16
JONES COUNTY,253,50 Years,235,166,69,141,88,53,36,35,1,1,0,1,4,3,1,53,40,13
JONES COUNTY,253,51 Years,230,160,70,144,93,51,26,23,3,1,1,0,6,4,2,53,39,14
JONES COUNTY,253,52 Years,235,157,78,146,89,57,26,23,3,2,2,0,3,1,2,58,42,16
JONES COUNTY,253,53 Years,258,166,92,163,96,67,27,22,5,1,1,0,4,2,2,63,45,18
JONES COUNTY,253,54 Years,263,162,101,180,103,77,19,16,3,2,0,2,2,1,1,60,42,18
JONES COUNTY,253,55 Years,254,151,103,176,94,82,17,14,3,1,0,1,5,4,1,55,39,16
JONES COUNTY,253,56 Years,243,143,100,179,97,82,15,12,3,1,1,0,2,0,2,46,33,13
JONES COUNTY,253,57 Years,252,133,119,176,86,90,23,17,6,1,1,0,3,1,2,49,28,21
JONES COUNTY,253,58 Years,253,139,114,178,90,88,21,17,4,1,0,1,4,3,1,49,29,20
JONES COUNTY,253,59 Years,242,147,95,175,102,73,21,15,6,3,1,2,3,3,0,40,26,14
JONES COUNTY,253,60 Years,215,118,97,162,87,75,19,11,8,2,1,1,1,0,1,31,19,12
JONES COUNTY,253,61 Years,218,116,102,160,82,78,18,13,5,1,1,0,5,3,2,34,17,17
JONES COUNTY,253,62 Years,223,113,110,172,85,87,15,11,4,0,0,0,3,1,2,33,16,17
JONES COUNTY,253,63 Years,231,120,111,175,86,89,13,11,2,1,0,1,4,1,3,38,22,16
JONES COUNTY,253,64 Years,219,109,110,170,82,88,11,6,5,1,0,1,4,1,3,33,20,13
JONES COUNTY,253,65 Years,192,99,93,150,77,73,15,8,7,1,1,0,0,0,0,26,13,13
JONES COUNTY,253,66 Years,192,100,92,151,76,75,11,8,3,0,0,0,1,0,1,29,16,13
JONES COUNTY,253,67 Years,179,96,83,138,74,64,11,7,4,1,0,1,2,0,2,27,15,12
JONES COUNTY,253,68 Years,165,89,76,131,70,61,5,5,0,1,0,1,3,0,3,25,14,11
JONES COUNTY,253,69 Years,164,85,79,132,66,66,8,6,2,1,0,1,1,0,1,22,13,9
JONES COUNTY,253,70 Years,182,86,96,147,69,78,7,5,2,0,0,0,0,0,0,28,12,16
JONES COUNTY,253,71 Years,179,97,82,148,80,68,6,4,2,0,0,0,1,0,1,24,13,11
JONES COUNTY,253,72 Years,139,76,63,112,62,50,4,2,2,1,0,1,1,0,1,21,12,9
JONES COUNTY,253,73 Years,132,69,63,104,52,52,4,3,1,0,0,0,1,0,1,23,14,9
JONES COUNTY,253,74 Years,147,62,85,110,42,68,7,4,3,2,0,2,0,0,0,28,16,12
JONES COUNTY,253,75 Years,138,66,72,106,47,59,5,3,2,0,0,0,1,0,1,26,16,10
JONES COUNTY,253,76 Years,116,58,58,94,46,48,5,2,3,1,1,0,1,0,1,15,9,6
JONES COUNTY,253,77 Years,121,57,64,96,45,51,6,2,4,0,0,0,2,1,1,17,9,8
JONES COUNTY,253,78 Years,115,54,61,85,42,43,3,1,2,1,1,0,4,2,2,22,8,14
JONES COUNTY,253,79 Years,101,52,49,76,37,39,5,3,2,0,0,0,1,1,0,19,11,8
JONES COUNTY,253,80 Years,97,46,51,74,35,39,5,2,3,0,0,0,4,3,1,14,6,8
JONES COUNTY,253,81 Years,94,44,50,72,35,37,6,4,2,0,0,0,1,0,1,15,5,10
JONES COUNTY,253,82 Years,79,34,45,64,29,35,6,3,3,0,0,0,1,0,1,8,2,6
JONES COUNTY,253,83 Years,71,32,39,52,26,26,3,0,3,0,0,0,1,1,0,15,5,10
JONES COUNTY,253,84 Years,63,23,40,45,17,28,4,1,3,1,0,1,1,0,1,12,5,7
JONES COUNTY,253,85 Years,57,24,33,43,18,25,2,1,1,0,0,0,2,1,1,10,4,6
JONES COUNTY,253,86 Years,63,27,36,47,19,28,4,3,1,0,0,0,2,1,1,10,4,6
JONES COUNTY,253,87 Years,49,20,29,36,13,23,5,3,2,0,0,0,1,0,1,7,4,3
JONES COUNTY,253,88 Years,47,19,28,36,14,22,3,1,2,0,0,0,0,0,0,8,4,4
JONES COUNTY,253,89 Years,38,13,25,28,9,19,1,0,1,0,0,0,1,0,1,8,4,4
JONES COUNTY,253,90 Years,35,15,20,27,10,17,2,1,1,0,0,0,0,0,0,6,4,2
JONES COUNTY,253,91 Years,31,15,16,25,10,15,2,2,0,0,0,0,0,0,0,4,3,1
JONES COUNTY,253,92 Years,23,10,13,16,6,10,1,1,0,0,0,0,0,0,0,6,3,3
JONES COUNTY,253,93 Years,20,5,15,14,4,10,1,0,1,0,0,0,1,0,1,4,1,3
JONES COUNTY,253,94 Years,16,4,12,12,3,9,0,0,0,0,0,0,1,0,1,3,1,2
JONES COUNTY,253,95 Years +,40,11,29,27,8,19,5,1,4,0,0,0,1,0,1,7,2,5
KARNES COUNTY,255,All Ages,15318,8941,6377,5659,3087,2572,1141,1038,103,28,12,16,148,73,75,8342,4731,3611
KARNES COUNTY,255,< 1 Year,178,85,93,55,26,29,4,2,2,0,0,0,3,1,2,116,56,60
KARNES COUNTY,255,1 Years,178,89,89,54,27,27,3,2,1,1,0,1,5,2,3,115,58,57
KARNES COUNTY,255,2 Years,193,101,92,60,34,26,3,2,1,2,1,1,5,3,2,123,61,62
KARNES COUNTY,255,3 Years,201,110,91,65,39,26,4,3,1,2,1,1,5,2,3,125,65,60
KARNES COUNTY,255,4 Years,200,110,90,67,40,27,4,3,1,1,0,1,2,1,1,126,66,60
KARNES COUNTY,255,5 Years,194,105,89,64,36,28,3,3,0,0,0,0,3,1,2,124,65,59
KARNES COUNTY,255,6 Years,182,98,84,64,33,31,3,2,1,0,0,0,0,0,0,115,63,52
KARNES COUNTY,255,7 Years,173,92,81,55,29,26,4,2,2,0,0,0,4,1,3,110,60,50
KARNES COUNTY,255,8 Years,181,100,81,56,38,18,5,3,2,0,0,0,3,0,3,117,59,58
KARNES COUNTY,255,9 Years,173,90,83,38,25,13,4,1,3,0,0,0,3,2,1,128,62,66
KARNES COUNTY,255,10 Years,171,88,83,46,22,24,2,1,1,0,0,0,2,1,1,121,64,57
KARNES COUNTY,255,11 Years,189,97,92,49,25,24,4,3,1,0,0,0,5,2,3,131,67,64
KARNES COUNTY,255,12 Years,201,102,99,56,30,26,7,5,2,0,0,0,4,2,2,134,65,69
KARNES COUNTY,255,13 Years,167,85,82,48,26,22,5,4,1,0,0,0,2,1,1,112,54,58
KARNES COUNTY,255,14 Years,162,86,76,45,20,25,4,3,1,0,0,0,2,0,2,111,63,48
KARNES COUNTY,255,15 Years,179,94,85,61,26,35,1,0,1,0,0,0,4,2,2,113,66,47
KARNES COUNTY,255,16 Years,155,78,77,46,19,27,2,1,1,0,0,0,4,2,2,103,56,47
KARNES COUNTY,255,17 Years,162,73,89,48,17,31,2,1,1,0,0,0,4,4,0,108,51,57
KARNES COUNTY,255,18 Years,188,102,86,53,24,29,5,4,1,0,0,0,4,3,1,126,71,55
KARNES COUNTY,255,19 Years,172,100,72,42,20,22,11,10,1,0,0,0,3,2,1,116,68,48
KARNES COUNTY,255,20 Years,197,128,69,50,32,18,11,10,1,0,0,0,4,3,1,132,83,49
KARNES COUNTY,255,21 Years,211,136,75,59,32,27,11,11,0,0,0,0,2,1,1,139,92,47
KARNES COUNTY,255,22 Years,214,149,65,57,36,21,17,17,0,1,1,0,1,1,0,138,94,44
KARNES COUNTY,255,23 Years,225,154,71,58,34,24,21,20,1,0,0,0,2,2,0,144,98,46
KARNES COUNTY,255,24 Years,217,141,76,64,37,27,27,25,2,1,0,1,2,2,0,123,77,46
KARNES COUNTY,255,25 Years,261,175,86,71,40,31,25,23,2,0,0,0,2,1,1,163,111,52
KARNES COUNTY,255,26 Years,264,180,84,75,45,30,28,28,0,0,0,0,3,1,2,158,106,52
KARNES COUNTY,255,27 Years,269,176,93,76,43,33,29,29,0,0,0,0,4,3,1,160,101,59
KARNES COUNTY,255,28 Years,274,184,90,74,51,23,30,30,0,1,1,0,3,2,1,166,100,66
KARNES COUNTY,255,29 Years,270,198,72,72,54,18,42,40,2,0,0,0,0,0,0,156,104,52
KARNES COUNTY,255,30 Years,297,206,91,81,52,29,40,37,3,0,0,0,1,1,0,175,116,59
KARNES COUNTY,255,31 Years,281,197,84,68,38,30,45,44,1,0,0,0,1,0,1,167,115,52
KARNES COUNTY,255,32 Years,286,191,95,74,47,27,38,35,3,2,0,2,3,1,2,169,108,61
KARNES COUNTY,255,33 Years,263,185,78,63,39,24,45,43,2,2,1,1,2,1,1,151,101,50
KARNES COUNTY,255,34 Years,245,175,70,64,40,24,46,44,2,1,1,0,3,3,0,131,87,44
KARNES COUNTY,255,35 Years,222,159,63,55,32,23,42,41,1,0,0,0,0,0,0,125,86,39
KARNES COUNTY,255,36 Years,212,144,68,59,35,24,36,34,2,0,0,0,1,0,1,116,75,41
KARNES COUNTY,255,37 Years,222,148,74,64,37,27,39,38,1,1,1,0,3,2,1,115,70,45
KARNES COUNTY,255,38 Years,235,158,77,70,39,31,30,30,0,0,0,0,2,1,1,133,88,45
KARNES COUNTY,255,39 Years,213,139,74,63,35,28,33,31,2,0,0,0,1,0,1,116,73,43
KARNES COUNTY,255,40 Years,196,130,66,66,39,27,24,24,0,0,0,0,1,0,1,105,67,38
KARNES COUNTY,255,41 Years,195,122,73,57,31,26,24,23,1,0,0,0,1,1,0,113,67,46
KARNES COUNTY,255,42 Years,186,117,69,62,34,28,33,32,1,0,0,0,0,0,0,91,51,40
KARNES COUNTY,255,43 Years,187,124,63,58,38,20,27,26,1,0,0,0,4,4,0,98,56,42
KARNES COUNTY,255,44 Years,191,122,69,71,45,26,27,25,2,0,0,0,3,1,2,90,51,39
KARNES COUNTY,255,45 Years,170,103,67,60,40,20,21,19,2,0,0,0,1,0,1,88,44,44
KARNES COUNTY,255,46 Years,178,114,64,63,41,22,20,19,1,0,0,0,2,2,0,93,52,41
KARNES COUNTY,255,47 Years,173,107,66,71,41,30,16,16,0,0,0,0,0,0,0,86,50,36
KARNES COUNTY,255,48 Years,190,119,71,77,48,29,15,13,2,1,1,0,2,2,0,95,55,40
KARNES COUNTY,255,49 Years,162,109,53,57,36,21,18,16,2,0,0,0,1,0,1,86,57,29
KARNES COUNTY,255,50 Years,150,83,67,64,31,33,12,12,0,0,0,0,1,1,0,73,39,34
KARNES COUNTY,255,51 Years,142,77,65,56,26,30,11,11,0,0,0,0,0,0,0,75,40,35
KARNES COUNTY,255,52 Years,145,77,68,55,29,26,12,11,1,1,0,1,1,0,1,76,37,39
KARNES COUNTY,255,53 Years,188,102,86,83,44,39,12,11,1,4,0,4,1,1,0,88,46,42
KARNES COUNTY,255,54 Years,190,109,81,97,54,43,9,8,1,1,0,1,0,0,0,83,47,36
KARNES COUNTY,255,55 Years,171,99,72,85,49,36,9,9,0,0,0,0,1,0,1,76,41,35
KARNES COUNTY,255,56 Years,181,107,74,81,53,28,12,10,2,1,1,0,1,0,1,86,43,43
KARNES COUNTY,255,57 Years,180,104,76,83,52,31,11,9,2,1,1,0,1,0,1,84,42,42
KARNES COUNTY,255,58 Years,181,104,77,94,55,39,7,6,1,1,1,0,3,1,2,76,41,35
KARNES COUNTY,255,59 Years,182,100,82,90,49,41,7,5,2,0,0,0,2,1,1,83,45,38
KARNES COUNTY,255,60 Years,174,84,90,85,40,45,6,5,1,0,0,0,0,0,0,83,39,44
KARNES COUNTY,255,61 Years,185,95,90,87,43,44,8,5,3,0,0,0,2,0,2,88,47,41
KARNES COUNTY,255,62 Years,175,92,83,86,43,43,5,3,2,0,0,0,1,0,1,83,46,37
KARNES COUNTY,255,63 Years,180,93,87,88,49,39,7,4,3,0,0,0,0,0,0,85,40,45
KARNES COUNTY,255,64 Years,176,87,89,85,40,45,8,6,2,0,0,0,2,0,2,81,41,40
KARNES COUNTY,255,65 Years,177,89,88,90,42,48,7,5,2,0,0,0,1,0,1,79,42,37
KARNES COUNTY,255,66 Years,155,72,83,82,36,46,3,3,0,1,0,1,1,0,1,68,33,35
KARNES COUNTY,255,67 Years,140,68,72,74,36,38,2,2,0,1,0,1,0,0,0,63,30,33
KARNES COUNTY,255,68 Years,134,70,64,68,38,30,5,4,1,0,0,0,1,0,1,60,28,32
KARNES COUNTY,255,69 Years,128,70,58,73,40,33,3,3,0,0,0,0,0,0,0,52,27,25
KARNES COUNTY,255,70 Years,141,71,70,82,42,40,3,2,1,0,0,0,0,0,0,56,27,29
KARNES COUNTY,255,71 Years,140,72,68,87,46,41,4,3,1,0,0,0,0,0,0,49,23,26
KARNES COUNTY,255,72 Years,107,47,60,63,30,33,4,2,2,0,0,0,1,0,1,39,15,24
KARNES COUNTY,255,73 Years,94,46,48,51,26,25,3,2,1,1,1,0,0,0,0,39,17,22
KARNES COUNTY,255,74 Years,98,47,51,61,30,31,3,2,1,0,0,0,1,1,0,33,14,19
KARNES COUNTY,255,75 Years,87,46,41,53,29,24,2,1,1,0,0,0,1,1,0,31,15,16
KARNES COUNTY,255,76 Years,81,41,40,48,24,24,2,1,1,0,0,0,0,0,0,31,16,15
KARNES COUNTY,255,77 Years,87,47,40,52,29,23,2,2,0,0,0,0,0,0,0,33,16,17
KARNES COUNTY,255,78 Years,73,38,35,46,27,19,1,1,0,0,0,0,1,0,1,25,10,15
KARNES COUNTY,255,79 Years,83,41,42,51,26,25,3,2,1,0,0,0,2,0,2,27,13,14
KARNES COUNTY,255,80 Years,82,41,41,50,23,27,1,1,0,0,0,0,0,0,0,31,17,14
KARNES COUNTY,255,81 Years,70,37,33,44,20,24,2,1,1,0,0,0,0,0,0,24,16,8
KARNES COUNTY,255,82 Years,67,29,38,46,21,25,2,1,1,0,0,0,0,0,0,19,7,12
KARNES COUNTY,255,83 Years,60,24,36,38,18,20,0,0,0,0,0,0,0,0,0,22,6,16
KARNES COUNTY,255,84 Years,55,19,36,33,14,19,1,1,0,0,0,0,1,0,1,20,4,16
KARNES COUNTY,255,85 Years,54,23,31,33,15,18,1,1,0,0,0,0,0,0,0,20,7,13
KARNES COUNTY,255,86 Years,46,21,25,29,14,15,1,1,0,0,0,0,0,0,0,16,6,10
KARNES COUNTY,255,87 Years,43,14,29,27,8,19,0,0,0,0,0,0,0,0,0,16,6,10
KARNES COUNTY,255,88 Years,42,17,25,27,10,17,1,1,0,0,0,0,0,0,0,14,6,8
KARNES COUNTY,255,89 Years,31,13,18,19,9,10,2,0,2,0,0,0,0,0,0,10,4,6
KARNES COUNTY,255,90 Years,30,11,19,20,7,13,1,0,1,0,0,0,0,0,0,9,4,5
KARNES COUNTY,255,91 Years,26,8,18,18,6,12,0,0,0,0,0,0,0,0,0,8,2,6
KARNES COUNTY,255,92 Years,20,8,12,13,6,7,0,0,0,0,0,0,0,0,0,7,2,5
KARNES COUNTY,255,93 Years,17,8,9,10,4,6,2,2,0,0,0,0,0,0,0,5,2,3
KARNES COUNTY,255,94 Years,13,5,8,7,3,4,1,0,1,0,0,0,0,0,0,5,2,3
KARNES COUNTY,255,95 Years +,32,10,22,14,4,10,3,1,2,0,0,0,0,0,0,15,5,10
KAUFMAN COUNTY,257,All Ages,125620,62122,63498,81891,40393,41498,13301,6487,6814,1129,498,631,2772,1321,1451,26527,13423,13104
KAUFMAN COUNTY,257,< 1 Year,1723,888,835,898,456,442,217,109,108,29,16,13,81,43,38,498,264,234
KAUFMAN COUNTY,257,1 Years,1751,913,838,919,477,442,210,107,103,27,16,11,87,46,41,508,267,241
KAUFMAN COUNTY,257,2 Years,1718,897,821,910,484,426,193,97,96,24,12,12,88,42,46,503,262,241
KAUFMAN COUNTY,257,3 Years,1703,885,818,922,496,426,190,93,97,21,10,11,83,37,46,487,249,238
KAUFMAN COUNTY,257,4 Years,1685,868,817,924,495,429,193,94,99,18,8,10,72,32,40,478,239,239
KAUFMAN COUNTY,257,5 Years,1693,864,829,952,502,450,189,90,99,15,7,8,63,26,37,474,239,235
KAUFMAN COUNTY,257,6 Years,1667,851,816,930,488,442,188,93,95,12,6,6,52,20,32,485,244,241
KAUFMAN COUNTY,257,7 Years,1679,862,817,936,496,440,185,90,95,11,5,6,50,22,28,497,249,248
KAUFMAN COUNTY,257,8 Years,1697,855,842,903,455,448,195,99,96,11,4,7,49,26,23,539,271,268
KAUFMAN COUNTY,257,9 Years,1830,915,915,984,488,496,200,110,90,12,5,7,48,22,26,586,290,296
KAUFMAN COUNTY,257,10 Years,1968,955,1013,1083,501,582,218,119,99,17,9,8,58,24,34,592,302,290
KAUFMAN COUNTY,257,11 Years,1953,984,969,1110,552,558,224,129,95,12,7,5,65,28,37,542,268,274
KAUFMAN COUNTY,257,12 Years,1995,997,998,1112,568,544,193,99,94,14,10,4,68,31,37,608,289,319
KAUFMAN COUNTY,257,13 Years,1907,978,929,1037,533,504,215,117,98,24,7,17,67,34,33,564,287,277
KAUFMAN COUNTY,257,14 Years,1896,994,902,1031,558,473,211,112,99,17,7,10,58,31,27,579,286,293
KAUFMAN COUNTY,257,15 Years,1840,951,889,1006,527,479,198,109,89,18,8,10,55,28,27,563,279,284
KAUFMAN COUNTY,257,16 Years,1818,927,891,1017,514,503,196,98,98,12,7,5,64,33,31,529,275,254
KAUFMAN COUNTY,257,17 Years,1842,941,901,1044,544,500,190,92,98,19,11,8,66,34,32,523,260,263
KAUFMAN COUNTY,257,18 Years,1678,889,789,930,492,438,164,83,81,17,13,4,61,30,31,506,271,235
KAUFMAN COUNTY,257,19 Years,1449,766,683,814,424,390,157,89,68,15,8,7,41,21,20,422,224,198
KAUFMAN COUNTY,257,20 Years,1408,743,665,750,408,342,134,78,56,24,5,19,50,31,19,450,221,229
KAUFMAN COUNTY,257,21 Years,1415,754,661,790,417,373,147,87,60,19,7,12,40,22,18,419,221,198
KAUFMAN COUNTY,257,22 Years,1488,766,722,833,433,400,165,87,78,13,7,6,46,17,29,431,222,209
KAUFMAN COUNTY,257,23 Years,1551,811,740,900,480,420,175,91,84,12,6,6,57,23,34,407,211,196
KAUFMAN COUNTY,257,24 Years,1664,820,844,969,484,485,184,95,89,12,3,9,51,27,24,448,211,237
KAUFMAN COUNTY,257,25 Years,1766,851,915,1034,506,528,199,95,104,9,3,6,61,30,31,463,217,246
KAUFMAN COUNTY,257,26 Years,1817,873,944,1102,549,553,242,114,128,8,4,4,42,17,25,423,189,234
KAUFMAN COUNTY,257,27 Years,1744,866,878,1043,535,508,241,105,136,13,7,6,36,21,15,411,198,213
KAUFMAN COUNTY,257,28 Years,1752,877,875,1066,558,508,238,102,136,9,5,4,30,16,14,409,196,213
KAUFMAN COUNTY,257,29 Years,1687,826,861,1018,504,514,210,95,115,11,7,4,23,14,9,425,206,219
KAUFMAN COUNTY,257,30 Years,1611,773,838,1028,482,546,159,78,81,11,7,4,19,8,11,394,198,196
KAUFMAN COUNTY,257,31 Years,1673,833,840,1103,538,565,167,85,82,14,8,6,28,8,20,361,194,167
KAUFMAN COUNTY,257,32 Years,1726,852,874,1095,533,562,201,87,114,12,4,8,27,13,14,391,215,176
KAUFMAN COUNTY,257,33 Years,1662,808,854,1041,517,524,201,94,107,6,3,3,25,11,14,389,183,206
KAUFMAN COUNTY,257,34 Years,1686,823,863,1084,529,555,197,86,111,10,6,4,21,10,11,374,192,182
KAUFMAN COUNTY,257,35 Years,1771,856,915,1090,517,573,200,93,107,14,5,9,21,9,12,446,232,214
KAUFMAN COUNTY,257,36 Years,1702,826,876,1055,504,551,208,108,100,13,4,9,25,10,15,401,200,201
KAUFMAN COUNTY,257,37 Years,1773,855,918,1131,535,596,189,100,89,10,5,5,25,13,12,418,202,216
KAUFMAN COUNTY,257,38 Years,1731,843,888,1118,528,590,157,82,75,13,4,9,19,10,9,424,219,205
KAUFMAN COUNTY,257,39 Years,1667,816,851,1087,529,558,152,71,81,11,4,7,23,11,12,394,201,193
KAUFMAN COUNTY,257,40 Years,1679,834,845,1066,522,544,180,94,86,9,2,7,21,11,10,403,205,198
KAUFMAN COUNTY,257,41 Years,1639,822,817,1016,513,503,166,78,88,22,5,17,22,10,12,413,216,197
KAUFMAN COUNTY,257,42 Years,1667,819,848,1070,535,535,163,66,97,28,7,21,19,11,8,387,200,187
KAUFMAN COUNTY,257,43 Years,1681,843,838,1071,539,532,177,84,93,18,4,14,18,8,10,397,208,189
KAUFMAN COUNTY,257,44 Years,1657,817,840,1070,524,546,184,93,91,19,10,9,20,8,12,364,182,182
KAUFMAN COUNTY,257,45 Years,1640,801,839,1042,508,534,192,97,95,29,8,21,22,9,13,355,179,176
KAUFMAN COUNTY,257,46 Years,1697,822,875,1120,544,576,188,95,93,20,8,12,21,10,11,348,165,183
KAUFMAN COUNTY,257,47 Years,1720,850,870,1162,582,580,188,88,100,17,8,9,20,10,10,333,162,171
KAUFMAN COUNTY,257,48 Years,1722,880,842,1162,601,561,189,96,93,31,11,20,23,14,9,317,158,159
KAUFMAN COUNTY,257,49 Years,1637,809,828,1088,535,553,181,91,90,27,12,15,24,13,11,317,158,159
KAUFMAN COUNTY,257,50 Years,1522,777,745,1029,518,511,172,85,87,19,9,10,19,8,11,283,157,126
KAUFMAN COUNTY,257,51 Years,1546,781,765,1074,527,547,169,87,82,13,5,8,19,12,7,271,150,121
KAUFMAN COUNTY,257,52 Years,1521,747,774,1055,508,547,199,100,99,13,5,8,17,6,11,237,128,109
KAUFMAN COUNTY,257,53 Years,1565,771,794,1084,533,551,195,93,102,13,7,6,26,12,14,247,126,121
KAUFMAN COUNTY,257,54 Years,1638,812,826,1179,583,596,181,83,98,15,9,6,26,13,13,237,124,113
KAUFMAN COUNTY,257,55 Years,1615,800,815,1185,584,601,160,74,86,15,9,6,19,8,11,236,125,111
KAUFMAN COUNTY,257,56 Years,1567,792,775,1169,597,572,164,76,88,11,4,7,20,7,13,203,108,95
KAUFMAN COUNTY,257,57 Years,1603,805,798,1208,612,596,159,73,86,11,5,6,28,12,16,197,103,94
KAUFMAN COUNTY,257,58 Years,1624,806,818,1241,611,630,155,74,81,15,6,9,29,17,12,184,98,86
KAUFMAN COUNTY,257,59 Years,1521,758,763,1180,572,608,149,75,74,10,5,5,30,17,13,152,89,63
KAUFMAN COUNTY,257,60 Years,1558,769,789,1224,603,621,165,76,89,10,5,5,28,15,13,131,70,61
KAUFMAN COUNTY,257,61 Years,1469,732,737,1162,572,590,147,75,72,12,4,8,23,10,13,125,71,54
KAUFMAN COUNTY,257,62 Years,1396,688,708,1071,517,554,140,70,70,10,4,6,34,16,18,141,81,60
KAUFMAN COUNTY,257,63 Years,1375,671,704,1074,522,552,128,56,72,13,8,5,25,11,14,135,74,61
KAUFMAN COUNTY,257,64 Years,1309,659,650,1042,517,525,117,57,60,9,4,5,21,12,9,120,69,51
KAUFMAN COUNTY,257,65 Years,1301,655,646,1039,517,522,117,56,61,12,8,4,21,9,12,112,65,47
KAUFMAN COUNTY,257,66 Years,1224,592,632,986,478,508,113,54,59,5,3,2,23,10,13,97,47,50
KAUFMAN COUNTY,257,67 Years,1146,552,594,913,436,477,110,53,57,7,2,5,20,12,8,96,49,47
KAUFMAN COUNTY,257,68 Years,1145,534,611,928,436,492,108,46,62,13,5,8,16,6,10,80,41,39
KAUFMAN COUNTY,257,69 Years,1101,543,558,903,451,452,97,44,53,8,5,3,17,9,8,76,34,42
KAUFMAN COUNTY,257,70 Years,1065,512,553,860,422,438,98,36,62,5,3,2,12,4,8,90,47,43
KAUFMAN COUNTY,257,71 Years,999,471,528,831,402,429,85,30,55,9,5,4,11,2,9,63,32,31
KAUFMAN COUNTY,257,72 Years,892,409,483,720,344,376,79,28,51,9,4,5,13,4,9,71,29,42
KAUFMAN COUNTY,257,73 Years,837,364,473,678,304,374,68,25,43,8,2,6,13,6,7,70,27,43
KAUFMAN COUNTY,257,74 Years,785,353,432,637,289,348,63,28,35,6,2,4,12,6,6,67,28,39
KAUFMAN COUNTY,257,75 Years,757,330,427,636,277,359,51,25,26,6,3,3,11,6,5,53,19,34
KAUFMAN COUNTY,257,76 Years,696,308,388,584,265,319,47,23,24,7,3,4,10,4,6,48,13,35
KAUFMAN COUNTY,257,77 Years,634,292,342,530,250,280,46,19,27,5,1,4,12,4,8,41,18,23
KAUFMAN COUNTY,257,78 Years,547,260,287,468,226,242,44,15,29,4,2,2,8,5,3,23,12,11
KAUFMAN COUNTY,257,79 Years,522,240,282,443,204,239,38,13,25,4,1,3,5,3,2,32,19,13
KAUFMAN COUNTY,257,80 Years,431,187,244,362,158,204,29,12,17,2,0,2,6,3,3,32,14,18
KAUFMAN COUNTY,257,81 Years,395,173,222,315,141,174,31,10,21,2,1,1,8,5,3,39,16,23
KAUFMAN COUNTY,257,82 Years,352,156,196,300,136,164,22,8,14,4,0,4,7,2,5,19,10,9
KAUFMAN COUNTY,257,83 Years,343,138,205,297,114,183,18,8,10,4,2,2,7,2,5,17,12,5
KAUFMAN COUNTY,257,84 Years,305,122,183,270,106,164,17,7,10,1,1,0,5,2,3,12,6,6
KAUFMAN COUNTY,257,85 Years,296,115,181,256,98,158,23,10,13,1,0,1,2,1,1,14,6,8
KAUFMAN COUNTY,257,86 Years,250,96,154,219,84,135,17,7,10,2,0,2,2,1,1,10,4,6
KAUFMAN COUNTY,257,87 Years,235,86,149,206,74,132,13,7,6,1,0,1,1,1,0,14,4,10
KAUFMAN COUNTY,257,88 Years,202,71,131,184,63,121,9,4,5,0,0,0,1,1,0,8,3,5
KAUFMAN COUNTY,257,89 Years,164,51,113,143,45,98,9,3,6,1,0,1,2,0,2,9,3,6
KAUFMAN COUNTY,257,90 Years,142,46,96,122,38,84,10,3,7,1,0,1,2,1,1,7,4,3
KAUFMAN COUNTY,257,91 Years,110,37,73,96,31,65,7,2,5,1,0,1,1,0,1,5,4,1
KAUFMAN COUNTY,257,92 Years,96,30,66,83,27,56,6,2,4,2,0,2,1,0,1,4,1,3
KAUFMAN COUNTY,257,93 Years,85,24,61,72,20,52,6,2,4,0,0,0,2,1,1,5,1,4
KAUFMAN COUNTY,257,94 Years,62,19,43,52,15,37,5,3,2,0,0,0,1,0,1,4,1,3
KAUFMAN COUNTY,257,95 Years +,147,39,108,115,27,88,15,6,9,1,1,0,1,0,1,15,5,10
KENDALL COUNTY,259,All Ages,46469,22673,23796,33963,16401,17562,174,96,78,230,90,140,583,314,269,11519,5772,5747
KENDALL COUNTY,259,< 1 Year,443,236,207,275,147,128,6,3,3,2,0,2,12,8,4,148,78,70
KENDALL COUNTY,259,1 Years,457,232,225,284,143,141,7,3,4,1,0,1,12,8,4,153,78,75
KENDALL COUNTY,259,2 Years,486,251,235,304,153,151,5,2,3,2,1,1,7,4,3,168,91,77
KENDALL COUNTY,259,3 Years,497,249,248,319,155,164,2,1,1,0,0,0,5,3,2,171,90,81
KENDALL COUNTY,259,4 Years,504,260,244,332,165,167,3,1,2,0,0,0,4,2,2,165,92,73
KENDALL COUNTY,259,5 Years,522,260,262,347,172,175,1,1,0,1,1,0,7,5,2,166,81,85
KENDALL COUNTY,259,6 Years,538,266,272,346,168,178,3,1,2,1,1,0,8,5,3,180,91,89
KENDALL COUNTY,259,7 Years,579,278,301,365,171,194,2,2,0,1,1,0,8,6,2,203,98,105
KENDALL COUNTY,259,8 Years,616,300,316,393,190,203,1,1,0,1,0,1,6,6,0,215,103,112
KENDALL COUNTY,259,9 Years,571,281,290,359,175,184,0,0,0,2,2,0,8,4,4,202,100,102
KENDALL COUNTY,259,10 Years,632,326,306,395,205,190,1,1,0,2,2,0,4,2,2,230,116,114
KENDALL COUNTY,259,11 Years,586,302,284,385,203,182,1,1,0,0,0,0,6,2,4,194,96,98
KENDALL COUNTY,259,12 Years,630,307,323,414,200,214,1,1,0,1,0,1,6,1,5,208,105,103
KENDALL COUNTY,259,13 Years,678,321,357,428,201,227,1,0,1,4,1,3,13,4,9,232,115,117
KENDALL COUNTY,259,14 Years,660,345,315,456,226,230,2,1,1,1,1,0,10,7,3,191,110,81
KENDALL COUNTY,259,15 Years,652,325,327,446,219,227,4,1,3,1,0,1,4,3,1,197,102,95
KENDALL COUNTY,259,16 Years,655,360,295,434,229,205,3,2,1,6,3,3,9,3,6,203,123,80
KENDALL COUNTY,259,17 Years,646,354,292,426,228,198,2,1,1,1,0,1,13,6,7,204,119,85
KENDALL COUNTY,259,18 Years,591,309,282,395,205,190,3,2,1,2,0,2,8,4,4,183,98,85
KENDALL COUNTY,259,19 Years,519,296,223,333,185,148,3,2,1,1,1,0,9,5,4,173,103,70
KENDALL COUNTY,259,20 Years,483,274,209,309,177,132,4,2,2,7,1,6,14,7,7,149,87,62
KENDALL COUNTY,259,21 Years,487,269,218,296,166,130,4,2,2,9,1,8,12,6,6,166,94,72
KENDALL COUNTY,259,22 Years,536,293,243,338,182,156,5,2,3,4,2,2,10,6,4,179,101,78
KENDALL COUNTY,259,23 Years,539,261,278,347,174,173,7,3,4,6,2,4,11,6,5,168,76,92
KENDALL COUNTY,259,24 Years,511,240,271,333,157,176,2,0,2,5,2,3,10,6,4,161,75,86
KENDALL COUNTY,259,25 Years,567,264,303,368,177,191,5,4,1,3,1,2,8,5,3,183,77,106
KENDALL COUNTY,259,26 Years,586,269,317,404,196,208,2,2,0,5,2,3,6,3,3,169,66,103
KENDALL COUNTY,259,27 Years,574,272,302,374,177,197,1,0,1,2,1,1,7,4,3,190,90,100
KENDALL COUNTY,259,28 Years,520,265,255,354,188,166,1,0,1,1,1,0,4,3,1,160,73,87
KENDALL COUNTY,259,29 Years,515,267,248,348,191,157,0,0,0,4,4,0,7,4,3,156,68,88
KENDALL COUNTY,259,30 Years,516,243,273,347,159,188,2,2,0,3,1,2,6,4,2,158,77,81
KENDALL COUNTY,259,31 Years,494,235,259,304,151,153,2,2,0,1,0,1,6,4,2,181,78,103
KENDALL COUNTY,259,32 Years,544,277,267,363,197,166,1,1,0,1,1,0,4,3,1,175,75,100
KENDALL COUNTY,259,33 Years,515,266,249,327,160,167,1,0,1,3,2,1,2,2,0,182,102,80
KENDALL COUNTY,259,34 Years,500,241,259,320,154,166,1,0,1,1,0,1,1,1,0,177,86,91
KENDALL COUNTY,259,35 Years,528,258,270,350,172,178,1,1,0,3,2,1,1,0,1,173,83,90
KENDALL COUNTY,259,36 Years,512,252,260,341,164,177,0,0,0,3,1,2,4,1,3,164,86,78
KENDALL COUNTY,259,37 Years,532,268,264,334,169,165,1,1,0,1,0,1,4,1,3,192,97,95
KENDALL COUNTY,259,38 Years,501,246,255,332,159,173,0,0,0,1,0,1,3,2,1,165,85,80
KENDALL COUNTY,259,39 Years,515,238,277,327,150,177,3,0,3,4,1,3,5,2,3,176,85,91
KENDALL COUNTY,259,40 Years,518,249,269,346,159,187,3,2,1,1,0,1,6,4,2,162,84,78
KENDALL COUNTY,259,41 Years,526,274,252,355,184,171,1,0,1,1,0,1,6,3,3,163,87,76
KENDALL COUNTY,259,42 Years,548,303,245,360,195,165,0,0,0,3,1,2,4,3,1,181,104,77
KENDALL COUNTY,259,43 Years,564,295,269,391,200,191,1,1,0,4,1,3,5,4,1,163,89,74
KENDALL COUNTY,259,44 Years,537,275,262,386,200,186,0,0,0,5,2,3,4,3,1,142,70,72
KENDALL COUNTY,259,45 Years,547,274,273,379,190,189,1,1,0,2,1,1,3,2,1,162,80,82
KENDALL COUNTY,259,46 Years,567,287,280,405,199,206,0,0,0,3,0,3,7,3,4,152,85,67
KENDALL COUNTY,259,47 Years,599,272,327,453,203,250,2,1,1,3,0,3,7,3,4,134,65,69
KENDALL COUNTY,259,48 Years,561,264,297,431,205,226,2,1,1,9,3,6,4,2,2,115,53,62
KENDALL COUNTY,259,49 Years,534,266,268,419,210,209,1,1,0,5,2,3,5,3,2,104,50,54
KENDALL COUNTY,259,50 Years,551,253,298,404,184,220,2,1,1,4,1,3,8,5,3,133,62,71
KENDALL COUNTY,259,51 Years,572,274,298,419,205,214,2,2,0,7,4,3,7,4,3,137,59,78
KENDALL COUNTY,259,52 Years,556,286,270,412,216,196,0,0,0,5,3,2,7,3,4,132,64,68
KENDALL COUNTY,259,53 Years,641,310,331,489,241,248,1,1,0,3,1,2,7,3,4,141,64,77
KENDALL COUNTY,259,54 Years,669,331,338,497,247,250,3,2,1,6,4,2,9,4,5,154,74,80
KENDALL COUNTY,259,55 Years,646,318,328,513,253,260,3,2,1,6,2,4,10,4,6,114,57,57
KENDALL COUNTY,259,56 Years,679,308,371,531,240,291,5,2,3,3,0,3,6,2,4,134,64,70
KENDALL COUNTY,259,57 Years,666,310,356,525,243,282,3,0,3,2,0,2,8,3,5,128,64,64
KENDALL COUNTY,259,58 Years,656,310,346,514,244,270,1,0,1,4,1,3,8,4,4,129,61,68
KENDALL COUNTY,259,59 Years,623,294,329,514,245,269,2,2,0,4,1,3,9,5,4,94,41,53
KENDALL COUNTY,259,60 Years,635,309,326,525,243,282,3,3,0,4,3,1,9,6,3,94,54,40
KENDALL COUNTY,259,61 Years,647,319,328,530,259,271,4,1,3,3,2,1,8,6,2,102,51,51
KENDALL COUNTY,259,62 Years,585,267,318,485,217,268,2,1,1,1,0,1,8,3,5,89,46,43
KENDALL COUNTY,259,63 Years,615,279,336,524,233,291,1,0,1,3,1,2,12,9,3,75,36,39
KENDALL COUNTY,259,64 Years,646,314,332,550,262,288,1,1,0,1,1,0,11,7,4,83,43,40
KENDALL COUNTY,259,65 Years,607,296,311,514,247,267,3,2,1,2,2,0,7,4,3,81,41,40
KENDALL COUNTY,259,66 Years,575,265,310,487,219,268,3,3,0,4,1,3,6,5,1,75,37,38
KENDALL COUNTY,259,67 Years,606,288,318,514,236,278,7,5,2,2,0,2,6,3,3,77,44,33
KENDALL COUNTY,259,68 Years,599,280,319,505,232,273,4,2,2,2,0,2,8,2,6,80,44,36
KENDALL COUNTY,259,69 Years,571,279,292,483,239,244,4,2,2,2,0,2,6,2,4,76,36,40
KENDALL COUNTY,259,70 Years,586,286,300,501,244,257,3,1,2,1,1,0,6,2,4,75,38,37
KENDALL COUNTY,259,71 Years,609,289,320,535,257,278,2,2,0,1,0,1,6,2,4,65,28,37
KENDALL COUNTY,259,72 Years,488,237,251,429,208,221,2,1,1,0,0,0,7,3,4,50,25,25
KENDALL COUNTY,259,73 Years,460,220,240,402,189,213,0,0,0,2,1,1,10,6,4,46,24,22
KENDALL COUNTY,259,74 Years,440,213,227,394,196,198,0,0,0,2,2,0,7,2,5,37,13,24
KENDALL COUNTY,259,75 Years,417,194,223,368,172,196,2,2,0,3,2,1,7,3,4,37,15,22
KENDALL COUNTY,259,76 Years,382,181,201,325,157,168,1,1,0,1,1,0,6,2,4,49,20,29
KENDALL COUNTY,259,77 Years,338,147,191,289,128,161,0,0,0,1,1,0,2,2,0,46,16,30
KENDALL COUNTY,259,78 Years,296,120,176,251,103,148,0,0,0,3,1,2,1,1,0,41,15,26
KENDALL COUNTY,259,79 Years,296,138,158,265,125,140,1,0,1,1,0,1,3,2,1,26,11,15
KENDALL COUNTY,259,80 Years,261,135,126,230,114,116,1,0,1,2,1,1,2,1,1,26,19,7
KENDALL COUNTY,259,81 Years,254,120,134,226,105,121,0,0,0,2,1,1,4,2,2,22,12,10
KENDALL COUNTY,259,82 Years,235,98,137,211,85,126,0,0,0,2,1,1,6,3,3,16,9,7
KENDALL COUNTY,259,83 Years,203,86,117,176,78,98,0,0,0,3,1,2,3,1,2,21,6,15
KENDALL COUNTY,259,84 Years,198,93,105,166,78,88,1,1,0,1,1,0,5,3,2,25,10,15
KENDALL COUNTY,259,85 Years,188,73,115,162,61,101,0,0,0,2,0,2,4,2,2,20,10,10
KENDALL COUNTY,259,86 Years,149,68,81,135,60,75,0,0,0,0,0,0,2,1,1,12,7,5
KENDALL COUNTY,259,87 Years,131,50,81,118,43,75,0,0,0,0,0,0,1,0,1,12,7,5
KENDALL COUNTY,259,88 Years,132,41,91,117,37,80,1,0,1,0,0,0,2,1,1,12,3,9
KENDALL COUNTY,259,89 Years,128,36,92,116,32,84,0,0,0,0,0,0,1,1,0,11,3,8
KENDALL COUNTY,259,90 Years,109,36,73,96,31,65,0,0,0,0,0,0,1,1,0,12,4,8
KENDALL COUNTY,259,91 Years,89,28,61,80,25,55,0,0,0,0,0,0,1,1,0,8,2,6
KENDALL COUNTY,259,92 Years,70,18,52,63,15,48,0,0,0,0,0,0,1,0,1,6,3,3
KENDALL COUNTY,259,93 Years,51,17,34,43,13,30,0,0,0,1,0,1,0,0,0,7,4,3
KENDALL COUNTY,259,94 Years,47,10,37,40,8,32,0,0,0,1,0,1,0,0,0,6,2,4
KENDALL COUNTY,259,95 Years +,129,34,95,113,27,86,1,0,1,0,0,0,0,0,0,15,7,8
KENEDY COUNTY,261,All Ages,414,204,210,79,37,42,1,0,1,0,0,0,8,5,3,326,162,164
KENEDY COUNTY,261,< 1 Year,5,2,3,1,1,0,0,0,0,0,0,0,0,0,0,4,1,3
KENEDY COUNTY,261,1 Years,6,3,3,2,1,1,0,0,0,0,0,0,0,0,0,4,2,2
KENEDY COUNTY,261,2 Years,4,3,1,0,0,0,0,0,0,0,0,0,0,0,0,4,3,1
KENEDY COUNTY,261,3 Years,4,2,2,0,0,0,0,0,0,0,0,0,0,0,0,4,2,2
KENEDY COUNTY,261,4 Years,5,2,3,0,0,0,0,0,0,0,0,0,0,0,0,5,2,3
KENEDY COUNTY,261,5 Years,6,2,4,0,0,0,0,0,0,0,0,0,0,0,0,6,2,4
KENEDY COUNTY,261,6 Years,6,2,4,1,1,0,0,0,0,0,0,0,0,0,0,5,1,4
KENEDY COUNTY,261,7 Years,5,2,3,2,1,1,0,0,0,0,0,0,0,0,0,3,1,2
KENEDY COUNTY,261,8 Years,10,6,4,4,2,2,0,0,0,0,0,0,1,1,0,5,3,2
KENEDY COUNTY,261,9 Years,5,4,1,2,1,1,0,0,0,0,0,0,1,1,0,2,2,0
KENEDY COUNTY,261,10 Years,6,5,1,1,0,1,0,0,0,0,0,0,1,1,0,4,4,0
KENEDY COUNTY,261,11 Years,3,3,0,0,0,0,0,0,0,0,0,0,0,0,0,3,3,0
KENEDY COUNTY,261,12 Years,3,2,1,0,0,0,0,0,0,0,0,0,0,0,0,3,2,1
KENEDY COUNTY,261,13 Years,4,1,3,0,0,0,0,0,0,0,0,0,0,0,0,4,1,3
KENEDY COUNTY,261,14 Years,3,1,2,0,0,0,0,0,0,0,0,0,0,0,0,3,1,2
KENEDY COUNTY,261,15 Years,3,2,1,0,0,0,0,0,0,0,0,0,0,0,0,3,2,1
KENEDY COUNTY,261,16 Years,4,3,1,1,1,0,0,0,0,0,0,0,0,0,0,3,2,1
KENEDY COUNTY,261,17 Years,5,1,4,2,0,2,0,0,0,0,0,0,0,0,0,3,1,2
KENEDY COUNTY,261,18 Years,4,2,2,0,0,0,0,0,0,0,0,0,0,0,0,4,2,2
KENEDY COUNTY,261,19 Years,7,3,4,1,0,1,0,0,0,0,0,0,0,0,0,6,3,3
KENEDY COUNTY,261,20 Years,6,3,3,0,0,0,0,0,0,0,0,0,0,0,0,6,3,3
KENEDY COUNTY,261,21 Years,7,3,4,0,0,0,0,0,0,0,0,0,1,0,1,6,3,3
KENEDY COUNTY,261,22 Years,4,2,2,1,0,1,0,0,0,0,0,0,0,0,0,3,2,1
KENEDY COUNTY,261,23 Years,4,3,1,0,0,0,0,0,0,0,0,0,1,1,0,3,2,1
KENEDY COUNTY,261,24 Years,6,3,3,1,0,1,0,0,0,0,0,0,1,0,1,4,3,1
KENEDY COUNTY,261,25 Years,9,6,3,3,1,2,0,0,0,0,0,0,0,0,0,6,5,1
KENEDY COUNTY,261,26 Years,6,4,2,1,1,0,0,0,0,0,0,0,0,0,0,5,3,2
KENEDY COUNTY,261,27 Years,2,1,1,0,0,0,0,0,0,0,0,0,0,0,0,2,1,1
KENEDY COUNTY,261,28 Years,4,2,2,1,1,0,0,0,0,0,0,0,0,0,0,3,1,2
KENEDY COUNTY,261,29 Years,5,1,4,1,1,0,1,0,1,0,0,0,0,0,0,3,0,3
KENEDY COUNTY,261,30 Years,3,3,0,1,1,0,0,0,0,0,0,0,0,0,0,2,2,0
KENEDY COUNTY,261,31 Years,12,7,5,1,1,0,0,0,0,0,0,0,1,1,0,10,5,5
KENEDY COUNTY,261,32 Years,6,4,2,2,1,1,0,0,0,0,0,0,0,0,0,4,3,1
KENEDY COUNTY,261,33 Years,4,2,2,2,0,2,0,0,0,0,0,0,0,0,0,2,2,0
KENEDY COUNTY,261,34 Years,5,3,2,2,1,1,0,0,0,0,0,0,0,0,0,3,2,1
KENEDY COUNTY,261,35 Years,2,1,1,2,1,1,0,0,0,0,0,0,0,0,0,0,0,0
KENEDY COUNTY,261,36 Years,5,2,3,2,1,1,0,0,0,0,0,0,0,0,0,3,1,2
KENEDY COUNTY,261,37 Years,8,4,4,3,2,1,0,0,0,0,0,0,0,0,0,5,2,3
KENEDY COUNTY,261,38 Years,3,0,3,0,0,0,0,0,0,0,0,0,0,0,0,3,0,3
KENEDY COUNTY,261,39 Years,3,1,2,0,0,0,0,0,0,0,0,0,0,0,0,3,1,2
KENEDY COUNTY,261,40 Years,4,1,3,1,0,1,0,0,0,0,0,0,0,0,0,3,1,2
KENEDY COUNTY,261,41 Years,3,1,2,1,0,1,0,0,0,0,0,0,0,0,0,2,1,1
KENEDY COUNTY,261,42 Years,2,1,1,0,0,0,0,0,0,0,0,0,0,0,0,2,1,1
KENEDY COUNTY,261,43 Years,2,2,0,1,1,0,0,0,0,0,0,0,0,0,0,1,1,0
KENEDY COUNTY,261,44 Years,3,2,1,1,0,1,0,0,0,0,0,0,0,0,0,2,2,0
KENEDY COUNTY,261,45 Years,3,0,3,1,0,1,0,0,0,0,0,0,0,0,0,2,0,2
KENEDY COUNTY,261,46 Years,2,1,1,1,1,0,0,0,0,0,0,0,0,0,0,1,0,1
KENEDY COUNTY,261,47 Years,4,1,3,1,1,0,0,0,0,0,0,0,0,0,0,3,0,3
KENEDY COUNTY,261,48 Years,3,2,1,1,1,0,0,0,0,0,0,0,0,0,0,2,1,1
KENEDY COUNTY,261,49 Years,5,3,2,1,0,1,0,0,0,0,0,0,0,0,0,4,3,1
KENEDY COUNTY,261,50 Years,7,3,4,0,0,0,0,0,0,0,0,0,0,0,0,7,3,4
KENEDY COUNTY,261,51 Years,8,3,5,0,0,0,0,0,0,0,0,0,0,0,0,8,3,5
KENEDY COUNTY,261,52 Years,4,2,2,0,0,0,0,0,0,0,0,0,0,0,0,4,2,2
KENEDY COUNTY,261,53 Years,4,2,2,1,1,0,0,0,0,0,0,0,0,0,0,3,1,2
KENEDY COUNTY,261,54 Years,8,3,5,1,0,1,0,0,0,0,0,0,1,0,1,6,3,3
KENEDY COUNTY,261,55 Years,5,2,3,1,0,1,0,0,0,0,0,0,0,0,0,4,2,2
KENEDY COUNTY,261,56 Years,6,3,3,0,0,0,0,0,0,0,0,0,0,0,0,6,3,3
KENEDY COUNTY,261,57 Years,5,3,2,1,1,0,0,0,0,0,0,0,0,0,0,4,2,2
KENEDY COUNTY,261,58 Years,5,4,1,1,1,0,0,0,0,0,0,0,0,0,0,4,3,1
KENEDY COUNTY,261,59 Years,7,3,4,1,0,1,0,0,0,0,0,0,0,0,0,6,3,3
KENEDY COUNTY,261,60 Years,6,3,3,0,0,0,0,0,0,0,0,0,0,0,0,6,3,3
KENEDY COUNTY,261,61 Years,3,1,2,0,0,0,0,0,0,0,0,0,0,0,0,3,1,2
KENEDY COUNTY,261,62 Years,7,4,3,2,0,2,0,0,0,0,0,0,0,0,0,5,4,1
KENEDY COUNTY,261,63 Years,5,3,2,2,1,1,0,0,0,0,0,0,0,0,0,3,2,1
KENEDY COUNTY,261,64 Years,7,4,3,1,0,1,0,0,0,0,0,0,0,0,0,6,4,2
KENEDY COUNTY,261,65 Years,7,4,3,1,0,1,0,0,0,0,0,0,0,0,0,6,4,2
KENEDY COUNTY,261,66 Years,4,3,1,1,1,0,0,0,0,0,0,0,0,0,0,3,2,1
KENEDY COUNTY,261,67 Years,2,2,0,1,1,0,0,0,0,0,0,0,0,0,0,1,1,0
KENEDY COUNTY,261,68 Years,2,2,0,1,1,0,0,0,0,0,0,0,0,0,0,1,1,0
KENEDY COUNTY,261,69 Years,6,4,2,2,1,1,0,0,0,0,0,0,0,0,0,4,3,1
KENEDY COUNTY,261,70 Years,5,1,4,0,0,0,0,0,0,0,0,0,0,0,0,5,1,4
KENEDY COUNTY,261,71 Years,10,3,7,2,1,1,0,0,0,0,0,0,0,0,0,8,2,6
KENEDY COUNTY,261,72 Years,6,2,4,0,0,0,0,0,0,0,0,0,0,0,0,6,2,4
KENEDY COUNTY,261,73 Years,3,2,1,0,0,0,0,0,0,0,0,0,0,0,0,3,2,1
KENEDY COUNTY,261,74 Years,2,1,1,0,0,0,0,0,0,0,0,0,0,0,0,2,1,1
KENEDY COUNTY,261,75 Years,2,2,0,1,1,0,0,0,0,0,0,0,0,0,0,1,1,0
KENEDY COUNTY,261,76 Years,1,1,0,0,0,0,0,0,0,0,0,0,0,0,0,1,1,0
KENEDY COUNTY,261,77 Years,3,1,2,0,0,0,0,0,0,0,0,0,0,0,0,3,1,2
KENEDY COUNTY,261,78 Years,4,2,2,1,0,1,0,0,0,0,0,0,0,0,0,3,2,1
KENEDY COUNTY,261,79 Years,3,0,3,1,0,1,0,0,0,0,0,0,0,0,0,2,0,2
KENEDY COUNTY,261,80 Years,2,0,2,0,0,0,0,0,0,0,0,0,0,0,0,2,0,2
KENEDY COUNTY,261,81 Years,4,4,0,1,1,0,0,0,0,0,0,0,0,0,0,3,3,0
KENEDY COUNTY,261,82 Years,2,1,1,0,0,0,0,0,0,0,0,0,0,0,0,2,1,1
KENEDY COUNTY,261,83 Years,2,0,2,1,0,1,0,0,0,0,0,0,0,0,0,1,0,1
KENEDY COUNTY,261,84 Years,1,0,1,0,0,0,0,0,0,0,0,0,0,0,0,1,0,1
KENEDY COUNTY,261,85 Years,1,0,1,0,0,0,0,0,0,0,0,0,0,0,0,1,0,1
KENEDY COUNTY,261,86 Years,2,0,2,1,0,1,0,0,0,0,0,0,0,0,0,1,0,1
KENEDY COUNTY,261,87 Years,2,1,1,1,1,0,0,0,0,0,0,0,0,0,0,1,0,1
KENEDY COUNTY,261,88 Years,2,0,2,1,0,1,0,0,0,0,0,0,0,0,0,1,0,1
KENEDY COUNTY,261,89 Years,2,0,2,0,0,0,0,0,0,0,0,0,0,0,0,2,0,2
KENEDY COUNTY,261,90 Years,3,2,1,1,1,0,0,0,0,0,0,0,0,0,0,2,1,1
KENEDY COUNTY,261,91 Years,3,1,2,0,0,0,0,0,0,0,0,0,0,0,0,3,1,2
KENEDY COUNTY,261,92 Years,2,1,1,0,0,0,0,0,0,0,0,0,0,0,0,2,1,1
KENEDY COUNTY,261,93 Years,1,0,1,1,0,1,0,0,0,0,0,0,0,0,0,0,0,0
KENEDY COUNTY,261,94 Years,1,0,1,1,0,1,0,0,0,0,0,0,0,0,0,0,0,0
KENEDY COUNTY,261,95 Years +,4,1,3,0,0,0,0,0,0,0,0,0,0,0,0,4,1,3
KENT COUNTY,263,All Ages,767,382,385,625,304,321,6,2,4,0,0,0,14,7,7,122,69,53
KENT COUNTY,263,< 1 Year,6,4,2,6,4,2,0,0,0,0,0,0,0,0,0,0,0,0
KENT COUNTY,263,1 Years,6,3,3,6,3,3,0,0,0,0,0,0,0,0,0,0,0,0
KENT COUNTY,263,2 Years,6,3,3,6,3,3,0,0,0,0,0,0,0,0,0,0,0,0
KENT COUNTY,263,3 Years,8,4,4,8,4,4,0,0,0,0,0,0,0,0,0,0,0,0
KENT COUNTY,263,4 Years,11,6,5,11,6,5,0,0,0,0,0,0,0,0,0,0,0,0
KENT COUNTY,263,5 Years,11,6,5,7,3,4,0,0,0,0,0,0,0,0,0,4,3,1
KENT COUNTY,263,6 Years,9,5,4,5,2,3,0,0,0,0,0,0,0,0,0,4,3,1
KENT COUNTY,263,7 Years,6,3,3,4,2,2,0,0,0,0,0,0,0,0,0,2,1,1
KENT COUNTY,263,8 Years,9,4,5,6,3,3,1,1,0,0,0,0,0,0,0,2,0,2
KENT COUNTY,263,9 Years,9,6,3,5,3,2,0,0,0,0,0,0,0,0,0,4,3,1
KENT COUNTY,263,10 Years,7,5,2,5,4,1,0,0,0,0,0,0,0,0,0,2,1,1
KENT COUNTY,263,11 Years,7,3,4,4,2,2,0,0,0,0,0,0,1,0,1,2,1,1
KENT COUNTY,263,12 Years,6,3,3,3,2,1,0,0,0,0,0,0,0,0,0,3,1,2
KENT COUNTY,263,13 Years,7,5,2,5,4,1,0,0,0,0,0,0,0,0,0,2,1,1
KENT COUNTY,263,14 Years,11,6,5,8,3,5,0,0,0,0,0,0,0,0,0,3,3,0
KENT COUNTY,263,15 Years,9,4,5,7,3,4,0,0,0,0,0,0,0,0,0,2,1,1
KENT COUNTY,263,16 Years,15,9,6,10,6,4,0,0,0,0,0,0,0,0,0,5,3,2
KENT COUNTY,263,17 Years,11,6,5,7,4,3,0,0,0,0,0,0,0,0,0,4,2,2
KENT COUNTY,263,18 Years,8,4,4,4,2,2,0,0,0,0,0,0,0,0,0,4,2,2
KENT COUNTY,263,19 Years,8,4,4,4,2,2,0,0,0,0,0,0,0,0,0,4,2,2
KENT COUNTY,263,20 Years,9,3,6,5,2,3,0,0,0,0,0,0,1,0,1,3,1,2
KENT COUNTY,263,21 Years,8,2,6,6,2,4,0,0,0,0,0,0,0,0,0,2,0,2
KENT COUNTY,263,22 Years,9,3,6,6,2,4,0,0,0,0,0,0,1,1,0,2,0,2
KENT COUNTY,263,23 Years,8,3,5,6,2,4,0,0,0,0,0,0,0,0,0,2,1,1
KENT COUNTY,263,24 Years,7,4,3,4,1,3,1,1,0,0,0,0,0,0,0,2,2,0
KENT COUNTY,263,25 Years,9,3,6,6,1,5,0,0,0,0,0,0,1,1,0,2,1,1
KENT COUNTY,263,26 Years,8,3,5,6,2,4,0,0,0,0,0,0,0,0,0,2,1,1
KENT COUNTY,263,27 Years,7,4,3,7,4,3,0,0,0,0,0,0,0,0,0,0,0,0
KENT COUNTY,263,28 Years,4,1,3,4,1,3,0,0,0,0,0,0,0,0,0,0,0,0
KENT COUNTY,263,29 Years,2,2,0,2,2,0,0,0,0,0,0,0,0,0,0,0,0,0
KENT COUNTY,263,30 Years,5,3,2,5,3,2,0,0,0,0,0,0,0,0,0,0,0,0
KENT COUNTY,263,31 Years,5,2,3,4,1,3,0,0,0,0,0,0,1,1,0,0,0,0
KENT COUNTY,263,32 Years,5,3,2,4,2,2,0,0,0,0,0,0,1,1,0,0,0,0
KENT COUNTY,263,33 Years,8,6,2,7,5,2,0,0,0,0,0,0,0,0,0,1,1,0
KENT COUNTY,263,34 Years,4,3,1,4,3,1,0,0,0,0,0,0,0,0,0,0,0,0
KENT COUNTY,263,35 Years,7,2,5,6,1,5,0,0,0,0,0,0,0,0,0,1,1,0
KENT COUNTY,263,36 Years,6,2,4,6,2,4,0,0,0,0,0,0,0,0,0,0,0,0
KENT COUNTY,263,37 Years,7,2,5,7,2,5,0,0,0,0,0,0,0,0,0,0,0,0
KENT COUNTY,263,38 Years,9,8,1,6,5,1,0,0,0,0,0,0,0,0,0,3,3,0
KENT COUNTY,263,39 Years,6,5,1,4,3,1,0,0,0,0,0,0,1,1,0,1,1,0
KENT COUNTY,263,40 Years,3,2,1,2,1,1,0,0,0,0,0,0,0,0,0,1,1,0
KENT COUNTY,263,41 Years,3,2,1,2,1,1,0,0,0,0,0,0,0,0,0,1,1,0
KENT COUNTY,263,42 Years,6,2,4,3,1,2,1,0,1,0,0,0,1,0,1,1,1,0
KENT COUNTY,263,43 Years,8,3,5,5,3,2,1,0,1,0,0,0,0,0,0,2,0,2
KENT COUNTY,263,44 Years,6,3,3,4,2,2,0,0,0,0,0,0,0,0,0,2,1,1
KENT COUNTY,263,45 Years,7,4,3,4,2,2,0,0,0,0,0,0,0,0,0,3,2,1
KENT COUNTY,263,46 Years,9,3,6,7,2,5,0,0,0,0,0,0,0,0,0,2,1,1
KENT COUNTY,263,47 Years,8,4,4,7,3,4,0,0,0,0,0,0,0,0,0,1,1,0
KENT COUNTY,263,48 Years,5,2,3,4,1,3,0,0,0,0,0,0,0,0,0,1,1,0
KENT COUNTY,263,49 Years,8,5,3,5,3,2,0,0,0,0,0,0,0,0,0,3,2,1
KENT COUNTY,263,50 Years,6,1,5,4,0,4,0,0,0,0,0,0,1,1,0,1,0,1
KENT COUNTY,263,51 Years,10,4,6,10,4,6,0,0,0,0,0,0,0,0,0,0,0,0
KENT COUNTY,263,52 Years,13,6,7,11,6,5,0,0,0,0,0,0,0,0,0,2,0,2
KENT COUNTY,263,53 Years,13,6,7,9,3,6,0,0,0,0,0,0,0,0,0,4,3,1
KENT COUNTY,263,54 Years,12,7,5,10,6,4,0,0,0,0,0,0,0,0,0,2,1,1
KENT COUNTY,263,55 Years,8,7,1,7,6,1,0,0,0,0,0,0,0,0,0,1,1,0
KENT COUNTY,263,56 Years,8,3,5,7,2,5,0,0,0,0,0,0,0,0,0,1,1,0
KENT COUNTY,263,57 Years,11,6,5,11,6,5,0,0,0,0,0,0,0,0,0,0,0,0
KENT COUNTY,263,58 Years,14,8,6,14,8,6,0,0,0,0,0,0,0,0,0,0,0,0
KENT COUNTY,263,59 Years,8,3,5,7,3,4,0,0,0,0,0,0,0,0,0,1,0,1
KENT COUNTY,263,60 Years,17,10,7,15,8,7,0,0,0,0,0,0,0,0,0,2,2,0
KENT COUNTY,263,61 Years,15,11,4,13,10,3,0,0,0,0,0,0,0,0,0,2,1,1
KENT COUNTY,263,62 Years,11,7,4,9,6,3,0,0,0,0,0,0,0,0,0,2,1,1
KENT COUNTY,263,63 Years,11,7,4,11,7,4,0,0,0,0,0,0,0,0,0,0,0,0
KENT COUNTY,263,64 Years,9,3,6,9,3,6,0,0,0,0,0,0,0,0,0,0,0,0
KENT COUNTY,263,65 Years,10,4,6,10,4,6,0,0,0,0,0,0,0,0,0,0,0,0
KENT COUNTY,263,66 Years,7,3,4,7,3,4,0,0,0,0,0,0,0,0,0,0,0,0
KENT COUNTY,263,67 Years,5,2,3,5,2,3,0,0,0,0,0,0,0,0,0,0,0,0
KENT COUNTY,263,68 Years,9,4,5,9,4,5,0,0,0,0,0,0,0,0,0,0,0,0
KENT COUNTY,263,69 Years,8,5,3,7,4,3,0,0,0,0,0,0,0,0,0,1,1,0
KENT COUNTY,263,70 Years,20,9,11,18,9,9,0,0,0,0,0,0,1,0,1,1,0,1
KENT COUNTY,263,71 Years,18,9,9,15,9,6,0,0,0,0,0,0,1,0,1,2,0,2
KENT COUNTY,263,72 Years,10,6,4,9,5,4,0,0,0,0,0,0,0,0,0,1,1,0
KENT COUNTY,263,73 Years,9,5,4,8,4,4,0,0,0,0,0,0,0,0,0,1,1,0
KENT COUNTY,263,74 Years,9,4,5,8,4,4,0,0,0,0,0,0,0,0,0,1,0,1
KENT COUNTY,263,75 Years,7,4,3,7,4,3,0,0,0,0,0,0,0,0,0,0,0,0
KENT COUNTY,263,76 Years,9,4,5,8,4,4,0,0,0,0,0,0,1,0,1,0,0,0
KENT COUNTY,263,77 Years,9,5,4,7,3,4,0,0,0,0,0,0,0,0,0,2,2,0
KENT COUNTY,263,78 Years,11,4,7,10,3,7,0,0,0,0,0,0,0,0,0,1,1,0
KENT COUNTY,263,79 Years,15,4,11,12,4,8,2,0,2,0,0,0,0,0,0,1,0,1
KENT COUNTY,263,80 Years,7,2,5,5,2,3,0,0,0,0,0,0,1,0,1,1,0,1
KENT COUNTY,263,81 Years,6,3,3,4,1,3,0,0,0,0,0,0,1,1,0,1,1,0
KENT COUNTY,263,82 Years,3,2,1,2,1,1,0,0,0,0,0,0,0,0,0,1,1,0
KENT COUNTY,263,83 Years,5,3,2,5,3,2,0,0,0,0,0,0,0,0,0,0,0,0
KENT COUNTY,263,84 Years,7,4,3,5,3,2,0,0,0,0,0,0,0,0,0,2,1,1
KENT COUNTY,263,85 Years,5,1,4,4,1,3,0,0,0,0,0,0,0,0,0,1,0,1
KENT COUNTY,263,86 Years,6,2,4,6,2,4,0,0,0,0,0,0,0,0,0,0,0,0
KENT COUNTY,263,87 Years,7,3,4,7,3,4,0,0,0,0,0,0,0,0,0,0,0,0
KENT COUNTY,263,88 Years,4,1,3,4,1,3,0,0,0,0,0,0,0,0,0,0,0,0
KENT COUNTY,263,89 Years,6,3,3,6,3,3,0,0,0,0,0,0,0,0,0,0,0,0
KENT COUNTY,263,90 Years,6,3,3,6,3,3,0,0,0,0,0,0,0,0,0,0,0,0
KENT COUNTY,263,91 Years,4,1,3,3,1,2,0,0,0,0,0,0,0,0,0,1,0,1
KENT COUNTY,263,92 Years,5,2,3,4,2,2,0,0,0,0,0,0,0,0,0,1,0,1
KENT COUNTY,263,93 Years,3,1,2,3,1,2,0,0,0,0,0,0,0,0,0,0,0,0
KENT COUNTY,263,94 Years,1,1,0,1,1,0,0,0,0,0,0,0,0,0,0,0,0,0
KENT COUNTY,263,95 Years +,4,2,2,4,2,2,0,0,0,0,0,0,0,0,0,0,0,0
KERR COUNTY,265,All Ages,52496,25393,27103,35414,16740,18674,804,474,330,433,199,234,925,461,464,14920,7519,7401
KERR COUNTY,265,< 1 Year,581,297,284,269,132,137,8,4,4,7,4,3,18,11,7,279,146,133
KERR COUNTY,265,1 Years,584,306,278,267,136,131,7,3,4,8,5,3,22,13,9,280,149,131
KERR COUNTY,265,2 Years,596,306,290,271,135,136,6,3,3,7,4,3,23,12,11,289,152,137
KERR COUNTY,265,3 Years,598,309,289,270,141,129,7,5,2,7,4,3,23,12,11,291,147,144
KERR COUNTY,265,4 Years,582,285,297,259,130,129,7,4,3,8,4,4,21,10,11,287,137,150
KERR COUNTY,265,5 Years,567,284,283,258,129,129,7,4,3,9,5,4,17,8,9,276,138,138
KERR COUNTY,265,6 Years,550,268,282,250,119,131,7,4,3,9,4,5,19,8,11,265,133,132
KERR COUNTY,265,7 Years,554,271,283,253,117,136,7,4,3,9,4,5,17,8,9,268,138,130
KERR COUNTY,265,8 Years,569,281,288,260,131,129,8,4,4,6,3,3,15,9,6,280,134,146
KERR COUNTY,265,9 Years,542,266,276,264,122,142,7,3,4,4,2,2,13,8,5,254,131,123
KERR COUNTY,265,10 Years,555,284,271,265,127,138,4,3,1,2,2,0,8,5,3,276,147,129
KERR COUNTY,265,11 Years,542,290,252,247,124,123,3,3,0,4,3,1,11,8,3,277,152,125
KERR COUNTY,265,12 Years,549,289,260,266,131,135,9,4,5,5,3,2,14,10,4,255,141,114
KERR COUNTY,265,13 Years,582,294,288,281,139,142,9,5,4,4,2,2,9,6,3,279,142,137
KERR COUNTY,265,14 Years,576,289,287,296,144,152,9,6,3,6,4,2,10,4,6,255,131,124
KERR COUNTY,265,15 Years,592,307,285,308,160,148,7,4,3,7,3,4,11,3,8,259,137,122
KERR COUNTY,265,16 Years,634,333,301,348,183,165,7,3,4,8,2,6,12,4,8,259,141,118
KERR COUNTY,265,17 Years,653,335,318,379,194,185,6,4,2,5,1,4,13,5,8,250,131,119
KERR COUNTY,265,18 Years,595,295,300,310,160,150,7,3,4,5,2,3,12,5,7,261,125,136
KERR COUNTY,265,19 Years,540,271,269,279,140,139,10,6,4,4,2,2,9,5,4,238,118,120
KERR COUNTY,265,20 Years,516,274,242,276,153,123,10,6,4,5,2,3,13,7,6,212,106,106
KERR COUNTY,265,21 Years,500,254,246,275,138,137,13,9,4,3,0,3,13,6,7,196,101,95
KERR COUNTY,265,22 Years,532,295,237,290,161,129,11,7,4,4,3,1,20,10,10,207,114,93
KERR COUNTY,265,23 Years,524,272,252,280,153,127,12,7,5,2,1,1,14,10,4,216,101,115
KERR COUNTY,265,24 Years,523,254,269,281,142,139,11,7,4,1,0,1,14,7,7,216,98,118
KERR COUNTY,265,25 Years,563,285,278,311,161,150,15,11,4,5,2,3,15,9,6,217,102,115
KERR COUNTY,265,26 Years,637,304,333,340,169,171,18,11,7,5,2,3,13,6,7,261,116,145
KERR COUNTY,265,27 Years,727,346,381,406,195,211,16,10,6,4,2,2,18,10,8,283,129,154
KERR COUNTY,265,28 Years,678,327,351,377,176,201,26,14,12,6,6,0,16,8,8,253,123,130
KERR COUNTY,265,29 Years,598,295,303,355,164,191,21,12,9,8,5,3,9,5,4,205,109,96
KERR COUNTY,265,30 Years,595,305,290,358,175,183,10,7,3,4,1,3,11,7,4,212,115,97
KERR COUNTY,265,31 Years,545,286,259,330,173,157,6,6,0,5,3,2,5,2,3,199,102,97
KERR COUNTY,265,32 Years,556,282,274,318,162,156,11,9,2,4,2,2,4,3,1,219,106,113
KERR COUNTY,265,33 Years,533,272,261,306,160,146,9,8,1,2,0,2,6,3,3,210,101,109
KERR COUNTY,265,34 Years,527,260,267,309,156,153,7,3,4,0,0,0,7,3,4,204,98,106
KERR COUNTY,265,35 Years,515,230,285,305,137,168,4,2,2,3,1,2,7,5,2,196,85,111
KERR COUNTY,265,36 Years,527,241,286,307,146,161,7,6,1,6,4,2,8,2,6,199,83,116
KERR COUNTY,265,37 Years,508,252,256,303,154,149,8,6,2,5,3,2,8,2,6,184,87,97
KERR COUNTY,265,38 Years,495,262,233,297,153,144,8,5,3,6,2,4,4,1,3,180,101,79
KERR COUNTY,265,39 Years,449,219,230,268,133,135,11,7,4,5,2,3,8,3,5,157,74,83
KERR COUNTY,265,40 Years,483,236,247,295,142,153,8,4,4,3,1,2,9,5,4,168,84,84
KERR COUNTY,265,41 Years,475,224,251,296,133,163,9,5,4,3,1,2,5,3,2,162,82,80
KERR COUNTY,265,42 Years,480,238,242,313,151,162,4,2,2,5,1,4,4,3,1,154,81,73
KERR COUNTY,265,43 Years,451,234,217,280,144,136,4,3,1,3,0,3,5,4,1,159,83,76
KERR COUNTY,265,44 Years,454,228,226,254,131,123,9,4,5,7,2,5,5,2,3,179,89,90
KERR COUNTY,265,45 Years,505,244,261,304,148,156,9,3,6,6,4,2,4,2,2,182,87,95
KERR COUNTY,265,46 Years,491,234,257,301,140,161,9,6,3,9,2,7,4,2,2,168,84,84
KERR COUNTY,265,47 Years,513,239,274,342,153,189,8,5,3,4,2,2,5,3,2,154,76,78
KERR COUNTY,265,48 Years,556,269,287,351,168,183,12,8,4,5,3,2,9,3,6,179,87,92
KERR COUNTY,265,49 Years,552,275,277,363,173,190,9,6,3,8,4,4,9,3,6,163,89,74
KERR COUNTY,265,50 Years,534,270,264,353,172,181,10,8,2,7,4,3,9,2,7,155,84,71
KERR COUNTY,265,51 Years,576,271,305,392,185,207,11,6,5,6,3,3,11,7,4,156,70,86
KERR COUNTY,265,52 Years,572,270,302,373,170,203,15,9,6,3,2,1,10,5,5,171,84,87
KERR COUNTY,265,53 Years,629,298,331,427,201,226,12,8,4,6,2,4,8,3,5,176,84,92
KERR COUNTY,265,54 Years,653,325,328,445,208,237,9,5,4,9,1,8,11,7,4,179,104,75
KERR COUNTY,265,55 Years,704,339,365,490,223,267,13,9,4,12,3,9,11,6,5,178,98,80
KERR COUNTY,265,56 Years,708,341,367,511,244,267,13,10,3,6,3,3,14,6,8,164,78,86
KERR COUNTY,265,57 Years,787,364,423,583,257,326,14,7,7,8,7,1,16,9,7,166,84,82
KERR COUNTY,265,58 Years,813,378,435,606,274,332,13,6,7,6,4,2,17,9,8,171,85,86
KERR COUNTY,265,59 Years,803,369,434,607,270,337,15,7,8,5,4,1,17,7,10,159,81,78
KERR COUNTY,265,60 Years,844,394,450,660,300,360,14,8,6,8,5,3,8,2,6,154,79,75
KERR COUNTY,265,61 Years,804,387,417,650,302,348,15,11,4,7,4,3,9,4,5,123,66,57
KERR COUNTY,265,62 Years,782,380,402,609,292,317,17,9,8,8,4,4,8,4,4,140,71,69
KERR COUNTY,265,63 Years,770,357,413,617,274,343,11,7,4,9,4,5,10,6,4,123,66,57
KERR COUNTY,265,64 Years,782,374,408,650,303,347,6,4,2,7,3,4,10,6,4,109,58,51
KERR COUNTY,265,65 Years,824,392,432,685,317,368,7,5,2,5,3,2,14,5,9,113,62,51
KERR COUNTY,265,66 Years,798,368,430,680,309,371,8,4,4,6,5,1,10,5,5,94,45,49
KERR COUNTY,265,67 Years,799,375,424,673,319,354,6,3,3,7,2,5,8,5,3,105,46,59
KERR COUNTY,265,68 Years,784,376,408,678,324,354,8,5,3,6,3,3,6,3,3,86,41,45
KERR COUNTY,265,69 Years,813,411,402,695,353,342,9,5,4,3,1,2,6,2,4,100,50,50
KERR COUNTY,265,70 Years,838,386,452,718,328,390,9,6,3,5,1,4,10,5,5,96,46,50
KERR COUNTY,265,71 Years,842,393,449,738,340,398,11,8,3,5,1,4,11,6,5,77,38,39
KERR COUNTY,265,72 Years,688,321,367,606,276,330,6,3,3,1,0,1,9,7,2,66,35,31
KERR COUNTY,265,73 Years,644,297,347,563,249,314,6,3,3,0,0,0,8,5,3,67,40,27
KERR COUNTY,265,74 Years,664,309,355,590,268,322,8,5,3,1,0,1,4,2,2,61,34,27
KERR COUNTY,265,75 Years,635,295,340,564,253,311,5,4,1,1,0,1,6,3,3,59,35,24
KERR COUNTY,265,76 Years,574,270,304,517,236,281,5,4,1,1,1,0,10,3,7,41,26,15
KERR COUNTY,265,77 Years,552,265,287,487,232,255,8,2,6,2,1,1,8,3,5,47,27,20
KERR COUNTY,265,78 Years,531,237,294,472,209,263,6,3,3,2,1,1,11,3,8,40,21,19
KERR COUNTY,265,79 Years,472,215,257,426,194,232,4,2,2,3,1,2,6,3,3,33,15,18
KERR COUNTY,265,80 Years,455,210,245,411,195,216,5,2,3,4,1,3,8,3,5,27,9,18
KERR COUNTY,265,81 Years,434,193,241,390,177,213,4,2,2,2,0,2,9,3,6,29,11,18
KERR COUNTY,265,82 Years,356,161,195,327,151,176,4,1,3,1,0,1,3,0,3,21,9,12
KERR COUNTY,265,83 Years,340,159,181,304,142,162,6,4,2,1,0,1,6,2,4,23,11,12
KERR COUNTY,265,84 Years,298,132,166,267,116,151,4,3,1,1,0,1,5,3,2,21,10,11
KERR COUNTY,265,85 Years,279,115,164,254,105,149,3,0,3,1,0,1,5,3,2,16,7,9
KERR COUNTY,265,86 Years,245,105,140,221,95,126,2,0,2,0,0,0,6,3,3,16,7,9
KERR COUNTY,265,87 Years,233,102,131,212,92,120,2,1,1,1,0,1,4,2,2,14,7,7
KERR COUNTY,265,88 Years,200,81,119,184,73,111,3,1,2,1,0,1,1,1,0,11,6,5
KERR COUNTY,265,89 Years,186,64,122,165,55,110,5,3,2,0,0,0,4,2,2,12,4,8
KERR COUNTY,265,90 Years,151,56,95,137,50,87,2,1,1,2,1,1,1,1,0,9,3,6
KERR COUNTY,265,91 Years,133,50,83,117,45,72,2,0,2,2,0,2,2,1,1,10,4,6
KERR COUNTY,265,92 Years,105,38,67,93,34,59,3,1,2,1,0,1,0,0,0,8,3,5
KERR COUNTY,265,93 Years,87,31,56,79,28,51,2,0,2,0,0,0,1,0,1,5,3,2
KERR COUNTY,265,94 Years,73,22,51,65,20,45,2,0,2,0,0,0,1,0,1,5,2,3
KERR COUNTY,265,95 Years +,153,51,102,132,42,90,4,1,3,1,0,1,4,1,3,12,7,5
KIMBLE COUNTY,267,All Ages,4672,2302,2370,3223,1530,1693,16,11,5,23,11,12,48,27,21,1362,723,639
KIMBLE COUNTY,267,< 1 Year,62,32,30,24,12,12,0,0,0,0,0,0,0,0,0,38,20,18
KIMBLE COUNTY,267,1 Years,57,29,28,22,12,10,0,0,0,0,0,0,0,0,0,35,17,18
KIMBLE COUNTY,267,2 Years,48,26,22,15,8,7,0,0,0,0,0,0,0,0,0,33,18,15
KIMBLE COUNTY,267,3 Years,46,26,20,16,10,6,0,0,0,0,0,0,0,0,0,30,16,14
KIMBLE COUNTY,267,4 Years,48,29,19,17,10,7,0,0,0,0,0,0,0,0,0,31,19,12
KIMBLE COUNTY,267,5 Years,51,29,22,21,11,10,0,0,0,0,0,0,0,0,0,30,18,12
KIMBLE COUNTY,267,6 Years,47,25,22,18,8,10,0,0,0,0,0,0,0,0,0,29,17,12
KIMBLE COUNTY,267,7 Years,47,24,23,17,8,9,0,0,0,0,0,0,0,0,0,30,16,14
KIMBLE COUNTY,267,8 Years,40,18,22,17,6,11,0,0,0,0,0,0,0,0,0,23,12,11
KIMBLE COUNTY,267,9 Years,42,24,18,26,15,11,0,0,0,0,0,0,0,0,0,16,9,7
KIMBLE COUNTY,267,10 Years,49,27,22,29,17,12,1,0,1,0,0,0,1,0,1,18,10,8
KIMBLE COUNTY,267,11 Years,53,33,20,26,16,10,1,0,1,0,0,0,0,0,0,26,17,9
KIMBLE COUNTY,267,12 Years,51,29,22,28,16,12,0,0,0,0,0,0,0,0,0,23,13,10
KIMBLE COUNTY,267,13 Years,43,20,23,23,11,12,0,0,0,0,0,0,0,0,0,20,9,11
KIMBLE COUNTY,267,14 Years,38,17,21,20,10,10,0,0,0,0,0,0,0,0,0,18,7,11
KIMBLE COUNTY,267,15 Years,42,28,14,21,15,6,1,1,0,0,0,0,0,0,0,20,12,8
KIMBLE COUNTY,267,16 Years,62,28,34,37,16,21,0,0,0,0,0,0,0,0,0,25,12,13
KIMBLE COUNTY,267,17 Years,46,20,26,28,13,15,0,0,0,1,0,1,0,0,0,17,7,10
KIMBLE COUNTY,267,18 Years,37,18,19,22,11,11,0,0,0,0,0,0,0,0,0,15,7,8
KIMBLE COUNTY,267,19 Years,44,21,23,31,16,15,0,0,0,0,0,0,1,1,0,12,4,8
KIMBLE COUNTY,267,20 Years,43,22,21,25,11,14,0,0,0,0,0,0,0,0,0,18,11,7
KIMBLE COUNTY,267,21 Years,40,17,23,24,9,15,0,0,0,0,0,0,0,0,0,16,8,8
KIMBLE COUNTY,267,22 Years,49,26,23,29,17,12,0,0,0,0,0,0,0,0,0,20,9,11
KIMBLE COUNTY,267,23 Years,44,24,20,25,14,11,0,0,0,0,0,0,0,0,0,19,10,9
KIMBLE COUNTY,267,24 Years,55,31,24,35,19,16,1,1,0,0,0,0,1,1,0,18,10,8
KIMBLE COUNTY,267,25 Years,63,42,21,30,17,13,0,0,0,0,0,0,2,1,1,31,24,7
KIMBLE COUNTY,267,26 Years,60,39,21,26,17,9,0,0,0,0,0,0,1,0,1,33,22,11
KIMBLE COUNTY,267,27 Years,48,29,19,24,15,9,0,0,0,0,0,0,1,0,1,23,14,9
KIMBLE COUNTY,267,28 Years,31,16,15,19,9,10,0,0,0,0,0,0,0,0,0,12,7,5
KIMBLE COUNTY,267,29 Years,34,17,17,24,12,12,0,0,0,0,0,0,0,0,0,10,5,5
KIMBLE COUNTY,267,30 Years,37,18,19,25,13,12,0,0,0,0,0,0,0,0,0,12,5,7
KIMBLE COUNTY,267,31 Years,39,22,17,24,13,11,1,1,0,0,0,0,0,0,0,14,8,6
KIMBLE COUNTY,267,32 Years,40,18,22,26,12,14,1,1,0,0,0,0,0,0,0,13,5,8
KIMBLE COUNTY,267,33 Years,34,20,14,22,11,11,0,0,0,0,0,0,0,0,0,12,9,3
KIMBLE COUNTY,267,34 Years,33,19,14,21,10,11,0,0,0,1,1,0,0,0,0,11,8,3
KIMBLE COUNTY,267,35 Years,40,16,24,26,9,17,0,0,0,0,0,0,0,0,0,14,7,7
KIMBLE COUNTY,267,36 Years,39,20,19,23,9,14,1,1,0,0,0,0,0,0,0,15,10,5
KIMBLE COUNTY,267,37 Years,40,15,25,26,9,17,1,1,0,0,0,0,0,0,0,13,5,8
KIMBLE COUNTY,267,38 Years,41,16,25,27,8,19,0,0,0,0,0,0,0,0,0,14,8,6
KIMBLE COUNTY,267,39 Years,44,16,28,27,5,22,0,0,0,0,0,0,0,0,0,17,11,6
KIMBLE COUNTY,267,40 Years,44,24,20,26,12,14,0,0,0,0,0,0,1,1,0,17,11,6
KIMBLE COUNTY,267,41 Years,50,24,26,29,10,19,1,1,0,0,0,0,1,1,0,19,12,7
KIMBLE COUNTY,267,42 Years,42,18,24,23,8,15,1,1,0,1,0,1,0,0,0,17,9,8
KIMBLE COUNTY,267,43 Years,50,24,26,33,17,16,0,0,0,3,0,3,1,1,0,13,6,7
KIMBLE COUNTY,267,44 Years,42,17,25,24,11,13,0,0,0,1,0,1,0,0,0,17,6,11
KIMBLE COUNTY,267,45 Years,47,21,26,36,16,20,0,0,0,0,0,0,0,0,0,11,5,6
KIMBLE COUNTY,267,46 Years,56,25,31,42,23,19,1,1,0,0,0,0,1,0,1,12,1,11
KIMBLE COUNTY,267,47 Years,58,29,29,43,24,19,0,0,0,0,0,0,1,0,1,14,5,9
KIMBLE COUNTY,267,48 Years,63,33,30,46,25,21,0,0,0,2,2,0,0,0,0,15,6,9
KIMBLE COUNTY,267,49 Years,44,21,23,34,18,16,0,0,0,1,1,0,0,0,0,9,2,7
KIMBLE COUNTY,267,50 Years,51,33,18,32,18,14,0,0,0,3,3,0,0,0,0,16,12,4
KIMBLE COUNTY,267,51 Years,44,22,22,32,14,18,0,0,0,1,1,0,1,0,1,10,7,3
KIMBLE COUNTY,267,52 Years,50,25,25,34,17,17,0,0,0,0,0,0,0,0,0,16,8,8
KIMBLE COUNTY,267,53 Years,54,28,26,37,19,18,0,0,0,0,0,0,0,0,0,17,9,8
KIMBLE COUNTY,267,54 Years,61,34,27,46,25,21,0,0,0,0,0,0,0,0,0,15,9,6
KIMBLE COUNTY,267,55 Years,73,35,38,60,30,30,0,0,0,1,0,1,0,0,0,12,5,7
KIMBLE COUNTY,267,56 Years,75,44,31,62,36,26,0,0,0,0,0,0,1,0,1,12,8,4
KIMBLE COUNTY,267,57 Years,75,40,35,61,37,24,0,0,0,1,0,1,0,0,0,13,3,10
KIMBLE COUNTY,267,58 Years,75,32,43,62,26,36,0,0,0,1,0,1,0,0,0,12,6,6
KIMBLE COUNTY,267,59 Years,79,35,44,62,24,38,0,0,0,0,0,0,1,1,0,16,10,6
KIMBLE COUNTY,267,60 Years,74,39,35,61,30,31,0,0,0,0,0,0,1,1,0,12,8,4
KIMBLE COUNTY,267,61 Years,66,36,30,53,27,26,0,0,0,1,1,0,0,0,0,12,8,4
KIMBLE COUNTY,267,62 Years,68,33,35,52,25,27,2,2,0,1,1,0,1,0,1,12,5,7
KIMBLE COUNTY,267,63 Years,77,36,41,65,31,34,0,0,0,0,0,0,3,0,3,9,5,4
KIMBLE COUNTY,267,64 Years,94,45,49,72,30,42,2,0,2,1,1,0,7,5,2,12,9,3
KIMBLE COUNTY,267,65 Years,73,33,40,59,26,33,1,0,1,0,0,0,3,2,1,10,5,5
KIMBLE COUNTY,267,66 Years,77,31,46,65,25,40,0,0,0,0,0,0,1,1,0,11,5,6
KIMBLE COUNTY,267,67 Years,81,31,50,69,23,46,0,0,0,0,0,0,0,0,0,12,8,4
KIMBLE COUNTY,267,68 Years,75,29,46,63,22,41,0,0,0,0,0,0,0,0,0,12,7,5
KIMBLE COUNTY,267,69 Years,83,40,43,70,35,35,0,0,0,0,0,0,0,0,0,13,5,8
KIMBLE COUNTY,267,70 Years,81,38,43,71,35,36,0,0,0,2,0,2,0,0,0,8,3,5
KIMBLE COUNTY,267,71 Years,77,32,45,65,29,36,0,0,0,1,0,1,1,1,0,10,2,8
KIMBLE COUNTY,267,72 Years,67,26,41,55,21,34,0,0,0,0,0,0,1,0,1,11,5,6
KIMBLE COUNTY,267,73 Years,61,27,34,52,22,30,0,0,0,0,0,0,0,0,0,9,5,4
KIMBLE COUNTY,267,74 Years,71,35,36,59,29,30,0,0,0,0,0,0,2,2,0,10,4,6
KIMBLE COUNTY,267,75 Years,55,24,31,49,21,28,0,0,0,0,0,0,1,1,0,5,2,3
KIMBLE COUNTY,267,76 Years,48,19,29,39,15,24,0,0,0,0,0,0,0,0,0,9,4,5
KIMBLE COUNTY,267,77 Years,50,25,25,40,18,22,0,0,0,0,0,0,1,1,0,9,6,3
KIMBLE COUNTY,267,78 Years,45,21,24,36,14,22,0,0,0,0,0,0,2,2,0,7,5,2
KIMBLE COUNTY,267,79 Years,50,26,24,43,22,21,0,0,0,0,0,0,1,1,0,6,3,3
KIMBLE COUNTY,267,80 Years,54,28,26,48,25,23,0,0,0,0,0,0,1,1,0,5,2,3
KIMBLE COUNTY,267,81 Years,45,26,19,37,21,16,0,0,0,0,0,0,2,1,1,6,4,2
KIMBLE COUNTY,267,82 Years,23,12,11,21,11,10,0,0,0,0,0,0,1,0,1,1,1,0
KIMBLE COUNTY,267,83 Years,34,16,18,31,16,15,0,0,0,0,0,0,0,0,0,3,0,3
KIMBLE COUNTY,267,84 Years,31,19,12,26,16,10,0,0,0,0,0,0,1,0,1,4,3,1
KIMBLE COUNTY,267,85 Years,20,9,11,18,8,10,0,0,0,0,0,0,0,0,0,2,1,1
KIMBLE COUNTY,267,86 Years,18,10,8,14,7,7,0,0,0,0,0,0,1,1,0,3,2,1
KIMBLE COUNTY,267,87 Years,23,7,16,17,5,12,0,0,0,0,0,0,1,0,1,5,2,3
KIMBLE COUNTY,267,88 Years,21,5,16,17,4,13,0,0,0,0,0,0,0,0,0,4,1,3
KIMBLE COUNTY,267,89 Years,16,6,10,12,6,6,0,0,0,0,0,0,1,0,1,3,0,3
KIMBLE COUNTY,267,90 Years,21,10,11,16,8,8,0,0,0,0,0,0,0,0,0,5,2,3
KIMBLE COUNTY,267,91 Years,16,5,11,12,4,8,0,0,0,0,0,0,0,0,0,4,1,3
KIMBLE COUNTY,267,92 Years,8,2,6,6,2,4,0,0,0,0,0,0,0,0,0,2,0,2
KIMBLE COUNTY,267,93 Years,6,2,4,4,2,2,0,0,0,0,0,0,0,0,0,2,0,2
KIMBLE COUNTY,267,94 Years,7,4,3,4,2,2,0,0,0,0,0,0,0,0,0,3,2,1
KIMBLE COUNTY,267,95 Years +,16,5,11,12,3,9,0,0,0,0,0,0,0,0,0,4,2,2
KING COUNTY,269,All Ages,271,130,141,231,108,123,0,0,0,0,0,0,4,2,2,36,20,16
KING COUNTY,269,< 1 Year,3,0,3,3,0,3,0,0,0,0,0,0,0,0,0,0,0,0
KING COUNTY,269,1 Years,5,2,3,5,2,3,0,0,0,0,0,0,0,0,0,0,0,0
KING COUNTY,269,2 Years,3,1,2,3,1,2,0,0,0,0,0,0,0,0,0,0,0,0
KING COUNTY,269,3 Years,3,3,0,3,3,0,0,0,0,0,0,0,0,0,0,0,0,0
KING COUNTY,269,4 Years,0,0,0,0,0,0,0,0,0,0,0,0,0,0,0,0,0,0
KING COUNTY,269,5 Years,0,0,0,0,0,0,0,0,0,0,0,0,0,0,0,0,0,0
KING COUNTY,269,6 Years,2,0,2,2,0,2,0,0,0,0,0,0,0,0,0,0,0,0
KING COUNTY,269,7 Years,4,0,4,4,0,4,0,0,0,0,0,0,0,0,0,0,0,0
KING COUNTY,269,8 Years,3,0,3,3,0,3,0,0,0,0,0,0,0,0,0,0,0,0
KING COUNTY,269,9 Years,2,1,1,1,0,1,0,0,0,0,0,0,0,0,0,1,1,0
KING COUNTY,269,10 Years,2,0,2,2,0,2,0,0,0,0,0,0,0,0,0,0,0,0
KING COUNTY,269,11 Years,1,0,1,1,0,1,0,0,0,0,0,0,0,0,0,0,0,0
KING COUNTY,269,12 Years,3,1,2,3,1,2,0,0,0,0,0,0,0,0,0,0,0,0
KING COUNTY,269,13 Years,3,1,2,3,1,2,0,0,0,0,0,0,0,0,0,0,0,0
KING COUNTY,269,14 Years,3,2,1,3,2,1,0,0,0,0,0,0,0,0,0,0,0,0
KING COUNTY,269,15 Years,4,2,2,4,2,2,0,0,0,0,0,0,0,0,0,0,0,0
KING COUNTY,269,16 Years,3,1,2,3,1,2,0,0,0,0,0,0,0,0,0,0,0,0
KING COUNTY,269,17 Years,2,1,1,2,1,1,0,0,0,0,0,0,0,0,0,0,0,0
KING COUNTY,269,18 Years,4,2,2,3,2,1,0,0,0,0,0,0,0,0,0,1,0,1
KING COUNTY,269,19 Years,4,2,2,3,2,1,0,0,0,0,0,0,0,0,0,1,0,1
KING COUNTY,269,20 Years,7,4,3,5,3,2,0,0,0,0,0,0,0,0,0,2,1,1
KING COUNTY,269,21 Years,3,1,2,2,1,1,0,0,0,0,0,0,0,0,0,1,0,1
KING COUNTY,269,22 Years,4,2,2,3,1,2,0,0,0,0,0,0,0,0,0,1,1,0
KING COUNTY,269,23 Years,3,1,2,2,0,2,0,0,0,0,0,0,0,0,0,1,1,0
KING COUNTY,269,24 Years,3,1,2,2,1,1,0,0,0,0,0,0,0,0,0,1,0,1
KING COUNTY,269,25 Years,4,3,1,3,2,1,0,0,0,0,0,0,0,0,0,1,1,0
KING COUNTY,269,26 Years,4,2,2,4,2,2,0,0,0,0,0,0,0,0,0,0,0,0
KING COUNTY,269,27 Years,5,3,2,3,2,1,0,0,0,0,0,0,1,1,0,1,0,1
KING COUNTY,269,28 Years,3,1,2,2,1,1,0,0,0,0,0,0,1,0,1,0,0,0
KING COUNTY,269,29 Years,0,0,0,0,0,0,0,0,0,0,0,0,0,0,0,0,0,0
KING COUNTY,269,30 Years,1,0,1,0,0,0,0,0,0,0,0,0,0,0,0,1,0,1
KING COUNTY,269,31 Years,2,0,2,1,0,1,0,0,0,0,0,0,0,0,0,1,0,1
KING COUNTY,269,32 Years,2,2,0,1,1,0,0,0,0,0,0,0,0,0,0,1,1,0
KING COUNTY,269,33 Years,2,2,0,2,2,0,0,0,0,0,0,0,0,0,0,0,0,0
KING COUNTY,269,34 Years,2,1,1,2,1,1,0,0,0,0,0,0,0,0,0,0,0,0
KING COUNTY,269,35 Years,3,2,1,2,1,1,0,0,0,0,0,0,0,0,0,1,1,0
KING COUNTY,269,36 Years,1,1,0,1,1,0,0,0,0,0,0,0,0,0,0,0,0,0
KING COUNTY,269,37 Years,2,0,2,2,0,2,0,0,0,0,0,0,0,0,0,0,0,0
KING COUNTY,269,38 Years,3,1,2,3,1,2,0,0,0,0,0,0,0,0,0,0,0,0
KING COUNTY,269,39 Years,2,1,1,1,0,1,0,0,0,0,0,0,1,1,0,0,0,0
KING COUNTY,269,40 Years,2,1,1,2,1,1,0,0,0,0,0,0,0,0,0,0,0,0
KING COUNTY,269,41 Years,1,0,1,1,0,1,0,0,0,0,0,0,0,0,0,0,0,0
KING COUNTY,269,42 Years,2,2,0,1,1,0,0,0,0,0,0,0,0,0,0,1,1,0
KING COUNTY,269,43 Years,4,4,0,3,3,0,0,0,0,0,0,0,0,0,0,1,1,0
KING COUNTY,269,44 Years,3,1,2,3,1,2,0,0,0,0,0,0,0,0,0,0,0,0
KING COUNTY,269,45 Years,2,1,1,2,1,1,0,0,0,0,0,0,0,0,0,0,0,0
KING COUNTY,269,46 Years,1,1,0,1,1,0,0,0,0,0,0,0,0,0,0,0,0,0
KING COUNTY,269,47 Years,4,2,2,3,2,1,0,0,0,0,0,0,0,0,0,1,0,1
KING COUNTY,269,48 Years,6,4,2,4,3,1,0,0,0,0,0,0,0,0,0,2,1,1
KING COUNTY,269,49 Years,3,2,1,3,2,1,0,0,0,0,0,0,0,0,0,0,0,0
KING COUNTY,269,50 Years,4,2,2,3,1,2,0,0,0,0,0,0,0,0,0,1,1,0
KING COUNTY,269,51 Years,6,1,5,3,0,3,0,0,0,0,0,0,0,0,0,3,1,2
KING COUNTY,269,52 Years,5,1,4,3,0,3,0,0,0,0,0,0,0,0,0,2,1,1
KING COUNTY,269,53 Years,5,2,3,5,2,3,0,0,0,0,0,0,0,0,0,0,0,0
KING COUNTY,269,54 Years,4,1,3,3,1,2,0,0,0,0,0,0,0,0,0,1,0,1
KING COUNTY,269,55 Years,2,1,1,1,1,0,0,0,0,0,0,0,0,0,0,1,0,1
KING COUNTY,269,56 Years,4,2,2,3,1,2,0,0,0,0,0,0,0,0,0,1,1,0
KING COUNTY,269,57 Years,6,1,5,6,1,5,0,0,0,0,0,0,0,0,0,0,0,0
KING COUNTY,269,58 Years,6,1,5,6,1,5,0,0,0,0,0,0,0,0,0,0,0,0
KING COUNTY,269,59 Years,6,4,2,5,3,2,0,0,0,0,0,0,0,0,0,1,1,0
KING COUNTY,269,60 Years,5,5,0,4,4,0,0,0,0,0,0,0,0,0,0,1,1,0
KING COUNTY,269,61 Years,6,5,1,5,4,1,0,0,0,0,0,0,0,0,0,1,1,0
KING COUNTY,269,62 Years,8,3,5,5,1,4,0,0,0,0,0,0,1,0,1,2,2,0
KING COUNTY,269,63 Years,5,3,2,4,2,2,0,0,0,0,0,0,0,0,0,1,1,0
KING COUNTY,269,64 Years,6,2,4,6,2,4,0,0,0,0,0,0,0,0,0,0,0,0
KING COUNTY,269,65 Years,3,1,2,3,1,2,0,0,0,0,0,0,0,0,0,0,0,0
KING COUNTY,269,66 Years,2,2,0,2,2,0,0,0,0,0,0,0,0,0,0,0,0,0
KING COUNTY,269,67 Years,4,4,0,4,4,0,0,0,0,0,0,0,0,0,0,0,0,0
KING COUNTY,269,68 Years,5,3,2,5,3,2,0,0,0,0,0,0,0,0,0,0,0,0
KING COUNTY,269,69 Years,2,1,1,2,1,1,0,0,0,0,0,0,0,0,0,0,0,0
KING COUNTY,269,70 Years,2,2,0,2,2,0,0,0,0,0,0,0,0,0,0,0,0,0
KING COUNTY,269,71 Years,1,1,0,1,1,0,0,0,0,0,0,0,0,0,0,0,0,0
KING COUNTY,269,72 Years,2,2,0,2,2,0,0,0,0,0,0,0,0,0,0,0,0,0
KING COUNTY,269,73 Years,2,1,1,2,1,1,0,0,0,0,0,0,0,0,0,0,0,0
KING COUNTY,269,74 Years,3,2,1,3,2,1,0,0,0,0,0,0,0,0,0,0,0,0
KING COUNTY,269,75 Years,2,2,0,2,2,0,0,0,0,0,0,0,0,0,0,0,0,0
KING COUNTY,269,76 Years,2,1,1,2,1,1,0,0,0,0,0,0,0,0,0,0,0,0
KING COUNTY,269,77 Years,1,0,1,1,0,1,0,0,0,0,0,0,0,0,0,0,0,0
KING COUNTY,269,78 Years,2,1,1,1,1,0,0,0,0,0,0,0,0,0,0,1,0,1
KING COUNTY,269,79 Years,2,1,1,2,1,1,0,0,0,0,0,0,0,0,0,0,0,0
KING COUNTY,269,80 Years,3,1,2,3,1,2,0,0,0,0,0,0,0,0,0,0,0,0
KING COUNTY,269,81 Years,1,0,1,1,0,1,0,0,0,0,0,0,0,0,0,0,0,0
KING COUNTY,269,82 Years,1,0,1,1,0,1,0,0,0,0,0,0,0,0,0,0,0,0
KING COUNTY,269,83 Years,2,0,2,2,0,2,0,0,0,0,0,0,0,0,0,0,0,0
KING COUNTY,269,84 Years,4,1,3,4,1,3,0,0,0,0,0,0,0,0,0,0,0,0
KING COUNTY,269,85 Years,2,1,1,2,1,1,0,0,0,0,0,0,0,0,0,0,0,0
KING COUNTY,269,86 Years,1,1,0,1,1,0,0,0,0,0,0,0,0,0,0,0,0,0
KING COUNTY,269,87 Years,0,0,0,0,0,0,0,0,0,0,0,0,0,0,0,0,0,0
KING COUNTY,269,88 Years,1,1,0,1,1,0,0,0,0,0,0,0,0,0,0,0,0,0
KING COUNTY,269,89 Years,2,1,1,2,1,1,0,0,0,0,0,0,0,0,0,0,0,0
KING COUNTY,269,90 Years,2,1,1,2,1,1,0,0,0,0,0,0,0,0,0,0,0,0
KING COUNTY,269,91 Years,0,0,0,0,0,0,0,0,0,0,0,0,0,0,0,0,0,0
KING COUNTY,269,92 Years,0,0,0,0,0,0,0,0,0,0,0,0,0,0,0,0,0,0
KING COUNTY,269,93 Years,0,0,0,0,0,0,0,0,0,0,0,0,0,0,0,0,0,0
KING COUNTY,269,94 Years,0,0,0,0,0,0,0,0,0,0,0,0,0,0,0,0,0,0
KING COUNTY,269,95 Years +,1,0,1,1,0,1,0,0,0,0,0,0,0,0,0,0,0,0
KINNEY COUNTY,271,All Ages,3717,2068,1649,1284,654,630,47,24,23,12,5,7,62,37,25,2312,1348,964
KINNEY COUNTY,271,< 1 Year,47,22,25,7,5,2,0,0,0,0,0,0,1,0,1,39,17,22
KINNEY COUNTY,271,1 Years,44,21,23,9,6,3,0,0,0,0,0,0,3,1,2,32,14,18
KINNEY COUNTY,271,2 Years,44,24,20,8,6,2,0,0,0,0,0,0,0,0,0,36,18,18
KINNEY COUNTY,271,3 Years,40,23,17,7,5,2,0,0,0,0,0,0,0,0,0,33,18,15
KINNEY COUNTY,271,4 Years,40,23,17,6,2,4,0,0,0,0,0,0,0,0,0,34,21,13
KINNEY COUNTY,271,5 Years,34,19,15,6,2,4,0,0,0,0,0,0,4,2,2,24,15,9
KINNEY COUNTY,271,6 Years,41,24,17,11,5,6,0,0,0,0,0,0,2,2,0,28,17,11
KINNEY COUNTY,271,7 Years,38,21,17,10,4,6,0,0,0,0,0,0,0,0,0,28,17,11
KINNEY COUNTY,271,8 Years,50,22,28,13,9,4,0,0,0,0,0,0,2,0,2,35,13,22
KINNEY COUNTY,271,9 Years,42,27,15,13,10,3,2,1,1,0,0,0,1,1,0,26,15,11
KINNEY COUNTY,271,10 Years,38,26,12,14,11,3,1,0,1,0,0,0,0,0,0,23,15,8
KINNEY COUNTY,271,11 Years,42,17,25,17,3,14,1,1,0,0,0,0,0,0,0,24,13,11
KINNEY COUNTY,271,12 Years,53,26,27,21,8,13,1,1,0,0,0,0,0,0,0,31,17,14
KINNEY COUNTY,271,13 Years,34,16,18,9,4,5,0,0,0,0,0,0,1,0,1,24,12,12
KINNEY COUNTY,271,14 Years,38,27,11,11,9,2,1,0,1,0,0,0,1,1,0,25,17,8
KINNEY COUNTY,271,15 Years,49,27,22,21,14,7,1,0,1,0,0,0,1,1,0,26,12,14
KINNEY COUNTY,271,16 Years,37,20,17,14,10,4,0,0,0,0,0,0,1,1,0,22,9,13
KINNEY COUNTY,271,17 Years,36,22,14,12,6,6,0,0,0,0,0,0,2,2,0,22,14,8
KINNEY COUNTY,271,18 Years,38,21,17,9,3,6,0,0,0,0,0,0,0,0,0,29,18,11
KINNEY COUNTY,271,19 Years,33,20,13,5,2,3,0,0,0,0,0,0,0,0,0,28,18,10
KINNEY COUNTY,271,20 Years,48,32,16,8,3,5,0,0,0,1,1,0,1,0,1,38,28,10
KINNEY COUNTY,271,21 Years,50,36,14,6,3,3,0,0,0,0,0,0,0,0,0,44,33,11
KINNEY COUNTY,271,22 Years,52,34,18,5,2,3,1,0,1,0,0,0,1,1,0,45,31,14
KINNEY COUNTY,271,23 Years,45,30,15,5,2,3,0,0,0,0,0,0,1,1,0,39,27,12
KINNEY COUNTY,271,24 Years,57,41,16,7,3,4,0,0,0,0,0,0,3,2,1,47,36,11
KINNEY COUNTY,271,25 Years,52,33,19,9,4,5,1,0,1,0,0,0,1,1,0,41,28,13
KINNEY COUNTY,271,26 Years,56,34,22,9,5,4,1,0,1,0,0,0,0,0,0,46,29,17
KINNEY COUNTY,271,27 Years,46,29,17,7,4,3,0,0,0,0,0,0,1,1,0,38,24,14
KINNEY COUNTY,271,28 Years,52,34,18,9,5,4,1,1,0,0,0,0,0,0,0,42,28,14
KINNEY COUNTY,271,29 Years,40,24,16,8,3,5,2,2,0,0,0,0,0,0,0,30,19,11
KINNEY COUNTY,271,30 Years,44,34,10,8,4,4,0,0,0,0,0,0,0,0,0,36,30,6
KINNEY COUNTY,271,31 Years,42,32,10,9,6,3,0,0,0,0,0,0,0,0,0,33,26,7
KINNEY COUNTY,271,32 Years,49,39,10,6,3,3,0,0,0,0,0,0,0,0,0,43,36,7
KINNEY COUNTY,271,33 Years,43,27,16,6,2,4,2,2,0,0,0,0,0,0,0,35,23,12
KINNEY COUNTY,271,34 Years,50,30,20,6,1,5,1,0,1,0,0,0,0,0,0,43,29,14
KINNEY COUNTY,271,35 Years,39,23,16,9,5,4,1,0,1,0,0,0,0,0,0,29,18,11
KINNEY COUNTY,271,36 Years,44,33,11,7,4,3,0,0,0,0,0,0,1,0,1,36,29,7
KINNEY COUNTY,271,37 Years,38,30,8,7,5,2,0,0,0,0,0,0,1,0,1,30,25,5
KINNEY COUNTY,271,38 Years,44,24,20,14,3,11,1,1,0,0,0,0,1,1,0,28,19,9
KINNEY COUNTY,271,39 Years,34,18,16,8,3,5,1,1,0,0,0,0,1,1,0,24,13,11
KINNEY COUNTY,271,40 Years,27,21,6,7,6,1,0,0,0,0,0,0,0,0,0,20,15,5
KINNEY COUNTY,271,41 Years,37,17,20,15,4,11,0,0,0,0,0,0,0,0,0,22,13,9
KINNEY COUNTY,271,42 Years,33,20,13,10,3,7,0,0,0,0,0,0,1,0,1,22,17,5
KINNEY COUNTY,271,43 Years,46,25,21,8,5,3,0,0,0,1,0,1,0,0,0,37,20,17
KINNEY COUNTY,271,44 Years,40,23,17,11,7,4,0,0,0,1,0,1,0,0,0,28,16,12
KINNEY COUNTY,271,45 Years,38,21,17,10,2,8,1,0,1,0,0,0,0,0,0,27,19,8
KINNEY COUNTY,271,46 Years,42,22,20,8,4,4,0,0,0,0,0,0,1,1,0,33,17,16
KINNEY COUNTY,271,47 Years,47,26,21,17,11,6,0,0,0,0,0,0,0,0,0,30,15,15
KINNEY COUNTY,271,48 Years,39,20,19,14,6,8,0,0,0,0,0,0,0,0,0,25,14,11
KINNEY COUNTY,271,49 Years,33,16,17,9,4,5,0,0,0,1,0,1,0,0,0,23,12,11
KINNEY COUNTY,271,50 Years,35,18,17,10,6,4,0,0,0,0,0,0,0,0,0,25,12,13
KINNEY COUNTY,271,51 Years,47,29,18,16,10,6,2,2,0,0,0,0,0,0,0,29,17,12
KINNEY COUNTY,271,52 Years,39,24,15,15,8,7,1,1,0,1,1,0,0,0,0,22,14,8
KINNEY COUNTY,271,53 Years,39,20,19,11,4,7,0,0,0,0,0,0,1,1,0,27,15,12
KINNEY COUNTY,271,54 Years,44,26,18,12,9,3,0,0,0,0,0,0,1,1,0,31,16,15
KINNEY COUNTY,271,55 Years,43,25,18,15,8,7,0,0,0,0,0,0,1,1,0,27,16,11
KINNEY COUNTY,271,56 Years,42,23,19,21,12,9,0,0,0,0,0,0,0,0,0,21,11,10
KINNEY COUNTY,271,57 Years,33,15,18,18,9,9,1,0,1,0,0,0,0,0,0,14,6,8
KINNEY COUNTY,271,58 Years,44,26,18,24,13,11,0,0,0,0,0,0,0,0,0,20,13,7
KINNEY COUNTY,271,59 Years,42,22,20,21,13,8,1,1,0,0,0,0,0,0,0,20,8,12
KINNEY COUNTY,271,60 Years,46,24,22,19,11,8,1,1,0,0,0,0,0,0,0,26,12,14
KINNEY COUNTY,271,61 Years,57,26,31,27,10,17,0,0,0,0,0,0,1,1,0,29,15,14
KINNEY COUNTY,271,62 Years,56,27,29,26,8,18,2,1,1,1,1,0,0,0,0,27,17,10
KINNEY COUNTY,271,63 Years,54,25,29,22,8,14,1,1,0,1,1,0,1,0,1,29,15,14
KINNEY COUNTY,271,64 Years,57,28,29,28,16,12,1,0,1,1,0,1,1,0,1,26,12,14
KINNEY COUNTY,271,65 Years,47,22,25,22,15,7,1,0,1,0,0,0,1,0,1,23,7,16
KINNEY COUNTY,271,66 Years,45,18,27,21,6,15,2,2,0,0,0,0,1,1,0,21,9,12
KINNEY COUNTY,271,67 Years,39,16,23,21,7,14,1,1,0,0,0,0,1,1,0,16,7,9
KINNEY COUNTY,271,68 Years,44,23,21,25,12,13,0,0,0,0,0,0,1,1,0,18,10,8
KINNEY COUNTY,271,69 Years,45,23,22,26,13,13,1,0,1,0,0,0,1,0,1,17,10,7
KINNEY COUNTY,271,70 Years,46,26,20,26,14,12,1,0,1,0,0,0,0,0,0,19,12,7
KINNEY COUNTY,271,71 Years,56,28,28,27,14,13,2,0,2,0,0,0,3,3,0,24,11,13
KINNEY COUNTY,271,72 Years,43,21,22,27,15,12,1,0,1,0,0,0,1,0,1,14,6,8
KINNEY COUNTY,271,73 Years,35,19,16,26,15,11,0,0,0,0,0,0,1,0,1,8,4,4
KINNEY COUNTY,271,74 Years,41,20,21,26,15,11,1,0,1,0,0,0,2,1,1,12,4,8
KINNEY COUNTY,271,75 Years,42,20,22,25,15,10,0,0,0,0,0,0,2,1,1,15,4,11
KINNEY COUNTY,271,76 Years,38,17,21,27,13,14,0,0,0,0,0,0,1,0,1,10,4,6
KINNEY COUNTY,271,77 Years,36,15,21,27,11,16,0,0,0,2,0,2,0,0,0,7,4,3
KINNEY COUNTY,271,78 Years,34,18,16,23,12,11,0,0,0,1,0,1,1,1,0,9,5,4
KINNEY COUNTY,271,79 Years,35,20,15,21,13,8,0,0,0,0,0,0,1,1,0,13,6,7
KINNEY COUNTY,271,80 Years,38,14,24,20,7,13,1,1,0,0,0,0,1,0,1,16,6,10
KINNEY COUNTY,271,81 Years,29,11,18,17,6,11,2,2,0,0,0,0,0,0,0,10,3,7
KINNEY COUNTY,271,82 Years,26,9,17,17,7,10,1,1,0,0,0,0,0,0,0,8,1,7
KINNEY COUNTY,271,83 Years,29,14,15,15,9,6,0,0,0,0,0,0,1,1,0,13,4,9
KINNEY COUNTY,271,84 Years,28,11,17,12,6,6,1,0,1,0,0,0,3,1,2,12,4,8
KINNEY COUNTY,271,85 Years,23,10,13,10,6,4,1,0,1,0,0,0,0,0,0,12,4,8
KINNEY COUNTY,271,86 Years,17,8,9,7,4,3,0,0,0,0,0,0,1,1,0,9,3,6
KINNEY COUNTY,271,87 Years,17,9,8,10,6,4,0,0,0,0,0,0,0,0,0,7,3,4
KINNEY COUNTY,271,88 Years,15,10,5,9,6,3,0,0,0,1,1,0,0,0,0,5,3,2
KINNEY COUNTY,271,89 Years,13,7,6,6,4,2,0,0,0,0,0,0,0,0,0,7,3,4
KINNEY COUNTY,271,90 Years,11,6,5,5,3,2,0,0,0,0,0,0,0,0,0,6,3,3
KINNEY COUNTY,271,91 Years,10,5,5,4,2,2,0,0,0,0,0,0,0,0,0,6,3,3
KINNEY COUNTY,271,92 Years,8,4,4,3,2,1,1,0,1,0,0,0,0,0,0,4,2,2
KINNEY COUNTY,271,93 Years,7,3,4,2,1,1,0,0,0,0,0,0,0,0,0,5,2,3
KINNEY COUNTY,271,94 Years,5,2,3,2,1,1,0,0,0,0,0,0,0,0,0,3,1,2
KINNEY COUNTY,271,95 Years +,12,5,7,5,3,2,0,0,0,0,0,0,0,0,0,7,2,5
KLEBERG COUNTY,273,All Ages,32295,16512,15783,6371,3327,3044,1210,699,511,726,427,299,375,203,172,23613,11856,11757
KLEBERG COUNTY,273,< 1 Year,334,183,151,43,23,20,13,5,8,6,4,2,6,3,3,266,148,118
KLEBERG COUNTY,273,1 Years,335,176,159,42,20,22,13,5,8,6,4,2,8,4,4,266,143,123
KLEBERG COUNTY,273,2 Years,340,178,162,46,23,23,13,5,8,7,5,2,6,4,2,268,141,127
KLEBERG COUNTY,273,3 Years,356,179,177,45,21,24,15,6,9,8,5,3,8,5,3,280,142,138
KLEBERG COUNTY,273,4 Years,375,189,186,51,26,25,16,7,9,9,5,4,8,4,4,291,147,144
KLEBERG COUNTY,273,5 Years,379,191,188,52,23,29,14,7,7,8,4,4,7,4,3,298,153,145
KLEBERG COUNTY,273,6 Years,372,186,186,53,24,29,12,6,6,5,3,2,7,4,3,295,149,146
KLEBERG COUNTY,273,7 Years,367,187,180,48,21,27,13,8,5,6,3,3,7,4,3,293,151,142
KLEBERG COUNTY,273,8 Years,391,206,185,48,24,24,15,7,8,7,5,2,7,4,3,314,166,148
KLEBERG COUNTY,273,9 Years,477,245,232,52,30,22,21,9,12,6,3,3,7,4,3,391,199,192
KLEBERG COUNTY,273,10 Years,498,259,239,64,38,26,13,4,9,4,2,2,6,3,3,411,212,199
KLEBERG COUNTY,273,11 Years,467,233,234,59,33,26,6,3,3,4,2,2,7,3,4,391,192,199
KLEBERG COUNTY,273,12 Years,445,230,215,46,26,20,10,6,4,6,3,3,8,5,3,375,190,185
KLEBERG COUNTY,273,13 Years,419,226,193,41,24,17,8,4,4,5,3,2,8,4,4,357,191,166
KLEBERG COUNTY,273,14 Years,430,224,206,42,26,16,5,3,2,5,1,4,9,5,4,369,189,180
KLEBERG COUNTY,273,15 Years,439,234,205,33,22,11,6,4,2,3,2,1,7,3,4,390,203,187
KLEBERG COUNTY,273,16 Years,469,224,245,34,16,18,8,5,3,5,4,1,3,1,2,419,198,221
KLEBERG COUNTY,273,17 Years,557,236,321,54,20,34,10,6,4,3,1,2,5,2,3,485,207,278
KLEBERG COUNTY,273,18 Years,874,453,421,99,48,51,47,29,18,9,7,2,9,4,5,710,365,345
KLEBERG COUNTY,273,19 Years,1354,766,588,217,127,90,104,66,38,7,7,0,9,8,1,1017,558,459
KLEBERG COUNTY,273,20 Years,940,540,400,144,94,50,61,42,19,9,9,0,6,4,2,720,391,329
KLEBERG COUNTY,273,21 Years,1067,595,472,190,117,73,57,34,23,27,16,11,15,6,9,778,422,356
KLEBERG COUNTY,273,22 Years,1011,583,428,183,104,79,51,32,19,48,34,14,11,6,5,718,407,311
KLEBERG COUNTY,273,23 Years,1035,610,425,207,120,87,66,49,17,91,59,32,9,2,7,662,380,282
KLEBERG COUNTY,273,24 Years,880,504,376,221,114,107,42,32,10,72,50,22,6,5,1,539,303,236
KLEBERG COUNTY,273,25 Years,645,374,271,170,104,66,27,20,7,41,39,2,5,4,1,402,207,195
KLEBERG COUNTY,273,26 Years,466,268,198,136,90,46,8,7,1,16,15,1,15,10,5,291,146,145
KLEBERG COUNTY,273,27 Years,306,140,166,75,38,37,4,4,0,18,9,9,3,1,2,206,88,118
KLEBERG COUNTY,273,28 Years,332,125,207,60,8,52,7,4,3,11,2,9,7,5,2,247,106,141
KLEBERG COUNTY,273,29 Years,301,114,187,58,10,48,16,10,6,2,1,1,2,1,1,223,92,131
KLEBERG COUNTY,273,30 Years,280,110,170,45,15,30,22,14,8,3,2,1,6,0,6,204,79,125
KLEBERG COUNTY,273,31 Years,304,131,173,65,36,29,9,5,4,1,1,0,3,2,1,226,87,139
KLEBERG COUNTY,273,32 Years,320,163,157,77,52,25,11,7,4,1,1,0,2,1,1,229,102,127
KLEBERG COUNTY,273,33 Years,364,178,186,81,39,42,10,3,7,3,0,3,7,3,4,263,133,130
KLEBERG COUNTY,273,34 Years,368,197,171,81,43,38,12,5,7,4,2,2,4,2,2,267,145,122
KLEBERG COUNTY,273,35 Years,367,198,169,67,38,29,10,6,4,8,5,3,6,4,2,276,145,131
KLEBERG COUNTY,273,36 Years,356,185,171,72,38,34,16,10,6,6,4,2,1,1,0,261,132,129
KLEBERG COUNTY,273,37 Years,349,194,155,63,40,23,8,7,1,7,3,4,6,3,3,265,141,124
KLEBERG COUNTY,273,38 Years,358,196,162,76,49,27,5,3,2,10,6,4,5,4,1,262,134,128
KLEBERG COUNTY,273,39 Years,308,170,138,74,47,27,7,4,3,8,5,3,3,1,2,216,113,103
KLEBERG COUNTY,273,40 Years,300,150,150,63,37,26,6,5,1,7,3,4,4,2,2,220,103,117
KLEBERG COUNTY,273,41 Years,290,141,149,48,28,20,7,4,3,8,4,4,3,2,1,224,103,121
KLEBERG COUNTY,273,42 Years,257,130,127,49,22,27,7,3,4,6,3,3,2,1,1,193,101,92
KLEBERG COUNTY,273,43 Years,305,169,136,57,33,24,10,6,4,6,2,4,5,4,1,227,124,103
KLEBERG COUNTY,273,44 Years,314,158,156,63,31,32,9,7,2,7,3,4,5,4,1,230,113,117
KLEBERG COUNTY,273,45 Years,311,149,162,60,25,35,6,3,3,9,3,6,4,2,2,232,116,116
KLEBERG COUNTY,273,46 Years,332,163,169,62,28,34,7,4,3,9,3,6,4,3,1,250,125,125
KLEBERG COUNTY,273,47 Years,333,175,158,69,32,37,12,7,5,9,4,5,2,0,2,241,132,109
KLEBERG COUNTY,273,48 Years,318,142,176,65,28,37,9,4,5,6,1,5,1,0,1,237,109,128
KLEBERG COUNTY,273,49 Years,313,157,156,59,34,25,8,2,6,5,2,3,3,2,1,238,117,121
KLEBERG COUNTY,273,50 Years,314,158,156,59,35,24,12,2,10,6,2,4,3,1,2,234,118,116
KLEBERG COUNTY,273,51 Years,280,142,138,52,31,21,12,6,6,6,4,2,2,1,1,208,100,108
KLEBERG COUNTY,273,52 Years,298,149,149,63,34,29,12,5,7,7,2,5,2,1,1,214,107,107
KLEBERG COUNTY,273,53 Years,328,150,178,65,36,29,9,5,4,7,3,4,4,3,1,243,103,140
KLEBERG COUNTY,273,54 Years,342,177,165,65,35,30,12,5,7,4,3,1,1,1,0,260,133,127
KLEBERG COUNTY,273,55 Years,331,162,169,67,32,35,11,7,4,6,3,3,3,0,3,244,120,124
KLEBERG COUNTY,273,56 Years,294,148,146,68,33,35,12,6,6,4,1,3,2,1,1,208,107,101
KLEBERG COUNTY,273,57 Years,296,156,140,74,40,34,7,4,3,3,1,2,2,2,0,210,109,101
KLEBERG COUNTY,273,58 Years,305,172,133,73,40,33,9,7,2,4,1,3,3,2,1,216,122,94
KLEBERG COUNTY,273,59 Years,279,137,142,70,29,41,9,5,4,3,1,2,3,2,1,194,100,94
KLEBERG COUNTY,273,60 Years,310,162,148,82,46,36,11,4,7,11,7,4,4,4,0,202,101,101
KLEBERG COUNTY,273,61 Years,319,160,159,72,37,35,11,6,5,9,4,5,1,1,0,226,112,114
KLEBERG COUNTY,273,62 Years,320,153,167,77,32,45,10,4,6,3,1,2,5,4,1,225,112,113
KLEBERG COUNTY,273,63 Years,340,155,185,84,37,47,13,6,7,3,1,2,4,1,3,236,110,126
KLEBERG COUNTY,273,64 Years,317,141,176,77,32,45,7,2,5,5,0,5,2,0,2,226,107,119
KLEBERG COUNTY,273,65 Years,280,145,135,77,39,38,7,6,1,4,1,3,3,1,2,189,98,91
KLEBERG COUNTY,273,66 Years,283,143,140,84,43,41,7,5,2,2,0,2,2,1,1,188,94,94
KLEBERG COUNTY,273,67 Years,269,124,145,69,37,32,7,5,2,4,0,4,2,1,1,187,81,106
KLEBERG COUNTY,273,68 Years,279,136,143,90,49,41,9,3,6,6,5,1,1,0,1,173,79,94
KLEBERG COUNTY,273,69 Years,268,132,136,88,44,44,10,5,5,6,3,3,1,1,0,163,79,84
KLEBERG COUNTY,273,70 Years,252,108,144,71,30,41,4,2,2,3,0,3,3,0,3,171,76,95
KLEBERG COUNTY,273,71 Years,255,122,133,76,36,40,5,5,0,3,0,3,2,1,1,169,80,89
KLEBERG COUNTY,273,72 Years,236,112,124,78,39,39,8,4,4,3,1,2,2,1,1,145,67,78
KLEBERG COUNTY,273,73 Years,239,117,122,70,30,40,14,7,7,4,3,1,2,1,1,149,76,73
KLEBERG COUNTY,273,74 Years,214,92,122,66,25,41,11,7,4,2,0,2,4,1,3,131,59,72
KLEBERG COUNTY,273,75 Years,193,84,109,63,28,35,7,3,4,2,1,1,2,1,1,119,51,68
KLEBERG COUNTY,273,76 Years,177,85,92,68,31,37,6,3,3,3,2,1,2,2,0,98,47,51
KLEBERG COUNTY,273,77 Years,146,74,72,53,31,22,5,2,3,2,1,1,1,1,0,85,39,46
KLEBERG COUNTY,273,78 Years,156,70,86,53,28,25,6,2,4,3,1,2,2,1,1,92,38,54
KLEBERG COUNTY,273,79 Years,166,69,97,55,26,29,3,2,1,5,3,2,3,2,1,100,36,64
KLEBERG COUNTY,273,80 Years,137,59,78,39,20,19,10,6,4,2,1,1,1,1,0,85,31,54
KLEBERG COUNTY,273,81 Years,131,59,72,40,21,19,9,4,5,3,1,2,0,0,0,79,33,46
KLEBERG COUNTY,273,82 Years,123,51,72,36,19,17,4,2,2,2,1,1,0,0,0,81,29,52
KLEBERG COUNTY,273,83 Years,109,44,65,30,17,13,2,1,1,0,0,0,1,0,1,76,26,50
KLEBERG COUNTY,273,84 Years,84,39,45,25,14,11,3,3,0,1,1,0,0,0,0,55,21,34
KLEBERG COUNTY,273,85 Years,79,36,43,26,14,12,2,1,1,2,1,1,1,0,1,48,20,28
KLEBERG COUNTY,273,86 Years,66,32,34,23,11,12,3,2,1,1,1,0,0,0,0,39,18,21
KLEBERG COUNTY,273,87 Years,66,26,40,24,11,13,2,2,0,0,0,0,0,0,0,40,13,27
KLEBERG COUNTY,273,88 Years,53,21,32,22,9,13,1,1,0,0,0,0,0,0,0,30,11,19
KLEBERG COUNTY,273,89 Years,45,20,25,20,9,11,1,0,1,1,1,0,0,0,0,23,10,13
KLEBERG COUNTY,273,90 Years,35,15,20,13,7,6,1,0,1,0,0,0,1,0,1,20,8,12
KLEBERG COUNTY,273,91 Years,36,14,22,13,5,8,2,1,1,2,1,1,0,0,0,19,7,12
KLEBERG COUNTY,273,92 Years,31,12,19,11,5,6,2,0,2,0,0,0,0,0,0,18,7,11
KLEBERG COUNTY,273,93 Years,28,10,18,9,4,5,3,1,2,0,0,0,0,0,0,16,5,11
KLEBERG COUNTY,273,94 Years,23,7,16,8,3,5,3,0,3,1,0,1,0,0,0,11,4,7
KLEBERG COUNTY,273,95 Years +,55,18,37,14,4,10,4,2,2,1,0,1,1,0,1,35,12,23
KNOX COUNTY,275,All Ages,3465,1710,1755,2029,989,1040,194,88,106,5,2,3,53,32,21,1184,599,585
KNOX COUNTY,275,< 1 Year,39,21,18,21,12,9,2,1,1,0,0,0,0,0,0,16,8,8
KNOX COUNTY,275,1 Years,39,22,17,16,10,6,1,1,0,0,0,0,0,0,0,22,11,11
KNOX COUNTY,275,2 Years,36,18,18,15,8,7,1,0,1,0,0,0,0,0,0,20,10,10
KNOX COUNTY,275,3 Years,45,23,22,16,9,7,1,0,1,0,0,0,0,0,0,28,14,14
KNOX COUNTY,275,4 Years,49,24,25,19,10,9,2,1,1,0,0,0,0,0,0,28,13,15
KNOX COUNTY,275,5 Years,50,23,27,18,10,8,1,0,1,0,0,0,0,0,0,31,13,18
KNOX COUNTY,275,6 Years,45,20,25,18,8,10,1,0,1,0,0,0,0,0,0,26,12,14
KNOX COUNTY,275,7 Years,46,25,21,17,10,7,1,0,1,0,0,0,0,0,0,28,15,13
KNOX COUNTY,275,8 Years,57,23,34,24,7,17,1,1,0,0,0,0,2,0,2,30,15,15
KNOX COUNTY,275,9 Years,56,33,23,26,9,17,1,1,0,0,0,0,1,1,0,28,22,6
KNOX COUNTY,275,10 Years,58,30,28,29,10,19,0,0,0,0,0,0,3,3,0,26,17,9
KNOX COUNTY,275,11 Years,55,24,31,31,11,20,2,2,0,0,0,0,1,1,0,21,10,11
KNOX COUNTY,275,12 Years,44,20,24,17,10,7,2,2,0,0,0,0,2,1,1,23,7,16
KNOX COUNTY,275,13 Years,57,28,29,31,16,15,4,2,2,0,0,0,1,1,0,21,9,12
KNOX COUNTY,275,14 Years,47,20,27,26,9,17,2,1,1,0,0,0,2,1,1,17,9,8
KNOX COUNTY,275,15 Years,42,19,23,17,9,8,1,0,1,0,0,0,1,0,1,23,10,13
KNOX COUNTY,275,16 Years,51,24,27,29,16,13,4,1,3,0,0,0,1,0,1,17,7,10
KNOX COUNTY,275,17 Years,57,37,20,29,19,10,7,3,4,0,0,0,1,0,1,20,15,5
KNOX COUNTY,275,18 Years,48,24,24,24,12,12,6,3,3,0,0,0,1,1,0,17,8,9
KNOX COUNTY,275,19 Years,49,25,24,26,14,12,5,3,2,0,0,0,2,0,2,16,8,8
KNOX COUNTY,275,20 Years,38,17,21,17,7,10,5,3,2,0,0,0,1,1,0,15,6,9
KNOX COUNTY,275,21 Years,33,16,17,11,4,7,2,1,1,0,0,0,1,1,0,19,10,9
KNOX COUNTY,275,22 Years,42,24,18,19,10,9,3,3,0,0,0,0,1,1,0,19,10,9
KNOX COUNTY,275,23 Years,42,24,18,20,12,8,5,3,2,0,0,0,1,1,0,16,8,8
KNOX COUNTY,275,24 Years,40,20,20,20,9,11,5,2,3,0,0,0,1,1,0,14,8,6
KNOX COUNTY,275,25 Years,46,24,22,19,10,9,3,3,0,0,0,0,2,1,1,22,10,12
KNOX COUNTY,275,26 Years,49,23,26,25,13,12,6,3,3,0,0,0,2,1,1,16,6,10
KNOX COUNTY,275,27 Years,37,15,22,16,6,10,4,2,2,0,0,0,2,1,1,15,6,9
KNOX COUNTY,275,28 Years,30,12,18,12,6,6,1,0,1,0,0,0,2,1,1,15,5,10
KNOX COUNTY,275,29 Years,24,13,11,13,8,5,1,1,0,0,0,0,1,0,1,9,4,5
KNOX COUNTY,275,30 Years,25,14,11,14,7,7,0,0,0,0,0,0,0,0,0,11,7,4
KNOX COUNTY,275,31 Years,29,13,16,20,9,11,0,0,0,0,0,0,0,0,0,9,4,5
KNOX COUNTY,275,32 Years,34,15,19,20,11,9,2,1,1,0,0,0,0,0,0,12,3,9
KNOX COUNTY,275,33 Years,40,20,20,23,11,12,3,3,0,0,0,0,0,0,0,14,6,8
KNOX COUNTY,275,34 Years,35,17,18,21,9,12,2,1,1,1,1,0,1,0,1,10,6,4
KNOX COUNTY,275,35 Years,39,20,19,23,12,11,4,2,2,0,0,0,0,0,0,12,6,6
KNOX COUNTY,275,36 Years,30,13,17,17,8,9,1,0,1,0,0,0,0,0,0,12,5,7
KNOX COUNTY,275,37 Years,38,19,19,23,11,12,1,0,1,0,0,0,1,1,0,13,7,6
KNOX COUNTY,275,38 Years,40,22,18,24,13,11,1,0,1,0,0,0,0,0,0,15,9,6
KNOX COUNTY,275,39 Years,30,13,17,17,7,10,2,0,2,0,0,0,1,1,0,10,5,5
KNOX COUNTY,275,40 Years,39,23,16,23,13,10,3,2,1,0,0,0,0,0,0,13,8,5
KNOX COUNTY,275,41 Years,38,22,16,27,16,11,1,1,0,0,0,0,0,0,0,10,5,5
KNOX COUNTY,275,42 Years,32,18,14,20,11,9,1,1,0,0,0,0,0,0,0,11,6,5
KNOX COUNTY,275,43 Years,40,19,21,20,10,10,2,1,1,0,0,0,0,0,0,18,8,10
KNOX COUNTY,275,44 Years,31,16,15,16,9,7,2,1,1,0,0,0,0,0,0,13,6,7
KNOX COUNTY,275,45 Years,33,15,18,22,9,13,3,1,2,0,0,0,0,0,0,8,5,3
KNOX COUNTY,275,46 Years,27,10,17,14,4,10,2,0,2,0,0,0,0,0,0,11,6,5
KNOX COUNTY,275,47 Years,42,17,25,23,9,14,2,1,1,1,0,1,1,1,0,15,6,9
KNOX COUNTY,275,48 Years,46,22,24,32,17,15,0,0,0,0,0,0,0,0,0,14,5,9
KNOX COUNTY,275,49 Years,34,18,16,20,10,10,3,1,2,0,0,0,0,0,0,11,7,4
KNOX COUNTY,275,50 Years,35,17,18,20,11,9,4,0,4,0,0,0,0,0,0,11,6,5
KNOX COUNTY,275,51 Years,35,18,17,19,10,9,3,1,2,0,0,0,1,1,0,12,6,6
KNOX COUNTY,275,52 Years,36,19,17,19,9,10,3,1,2,1,1,0,0,0,0,13,8,5
KNOX COUNTY,275,53 Years,45,25,20,26,12,14,5,4,1,0,0,0,0,0,0,14,9,5
KNOX COUNTY,275,54 Years,40,21,19,23,10,13,3,2,1,0,0,0,0,0,0,14,9,5
KNOX COUNTY,275,55 Years,37,17,20,22,10,12,3,1,2,1,0,1,1,0,1,10,6,4
KNOX COUNTY,275,56 Years,38,20,18,24,14,10,4,2,2,0,0,0,1,0,1,9,4,5
KNOX COUNTY,275,57 Years,46,26,20,34,21,13,3,1,2,0,0,0,0,0,0,9,4,5
KNOX COUNTY,275,58 Years,51,27,24,38,19,19,1,1,0,0,0,0,0,0,0,12,7,5
KNOX COUNTY,275,59 Years,54,28,26,35,20,15,2,0,2,0,0,0,0,0,0,17,8,9
KNOX COUNTY,275,60 Years,49,27,22,34,18,16,1,0,1,0,0,0,0,0,0,14,9,5
KNOX COUNTY,275,61 Years,45,24,21,29,14,15,3,1,2,0,0,0,0,0,0,13,9,4
KNOX COUNTY,275,62 Years,46,26,20,34,19,15,1,0,1,0,0,0,0,0,0,11,7,4
KNOX COUNTY,275,63 Years,44,25,19,32,18,14,1,1,0,0,0,0,0,0,0,11,6,5
KNOX COUNTY,275,64 Years,42,20,22,27,13,14,2,0,2,0,0,0,2,0,2,11,7,4
KNOX COUNTY,275,65 Years,33,20,13,23,13,10,2,1,1,0,0,0,0,0,0,8,6,2
KNOX COUNTY,275,66 Years,49,26,23,39,22,17,2,0,2,0,0,0,0,0,0,8,4,4
KNOX COUNTY,275,67 Years,34,20,14,26,15,11,2,1,1,0,0,0,1,1,0,5,3,2
KNOX COUNTY,275,68 Years,37,20,17,27,14,13,3,1,2,0,0,0,1,1,0,6,4,2
KNOX COUNTY,275,69 Years,32,15,17,26,13,13,2,1,1,0,0,0,0,0,0,4,1,3
KNOX COUNTY,275,70 Years,33,17,16,22,11,11,3,1,2,0,0,0,0,0,0,8,5,3
KNOX COUNTY,275,71 Years,39,17,22,30,15,15,2,0,2,1,0,1,1,1,0,5,1,4
KNOX COUNTY,275,72 Years,36,22,14,28,17,11,0,0,0,0,0,0,1,1,0,7,4,3
KNOX COUNTY,275,73 Years,34,17,17,27,14,13,2,0,2,0,0,0,1,1,0,4,2,2
KNOX COUNTY,275,74 Years,40,16,24,27,12,15,3,0,3,0,0,0,1,1,0,9,3,6
KNOX COUNTY,275,75 Years,29,11,18,22,9,13,2,1,1,0,0,0,1,0,1,4,1,3
KNOX COUNTY,275,76 Years,26,13,13,23,12,11,1,1,0,0,0,0,0,0,0,2,0,2
KNOX COUNTY,275,77 Years,25,14,11,22,13,9,1,1,0,0,0,0,0,0,0,2,0,2
KNOX COUNTY,275,78 Years,27,11,16,21,9,12,0,0,0,0,0,0,0,0,0,6,2,4
KNOX COUNTY,275,79 Years,26,12,14,18,8,10,0,0,0,0,0,0,0,0,0,8,4,4
KNOX COUNTY,275,80 Years,29,11,18,22,7,15,0,0,0,0,0,0,1,1,0,6,3,3
KNOX COUNTY,275,81 Years,29,12,17,22,7,15,1,1,0,0,0,0,0,0,0,6,4,2
KNOX COUNTY,275,82 Years,28,10,18,21,6,15,2,2,0,0,0,0,0,0,0,5,2,3
KNOX COUNTY,275,83 Years,24,8,16,16,4,12,2,1,1,0,0,0,0,0,0,6,3,3
KNOX COUNTY,275,84 Years,20,7,13,15,6,9,1,0,1,0,0,0,0,0,0,4,1,3
KNOX COUNTY,275,85 Years,17,6,11,13,5,8,0,0,0,0,0,0,1,0,1,3,1,2
KNOX COUNTY,275,86 Years,14,6,8,10,3,7,1,1,0,0,0,0,0,0,0,3,2,1
KNOX COUNTY,275,87 Years,17,7,10,11,5,6,3,1,2,0,0,0,0,0,0,3,1,2
KNOX COUNTY,275,88 Years,13,6,7,8,4,4,1,0,1,0,0,0,1,1,0,3,1,2
KNOX COUNTY,275,89 Years,17,7,10,12,6,6,1,0,1,0,0,0,1,1,0,3,0,3
KNOX COUNTY,275,90 Years,12,6,6,8,3,5,0,0,0,0,0,0,1,1,0,3,2,1
KNOX COUNTY,275,91 Years,10,3,7,7,1,6,0,0,0,0,0,0,0,0,0,3,2,1
KNOX COUNTY,275,92 Years,9,2,7,5,1,4,1,0,1,0,0,0,0,0,0,3,1,2
KNOX COUNTY,275,93 Years,8,4,4,6,2,4,0,0,0,0,0,0,0,0,0,2,2,0
KNOX COUNTY,275,94 Years,5,2,3,4,1,3,0,0,0,0,0,0,0,0,0,1,1,0
KNOX COUNTY,275,95 Years +,17,5,12,12,3,9,2,0,2,0,0,0,0,0,0,3,2,1
LAMAR COUNTY,277,All Ages,50485,24465,26020,37380,18031,19349,6404,3032,3372,327,137,190,2287,1097,1190,4087,2168,1919
LAMAR COUNTY,277,< 1 Year,600,316,284,358,188,170,77,42,35,2,1,1,79,39,40,84,46,38
LAMAR COUNTY,277,1 Years,612,311,301,366,182,184,76,41,35,2,1,1,76,39,37,92,48,44
LAMAR COUNTY,277,2 Years,634,315,319,393,194,199,83,43,40,2,0,2,66,33,33,90,45,45
LAMAR COUNTY,277,3 Years,669,329,340,418,202,216,95,49,46,3,1,2,59,30,29,94,47,47
LAMAR COUNTY,277,4 Years,666,334,332,416,201,215,94,51,43,3,1,2,61,31,30,92,50,42
LAMAR COUNTY,277,5 Years,659,330,329,402,195,207,93,50,43,2,1,1,64,30,34,98,54,44
LAMAR COUNTY,277,6 Years,640,332,308,389,191,198,83,47,36,3,2,1,68,36,32,97,56,41
LAMAR COUNTY,277,7 Years,644,335,309,396,196,200,91,53,38,1,0,1,58,30,28,98,56,42
LAMAR COUNTY,277,8 Years,609,304,305,386,195,191,83,45,38,2,0,2,50,22,28,88,42,46
LAMAR COUNTY,277,9 Years,658,328,330,400,194,206,103,57,46,2,2,0,53,27,26,100,48,52
LAMAR COUNTY,277,10 Years,666,344,322,410,201,209,99,60,39,2,1,1,48,28,20,107,54,53
LAMAR COUNTY,277,11 Years,646,327,319,401,206,195,100,55,45,3,0,3,50,26,24,92,40,52
LAMAR COUNTY,277,12 Years,636,317,319,400,200,200,91,50,41,4,0,4,37,20,17,104,47,57
LAMAR COUNTY,277,13 Years,668,331,337,434,215,219,85,37,48,5,1,4,41,20,21,103,58,45
LAMAR COUNTY,277,14 Years,619,315,304,398,202,196,93,50,43,4,2,2,35,17,18,89,44,45
LAMAR COUNTY,277,15 Years,629,317,312,414,206,208,87,42,45,4,2,2,33,16,17,91,51,40
LAMAR COUNTY,277,16 Years,585,296,289,381,196,185,92,43,49,9,4,5,28,13,15,75,40,35
LAMAR COUNTY,277,17 Years,630,337,293,418,226,192,84,44,40,8,7,1,27,12,15,93,48,45
LAMAR COUNTY,277,18 Years,605,312,293,403,205,198,83,47,36,3,2,1,29,15,14,87,43,44
LAMAR COUNTY,277,19 Years,543,272,271,354,176,178,75,38,37,6,3,3,37,19,18,71,36,35
LAMAR COUNTY,277,20 Years,520,263,257,335,165,170,83,43,40,7,3,4,26,13,13,69,39,30
LAMAR COUNTY,277,21 Years,531,271,260,345,176,169,91,48,43,6,3,3,30,14,16,59,30,29
LAMAR COUNTY,277,22 Years,549,279,270,358,178,180,82,48,34,4,1,3,43,20,23,62,32,30
LAMAR COUNTY,277,23 Years,558,283,275,368,175,193,92,54,38,2,1,1,33,17,16,63,36,27
LAMAR COUNTY,277,24 Years,600,306,294,405,198,207,88,45,43,4,3,1,36,17,19,67,43,24
LAMAR COUNTY,277,25 Years,604,333,271,417,232,185,95,47,48,4,2,2,31,18,13,57,34,23
LAMAR COUNTY,277,26 Years,679,360,319,480,261,219,109,55,54,4,2,2,32,13,19,54,29,25
LAMAR COUNTY,277,27 Years,746,354,392,518,258,260,120,51,69,5,4,1,38,11,27,65,30,35
LAMAR COUNTY,277,28 Years,779,379,400,543,263,280,128,57,71,2,2,0,42,19,23,64,38,26
LAMAR COUNTY,277,29 Years,702,326,376,521,243,278,100,45,55,2,1,1,30,14,16,49,23,26
LAMAR COUNTY,277,30 Years,661,318,343,482,240,242,91,41,50,4,2,2,29,10,19,55,25,30
LAMAR COUNTY,277,31 Years,642,317,325,471,230,241,74,35,39,6,3,3,28,14,14,63,35,28
LAMAR COUNTY,277,32 Years,612,303,309,435,213,222,86,42,44,9,7,2,22,12,10,60,29,31
LAMAR COUNTY,277,33 Years,588,295,293,426,216,210,82,38,44,3,2,1,20,12,8,57,27,30
LAMAR COUNTY,277,34 Years,557,277,280,403,206,197,78,36,42,1,0,1,22,11,11,53,24,29
LAMAR COUNTY,277,35 Years,576,270,306,415,196,219,83,37,46,2,1,1,23,9,14,53,27,26
LAMAR COUNTY,277,36 Years,547,252,295,399,184,215,72,32,40,3,0,3,18,7,11,55,29,26
LAMAR COUNTY,277,37 Years,533,260,273,396,192,204,59,23,36,4,2,2,23,13,10,51,30,21
LAMAR COUNTY,277,38 Years,561,270,291,406,198,208,71,30,41,5,2,3,17,8,9,62,32,30
LAMAR COUNTY,277,39 Years,534,253,281,387,182,205,78,35,43,5,4,1,18,10,8,46,22,24
LAMAR COUNTY,277,40 Years,508,244,264,359,170,189,68,28,40,9,3,6,15,8,7,57,35,22
LAMAR COUNTY,277,41 Years,526,261,265,365,184,181,73,27,46,6,1,5,21,12,9,61,37,24
LAMAR COUNTY,277,42 Years,523,259,264,382,197,185,69,29,40,2,1,1,24,11,13,46,21,25
LAMAR COUNTY,277,43 Years,555,271,284,395,195,200,78,31,47,4,2,2,21,8,13,57,35,22
LAMAR COUNTY,277,44 Years,533,261,272,399,189,210,72,36,36,5,3,2,14,9,5,43,24,19
LAMAR COUNTY,277,45 Years,537,248,289,384,178,206,79,32,47,6,1,5,18,10,8,50,27,23
LAMAR COUNTY,277,46 Years,580,276,304,433,209,224,87,35,52,5,2,3,14,7,7,41,23,18
LAMAR COUNTY,277,47 Years,634,298,336,484,230,254,91,37,54,9,4,5,15,7,8,35,20,15
LAMAR COUNTY,277,48 Years,679,317,362,521,245,276,87,38,49,9,3,6,19,8,11,43,23,20
LAMAR COUNTY,277,49 Years,676,327,349,513,247,266,92,39,53,5,2,3,21,8,13,45,31,14
LAMAR COUNTY,277,50 Years,655,323,332,492,247,245,92,39,53,6,3,3,21,8,13,44,26,18
LAMAR COUNTY,277,51 Years,637,313,324,483,238,245,88,39,49,3,1,2,27,11,16,36,24,12
LAMAR COUNTY,277,52 Years,613,300,313,475,233,242,84,41,43,7,3,4,21,8,13,26,15,11
LAMAR COUNTY,277,53 Years,650,325,325,512,265,247,86,41,45,6,2,4,18,6,12,28,11,17
LAMAR COUNTY,277,54 Years,687,328,359,548,272,276,95,38,57,6,2,4,16,8,8,22,8,14
LAMAR COUNTY,277,55 Years,684,323,361,551,264,287,88,40,48,5,2,3,18,7,11,22,10,12
LAMAR COUNTY,277,56 Years,681,325,356,552,265,287,78,34,44,4,2,2,24,10,14,23,14,9
LAMAR COUNTY,277,57 Years,654,313,341,528,255,273,83,38,45,4,1,3,16,9,7,23,10,13
LAMAR COUNTY,277,58 Years,693,327,366,553,259,294,90,44,46,2,0,2,27,14,13,21,10,11
LAMAR COUNTY,277,59 Years,647,314,333,502,247,255,91,39,52,3,1,2,20,11,9,31,16,15
LAMAR COUNTY,277,60 Years,701,344,357,557,275,282,86,37,49,7,4,3,23,12,11,28,16,12
LAMAR COUNTY,277,61 Years,681,321,360,545,257,288,88,37,51,7,3,4,21,10,11,20,14,6
LAMAR COUNTY,277,62 Years,654,320,334,535,263,272,82,38,44,2,1,1,19,7,12,16,11,5
LAMAR COUNTY,277,63 Years,656,325,331,520,260,260,92,43,49,4,2,2,20,7,13,20,13,7
LAMAR COUNTY,277,64 Years,603,298,305,484,245,239,81,33,48,3,1,2,16,9,7,19,10,9
LAMAR COUNTY,277,65 Years,588,288,300,486,239,247,61,29,32,5,1,4,20,9,11,16,10,6
LAMAR COUNTY,277,66 Years,606,278,328,509,230,279,64,27,37,2,1,1,13,6,7,18,14,4
LAMAR COUNTY,277,67 Years,612,291,321,511,245,266,66,29,37,2,0,2,18,10,8,15,7,8
LAMAR COUNTY,277,68 Years,634,306,328,536,254,282,52,28,24,3,1,2,21,10,11,22,13,9
LAMAR COUNTY,277,69 Years,649,293,356,557,254,303,49,21,28,5,1,4,22,8,14,16,9,7
LAMAR COUNTY,277,70 Years,563,262,301,488,225,263,44,21,23,4,2,2,15,7,8,12,7,5
LAMAR COUNTY,277,71 Years,595,286,309,524,251,273,41,22,19,4,1,3,13,5,8,13,7,6
LAMAR COUNTY,277,72 Years,504,240,264,442,209,233,36,19,17,3,1,2,11,5,6,12,6,6
LAMAR COUNTY,277,73 Years,497,229,268,443,206,237,36,15,21,2,0,2,9,5,4,7,3,4
LAMAR COUNTY,277,74 Years,500,222,278,440,197,243,35,14,21,2,0,2,12,7,5,11,4,7
LAMAR COUNTY,277,75 Years,466,211,255,417,193,224,29,9,20,0,0,0,11,5,6,9,4,5
LAMAR COUNTY,277,76 Years,418,200,218,377,181,196,23,8,15,1,1,0,9,5,4,8,5,3
LAMAR COUNTY,277,77 Years,382,168,214,348,150,198,21,10,11,1,1,0,7,3,4,5,4,1
LAMAR COUNTY,277,78 Years,356,146,210,327,134,193,17,7,10,2,0,2,4,2,2,6,3,3
LAMAR COUNTY,277,79 Years,321,140,181,288,130,158,22,6,16,2,0,2,5,1,4,4,3,1
LAMAR COUNTY,277,80 Years,310,140,170,285,133,152,15,4,11,2,0,2,5,2,3,3,1,2
LAMAR COUNTY,277,81 Years,280,120,160,252,111,141,19,7,12,2,0,2,4,1,3,3,1,2
LAMAR COUNTY,277,82 Years,233,97,136,210,89,121,14,5,9,0,0,0,7,2,5,2,1,1
LAMAR COUNTY,277,83 Years,230,96,134,206,88,118,14,4,10,0,0,0,7,2,5,3,2,1
LAMAR COUNTY,277,84 Years,218,93,125,193,82,111,14,6,8,1,0,1,5,3,2,5,2,3
LAMAR COUNTY,277,85 Years,182,72,110,157,63,94,20,7,13,0,0,0,2,1,1,3,1,2
LAMAR COUNTY,277,86 Years,170,67,103,153,60,93,13,5,8,0,0,0,2,1,1,2,1,1
LAMAR COUNTY,277,87 Years,149,55,94,131,48,83,10,4,6,1,0,1,4,1,3,3,2,1
LAMAR COUNTY,277,88 Years,124,52,72,110,45,65,9,4,5,1,1,0,1,1,0,3,1,2
LAMAR COUNTY,277,89 Years,107,42,65,95,36,59,8,3,5,0,0,0,2,2,0,2,1,1
LAMAR COUNTY,277,90 Years,87,30,57,76,24,52,8,4,4,0,0,0,3,2,1,0,0,0
LAMAR COUNTY,277,91 Years,91,30,61,77,26,51,9,3,6,1,0,1,2,1,1,2,0,2
LAMAR COUNTY,277,92 Years,66,22,44,56,18,38,6,3,3,0,0,0,1,0,1,3,1,2
LAMAR COUNTY,277,93 Years,51,15,36,42,13,29,5,2,3,0,0,0,1,0,1,3,0,3
LAMAR COUNTY,277,94 Years,44,13,31,36,10,26,4,2,2,0,0,0,1,0,1,3,1,2
LAMAR COUNTY,277,95 Years +,108,29,79,89,21,68,11,5,6,0,0,0,1,0,1,7,3,4
LAMB COUNTY,279,All Ages,12862,6349,6513,4954,2352,2602,588,302,286,22,9,13,246,113,133,7052,3573,3479
LAMB COUNTY,279,< 1 Year,181,93,88,45,19,26,8,4,4,2,1,1,12,6,6,114,63,51
LAMB COUNTY,279,1 Years,187,98,89,47,23,24,7,4,3,1,1,0,11,7,4,121,63,58
LAMB COUNTY,279,2 Years,189,102,87,41,24,17,9,5,4,1,1,0,13,8,5,125,64,61
LAMB COUNTY,279,3 Years,196,100,96,43,25,18,9,6,3,0,0,0,13,7,6,131,62,69
LAMB COUNTY,279,4 Years,193,100,93,43,21,22,10,7,3,1,1,0,18,11,7,121,60,61
LAMB COUNTY,279,5 Years,185,93,92,44,21,23,10,6,4,0,0,0,16,8,8,115,58,57
LAMB COUNTY,279,6 Years,189,97,92,48,23,25,8,4,4,0,0,0,14,9,5,119,61,58
LAMB COUNTY,279,7 Years,191,93,98,50,23,27,7,4,3,0,0,0,8,4,4,126,62,64
LAMB COUNTY,279,8 Years,210,112,98,52,33,19,7,4,3,0,0,0,5,2,3,146,73,73
LAMB COUNTY,279,9 Years,192,99,93,45,22,23,7,2,5,1,1,0,6,3,3,133,71,62
LAMB COUNTY,279,10 Years,177,89,88,41,17,24,10,4,6,0,0,0,3,0,3,123,68,55
LAMB COUNTY,279,11 Years,190,97,93,48,23,25,9,5,4,0,0,0,4,1,3,129,68,61
LAMB COUNTY,279,12 Years,184,92,92,43,17,26,9,7,2,0,0,0,4,2,2,128,66,62
LAMB COUNTY,279,13 Years,183,88,95,41,18,23,10,6,4,0,0,0,4,1,3,128,63,65
LAMB COUNTY,279,14 Years,180,86,94,42,18,24,9,5,4,0,0,0,3,2,1,126,61,65
LAMB COUNTY,279,15 Years,180,99,81,42,22,20,10,6,4,0,0,0,3,1,2,125,70,55
LAMB COUNTY,279,16 Years,182,97,85,44,23,21,13,7,6,0,0,0,3,0,3,122,67,55
LAMB COUNTY,279,17 Years,171,85,86,48,23,25,11,6,5,0,0,0,3,0,3,109,56,53
LAMB COUNTY,279,18 Years,164,81,83,48,22,26,6,2,4,0,0,0,3,0,3,107,57,50
LAMB COUNTY,279,19 Years,145,72,73,42,17,25,8,4,4,0,0,0,4,2,2,91,49,42
LAMB COUNTY,279,20 Years,135,70,65,39,21,18,8,4,4,0,0,0,2,1,1,86,44,42
LAMB COUNTY,279,21 Years,137,71,66,42,25,17,9,4,5,0,0,0,2,1,1,84,41,43
LAMB COUNTY,279,22 Years,136,71,65,41,22,19,5,3,2,0,0,0,1,0,1,89,46,43
LAMB COUNTY,279,23 Years,148,77,71,45,21,24,5,4,1,0,0,0,2,1,1,96,51,45
LAMB COUNTY,279,24 Years,170,89,81,56,31,25,8,3,5,0,0,0,2,1,1,104,54,50
LAMB COUNTY,279,25 Years,167,87,80,55,29,26,7,3,4,0,0,0,2,1,1,103,54,49
LAMB COUNTY,279,26 Years,174,84,90,56,27,29,8,3,5,0,0,0,2,0,2,108,54,54
LAMB COUNTY,279,27 Years,152,79,73,47,23,24,6,3,3,1,0,1,1,0,1,97,53,44
LAMB COUNTY,279,28 Years,162,82,80,49,25,24,5,3,2,0,0,0,1,0,1,107,54,53
LAMB COUNTY,279,29 Years,154,83,71,49,26,23,2,1,1,0,0,0,1,0,1,102,56,46
LAMB COUNTY,279,30 Years,165,84,81,52,27,25,7,6,1,0,0,0,2,0,2,104,51,53
LAMB COUNTY,279,31 Years,146,71,75,33,16,17,5,3,2,0,0,0,2,1,1,106,51,55
LAMB COUNTY,279,32 Years,143,74,69,41,22,19,5,3,2,0,0,0,1,0,1,96,49,47
LAMB COUNTY,279,33 Years,140,58,82,40,18,22,7,4,3,1,1,0,1,1,0,91,34,57
LAMB COUNTY,279,34 Years,150,69,81,45,25,20,7,3,4,0,0,0,0,0,0,98,41,57
LAMB COUNTY,279,35 Years,173,80,93,66,28,38,6,1,5,0,0,0,1,1,0,100,50,50
LAMB COUNTY,279,36 Years,153,81,72,48,24,24,8,5,3,0,0,0,1,1,0,96,51,45
LAMB COUNTY,279,37 Years,155,82,73,46,21,25,8,5,3,0,0,0,1,0,1,100,56,44
LAMB COUNTY,279,38 Years,169,83,86,51,21,30,8,4,4,0,0,0,1,0,1,109,58,51
LAMB COUNTY,279,39 Years,156,71,85,49,19,30,8,3,5,0,0,0,2,0,2,97,49,48
LAMB COUNTY,279,40 Years,155,71,84,43,16,27,9,4,5,1,0,1,2,1,1,100,50,50
LAMB COUNTY,279,41 Years,153,81,72,54,27,27,5,1,4,0,0,0,1,1,0,93,52,41
LAMB COUNTY,279,42 Years,134,70,64,44,20,24,6,1,5,0,0,0,1,1,0,83,48,35
LAMB COUNTY,279,43 Years,142,71,71,43,19,24,6,2,4,0,0,0,1,1,0,92,49,43
LAMB COUNTY,279,44 Years,122,54,68,43,16,27,6,3,3,0,0,0,1,0,1,72,35,37
LAMB COUNTY,279,45 Years,127,62,65,48,19,29,1,0,1,0,0,0,1,0,1,77,43,34
LAMB COUNTY,279,46 Years,109,50,59,36,17,19,3,0,3,0,0,0,0,0,0,70,33,37
LAMB COUNTY,279,47 Years,127,61,66,43,17,26,3,2,1,0,0,0,1,0,1,80,42,38
LAMB COUNTY,279,48 Years,154,83,71,49,22,27,5,3,2,0,0,0,1,1,0,99,57,42
LAMB COUNTY,279,49 Years,148,74,74,47,24,23,7,4,3,0,0,0,1,1,0,93,45,48
LAMB COUNTY,279,50 Years,151,79,72,53,27,26,5,3,2,1,0,1,2,1,1,90,48,42
LAMB COUNTY,279,51 Years,151,84,67,66,36,30,7,5,2,0,0,0,1,1,0,77,42,35
LAMB COUNTY,279,52 Years,148,76,72,59,34,25,4,1,3,0,0,0,0,0,0,85,41,44
LAMB COUNTY,279,53 Years,140,59,81,54,24,30,7,2,5,0,0,0,1,0,1,78,33,45
LAMB COUNTY,279,54 Years,170,85,85,71,36,35,10,8,2,1,0,1,3,0,3,85,41,44
LAMB COUNTY,279,55 Years,175,79,96,90,38,52,10,5,5,2,0,2,1,0,1,72,36,36
LAMB COUNTY,279,56 Years,164,82,82,80,36,44,10,5,5,0,0,0,1,1,0,73,40,33
LAMB COUNTY,279,57 Years,163,81,82,91,49,42,9,3,6,0,0,0,2,2,0,61,27,34
LAMB COUNTY,279,58 Years,160,73,87,99,50,49,6,3,3,1,0,1,3,1,2,51,19,32
LAMB COUNTY,279,59 Years,149,67,82,79,38,41,11,7,4,1,0,1,2,1,1,56,21,35
LAMB COUNTY,279,60 Years,155,76,79,80,41,39,12,5,7,1,0,1,4,1,3,58,29,29
LAMB COUNTY,279,61 Years,152,80,72,85,45,40,9,5,4,0,0,0,4,1,3,54,29,25
LAMB COUNTY,279,62 Years,165,87,78,84,45,39,6,4,2,2,2,0,4,1,3,69,35,34
LAMB COUNTY,279,63 Years,149,74,75,84,44,40,4,2,2,1,1,0,3,1,2,57,26,31
LAMB COUNTY,279,64 Years,157,82,75,84,43,41,5,2,3,0,0,0,3,2,1,65,35,30
LAMB COUNTY,279,65 Years,142,74,68,76,41,35,6,5,1,0,0,0,3,1,2,57,27,30
LAMB COUNTY,279,66 Years,137,73,64,78,41,37,6,3,3,0,0,0,2,1,1,51,28,23
LAMB COUNTY,279,67 Years,120,65,55,69,39,30,4,2,2,1,0,1,1,1,0,45,23,22
LAMB COUNTY,279,68 Years,118,53,65,62,29,33,3,1,2,0,0,0,1,1,0,52,22,30
LAMB COUNTY,279,69 Years,120,52,68,68,28,40,7,5,2,0,0,0,0,0,0,45,19,26
LAMB COUNTY,279,70 Years,103,47,56,54,23,31,6,4,2,0,0,0,0,0,0,43,20,23
LAMB COUNTY,279,71 Years,105,51,54,59,31,28,5,3,2,0,0,0,1,0,1,40,17,23
LAMB COUNTY,279,72 Years,110,48,62,52,25,27,8,4,4,0,0,0,1,0,1,49,19,30
LAMB COUNTY,279,73 Years,100,43,57,53,21,32,4,1,3,0,0,0,2,2,0,41,19,22
LAMB COUNTY,279,74 Years,105,50,55,64,27,37,3,3,0,0,0,0,1,1,0,37,19,18
LAMB COUNTY,279,75 Years,99,47,52,61,28,33,4,2,2,0,0,0,1,0,1,33,17,16
LAMB COUNTY,279,76 Years,99,43,56,65,25,40,3,2,1,0,0,0,1,1,0,30,15,15
LAMB COUNTY,279,77 Years,91,36,55,62,24,38,4,2,2,0,0,0,2,1,1,23,9,14
LAMB COUNTY,279,78 Years,91,41,50,63,28,35,3,1,2,0,0,0,1,0,1,24,12,12
LAMB COUNTY,279,79 Years,80,38,42,56,27,29,4,1,3,0,0,0,1,0,1,19,10,9
LAMB COUNTY,279,80 Years,79,34,45,56,24,32,5,2,3,0,0,0,1,1,0,17,7,10
LAMB COUNTY,279,81 Years,67,28,39,47,16,31,2,1,1,0,0,0,0,0,0,18,11,7
LAMB COUNTY,279,82 Years,73,31,42,53,23,30,3,0,3,0,0,0,0,0,0,17,8,9
LAMB COUNTY,279,83 Years,77,31,46,60,24,36,1,0,1,0,0,0,1,0,1,15,7,8
LAMB COUNTY,279,84 Years,74,32,42,56,23,33,3,2,1,0,0,0,1,0,1,14,7,7
LAMB COUNTY,279,85 Years,57,27,30,43,20,23,2,1,1,0,0,0,1,0,1,11,6,5
LAMB COUNTY,279,86 Years,55,21,34,41,15,26,2,0,2,0,0,0,1,0,1,11,6,5
LAMB COUNTY,279,87 Years,54,23,31,42,17,25,3,1,2,0,0,0,0,0,0,9,5,4
LAMB COUNTY,279,88 Years,49,21,28,36,14,22,4,2,2,1,0,1,0,0,0,8,5,3
LAMB COUNTY,279,89 Years,40,18,22,27,11,16,4,2,2,0,0,0,1,1,0,8,4,4
LAMB COUNTY,279,90 Years,31,15,16,20,10,10,4,2,2,0,0,0,0,0,0,7,3,4
LAMB COUNTY,279,91 Years,23,12,11,15,7,8,1,1,0,0,0,0,0,0,0,7,4,3
LAMB COUNTY,279,92 Years,22,10,12,15,7,8,1,0,1,0,0,0,0,0,0,6,3,3
LAMB COUNTY,279,93 Years,19,8,11,14,6,8,2,1,1,0,0,0,0,0,0,3,1,2
LAMB COUNTY,279,94 Years,13,5,8,8,3,5,2,1,1,0,0,0,0,0,0,3,1,2
LAMB COUNTY,279,95 Years +,35,12,23,23,7,16,4,1,3,1,0,1,0,0,0,7,4,3
LAMPASAS COUNTY,281,All Ages,21194,10386,10808,15137,7320,7817,648,329,319,216,72,144,872,423,449,4321,2242,2079
LAMPASAS COUNTY,281,< 1 Year,218,116,102,121,64,57,5,2,3,5,4,1,25,17,8,62,29,33
LAMPASAS COUNTY,281,1 Years,222,116,106,122,65,57,6,3,3,5,3,2,26,16,10,63,29,34
LAMPASAS COUNTY,281,2 Years,227,113,114,128,64,64,4,1,3,4,3,1,26,15,11,65,30,35
LAMPASAS COUNTY,281,3 Years,244,123,121,135,70,65,5,3,2,4,3,1,31,13,18,69,34,35
LAMPASAS COUNTY,281,4 Years,254,133,121,141,74,67,6,4,2,3,2,1,25,14,11,79,39,40
LAMPASAS COUNTY,281,5 Years,257,130,127,146,76,70,6,3,3,4,2,2,27,13,14,74,36,38
LAMPASAS COUNTY,281,6 Years,248,125,123,144,75,69,4,1,3,3,2,1,21,8,13,76,39,37
LAMPASAS COUNTY,281,7 Years,246,123,123,140,71,69,4,1,3,2,1,1,20,11,9,80,39,41
LAMPASAS COUNTY,281,8 Years,258,138,120,139,78,61,3,2,1,2,2,0,23,7,16,91,49,42
LAMPASAS COUNTY,281,9 Years,263,131,132,165,81,84,5,2,3,2,1,1,14,8,6,77,39,38
LAMPASAS COUNTY,281,10 Years,266,131,135,162,75,87,4,2,2,0,0,0,19,10,9,81,44,37
LAMPASAS COUNTY,281,11 Years,279,130,149,173,81,92,5,4,1,0,0,0,19,10,9,82,35,47
LAMPASAS COUNTY,281,12 Years,271,121,150,156,70,86,2,1,1,1,1,0,12,6,6,100,43,57
LAMPASAS COUNTY,281,13 Years,278,136,142,174,85,89,6,4,2,1,1,0,14,8,6,83,38,45
LAMPASAS COUNTY,281,14 Years,257,132,125,176,95,81,5,3,2,3,2,1,12,5,7,61,27,34
LAMPASAS COUNTY,281,15 Years,281,152,129,178,94,84,5,2,3,3,2,1,12,7,5,83,47,36
LAMPASAS COUNTY,281,16 Years,263,136,127,165,88,77,4,2,2,1,0,1,16,9,7,77,37,40
LAMPASAS COUNTY,281,17 Years,240,121,119,160,85,75,2,1,1,2,1,1,12,6,6,64,28,36
LAMPASAS COUNTY,281,18 Years,239,130,109,149,80,69,4,2,2,4,2,2,16,6,10,66,40,26
LAMPASAS COUNTY,281,19 Years,212,118,94,124,69,55,7,5,2,3,2,1,15,7,8,63,35,28
LAMPASAS COUNTY,281,20 Years,195,100,95,118,65,53,9,3,6,3,0,3,11,4,7,54,28,26
LAMPASAS COUNTY,281,21 Years,217,104,113,131,61,70,6,2,4,2,1,1,16,9,7,62,31,31
LAMPASAS COUNTY,281,22 Years,227,117,110,131,69,62,15,4,11,3,2,1,12,8,4,66,34,32
LAMPASAS COUNTY,281,23 Years,258,119,139,154,73,81,19,4,15,2,0,2,14,6,8,69,36,33
LAMPASAS COUNTY,281,24 Years,256,141,115,152,82,70,15,7,8,2,1,1,14,10,4,73,41,32
LAMPASAS COUNTY,281,25 Years,265,131,134,160,75,85,24,10,14,1,0,1,12,7,5,68,39,29
LAMPASAS COUNTY,281,26 Years,281,157,124,167,85,82,13,6,7,3,2,1,15,8,7,83,56,27
LAMPASAS COUNTY,281,27 Years,273,151,122,157,78,79,9,7,2,2,0,2,14,9,5,91,57,34
LAMPASAS COUNTY,281,28 Years,244,129,115,158,78,80,13,4,9,0,0,0,4,2,2,69,45,24
LAMPASAS COUNTY,281,29 Years,237,113,124,162,69,93,8,3,5,1,1,0,2,1,1,64,39,25
LAMPASAS COUNTY,281,30 Years,243,127,116,154,72,82,4,4,0,1,1,0,6,3,3,78,47,31
LAMPASAS COUNTY,281,31 Years,254,123,131,156,75,81,6,4,2,1,0,1,14,4,10,77,40,37
LAMPASAS COUNTY,281,32 Years,263,142,121,165,83,82,6,3,3,1,1,0,9,3,6,82,52,30
LAMPASAS COUNTY,281,33 Years,241,105,136,171,68,103,6,2,4,1,0,1,6,2,4,57,33,24
LAMPASAS COUNTY,281,34 Years,231,113,118,160,71,89,6,4,2,1,1,0,5,1,4,59,36,23
LAMPASAS COUNTY,281,35 Years,247,135,112,169,87,82,2,1,1,1,1,0,6,2,4,69,44,25
LAMPASAS COUNTY,281,36 Years,268,134,134,197,97,100,4,2,2,0,0,0,3,1,2,64,34,30
LAMPASAS COUNTY,281,37 Years,248,122,126,198,94,104,4,1,3,1,0,1,3,1,2,42,26,16
LAMPASAS COUNTY,281,38 Years,247,120,127,188,92,96,2,1,1,2,1,1,7,3,4,48,23,25
LAMPASAS COUNTY,281,39 Years,222,109,113,163,78,85,3,3,0,1,1,0,10,5,5,45,22,23
LAMPASAS COUNTY,281,40 Years,236,113,123,172,82,90,4,1,3,2,0,2,8,3,5,50,27,23
LAMPASAS COUNTY,281,41 Years,234,117,117,173,85,88,3,2,1,2,0,2,8,5,3,48,25,23
LAMPASAS COUNTY,281,42 Years,222,111,111,166,82,84,5,3,2,3,0,3,8,6,2,40,20,20
LAMPASAS COUNTY,281,43 Years,233,107,126,171,82,89,6,3,3,3,0,3,10,4,6,43,18,25
LAMPASAS COUNTY,281,44 Years,252,123,129,189,86,103,7,6,1,3,2,1,9,4,5,44,25,19
LAMPASAS COUNTY,281,45 Years,247,122,125,185,89,96,8,6,2,2,1,1,8,5,3,44,21,23
LAMPASAS COUNTY,281,46 Years,240,117,123,174,81,93,8,5,3,3,2,1,9,5,4,46,24,22
LAMPASAS COUNTY,281,47 Years,256,112,144,190,84,106,12,6,6,3,0,3,9,4,5,42,18,24
LAMPASAS COUNTY,281,48 Years,283,131,152,218,104,114,10,5,5,4,3,1,6,3,3,45,16,29
LAMPASAS COUNTY,281,49 Years,274,130,144,204,100,104,9,5,4,2,1,1,9,3,6,50,21,29
LAMPASAS COUNTY,281,50 Years,247,122,125,176,90,86,11,6,5,1,0,1,9,3,6,50,23,27
LAMPASAS COUNTY,281,51 Years,264,119,145,195,91,104,11,4,7,1,0,1,13,6,7,44,18,26
LAMPASAS COUNTY,281,52 Years,270,121,149,195,83,112,18,12,6,1,0,1,8,5,3,48,21,27
LAMPASAS COUNTY,281,53 Years,310,151,159,233,114,119,17,9,8,2,0,2,6,2,4,52,26,26
LAMPASAS COUNTY,281,54 Years,326,167,159,260,133,127,15,10,5,3,1,2,5,2,3,43,21,22
LAMPASAS COUNTY,281,55 Years,286,137,149,225,105,120,8,6,2,3,3,0,7,3,4,43,20,23
LAMPASAS COUNTY,281,56 Years,310,165,145,230,114,116,11,8,3,1,1,0,10,5,5,58,37,21
LAMPASAS COUNTY,281,57 Years,312,156,156,256,124,132,8,5,3,5,1,4,7,5,2,36,21,15
LAMPASAS COUNTY,281,58 Years,280,137,143,228,111,117,8,4,4,4,1,3,7,5,2,33,16,17
LAMPASAS COUNTY,281,59 Years,315,141,174,254,113,141,11,5,6,6,0,6,7,3,4,37,20,17
LAMPASAS COUNTY,281,60 Years,303,140,163,244,109,135,15,8,7,4,0,4,5,2,3,35,21,14
LAMPASAS COUNTY,281,61 Years,296,153,143,236,123,113,12,4,8,2,0,2,7,3,4,39,23,16
LAMPASAS COUNTY,281,62 Years,307,142,165,243,106,137,13,6,7,3,0,3,9,4,5,39,26,13
LAMPASAS COUNTY,281,63 Years,313,139,174,249,113,136,14,5,9,7,1,6,8,3,5,35,17,18
LAMPASAS COUNTY,281,64 Years,278,119,159,232,101,131,6,2,4,2,0,2,7,3,4,31,13,18
LAMPASAS COUNTY,281,65 Years,291,138,153,236,114,122,12,8,4,5,1,4,4,1,3,34,14,20
LAMPASAS COUNTY,281,66 Years,275,130,145,221,105,116,11,6,5,3,0,3,8,1,7,32,18,14
LAMPASAS COUNTY,281,67 Years,264,114,150,209,92,117,7,4,3,7,1,6,11,5,6,30,12,18
LAMPASAS COUNTY,281,68 Years,280,133,147,232,111,121,8,2,6,6,1,5,9,7,2,25,12,13
LAMPASAS COUNTY,281,69 Years,261,118,143,217,98,119,9,4,5,1,0,1,9,4,5,25,12,13
LAMPASAS COUNTY,281,70 Years,277,137,140,230,118,112,9,5,4,3,0,3,8,3,5,27,11,16
LAMPASAS COUNTY,281,71 Years,257,133,124,218,112,106,8,4,4,2,0,2,4,2,2,25,15,10
LAMPASAS COUNTY,281,72 Years,205,111,94,178,94,84,8,6,2,2,0,2,1,0,1,16,11,5
LAMPASAS COUNTY,281,73 Years,198,99,99,165,84,81,6,3,3,2,0,2,7,3,4,18,9,9
LAMPASAS COUNTY,281,74 Years,204,97,107,177,87,90,6,3,3,6,1,5,4,2,2,11,4,7
LAMPASAS COUNTY,281,75 Years,204,98,106,176,84,92,10,6,4,3,1,2,3,0,3,12,7,5
LAMPASAS COUNTY,281,76 Years,188,92,96,156,75,81,9,6,3,2,0,2,2,1,1,19,10,9
LAMPASAS COUNTY,281,77 Years,160,74,86,137,64,73,5,2,3,3,1,2,0,0,0,15,7,8
LAMPASAS COUNTY,281,78 Years,143,75,68,118,60,58,2,2,0,2,1,1,1,0,1,20,12,8
LAMPASAS COUNTY,281,79 Years,139,65,74,118,57,61,1,1,0,4,0,4,4,2,2,12,5,7
LAMPASAS COUNTY,281,80 Years,117,49,68,100,42,58,2,1,1,1,0,1,7,2,5,7,4,3
LAMPASAS COUNTY,281,81 Years,109,53,56,93,43,50,2,2,0,0,0,0,4,2,2,10,6,4
LAMPASAS COUNTY,281,82 Years,118,51,67,99,44,55,4,2,2,0,0,0,1,0,1,14,5,9
LAMPASAS COUNTY,281,83 Years,100,47,53,84,41,43,3,1,2,1,0,1,3,1,2,9,4,5
LAMPASAS COUNTY,281,84 Years,71,26,45,59,22,37,1,0,1,0,0,0,3,2,1,8,2,6
LAMPASAS COUNTY,281,85 Years,69,33,36,57,29,28,1,0,1,1,0,1,2,1,1,8,3,5
LAMPASAS COUNTY,281,86 Years,70,34,36,58,29,29,1,1,0,1,0,1,1,1,0,9,3,6
LAMPASAS COUNTY,281,87 Years,54,28,26,46,25,21,0,0,0,2,0,2,0,0,0,6,3,3
LAMPASAS COUNTY,281,88 Years,54,25,29,46,21,25,0,0,0,0,0,0,3,1,2,5,3,2
LAMPASAS COUNTY,281,89 Years,50,22,28,39,17,22,1,1,0,0,0,0,2,1,1,8,3,5
LAMPASAS COUNTY,281,90 Years,44,17,27,35,15,20,1,0,1,3,1,2,0,0,0,5,1,4
LAMPASAS COUNTY,281,91 Years,39,14,25,34,12,22,0,0,0,1,0,1,1,0,1,3,2,1
LAMPASAS COUNTY,281,92 Years,30,10,20,24,8,16,0,0,0,0,0,0,1,0,1,5,2,3
LAMPASAS COUNTY,281,93 Years,21,6,15,18,6,12,1,0,1,0,0,0,1,0,1,1,0,1
LAMPASAS COUNTY,281,94 Years,22,5,17,16,4,12,2,0,2,1,0,1,0,0,0,3,1,2
LAMPASAS COUNTY,281,95 Years +,46,13,33,34,10,24,2,0,2,1,0,1,1,0,1,8,3,5
LA SALLE COUNTY,283,All Ages,7484,4360,3124,867,447,420,20,20,0,7,4,3,52,33,19,6538,3856,2682
LA SALLE COUNTY,283,< 1 Year,90,43,47,5,2,3,0,0,0,0,0,0,3,2,1,82,39,43
LA SALLE COUNTY,283,1 Years,86,42,44,5,3,2,0,0,0,0,0,0,1,1,0,80,38,42
LA SALLE COUNTY,283,2 Years,89,44,45,5,2,3,0,0,0,0,0,0,2,1,1,82,41,41
LA SALLE COUNTY,283,3 Years,93,48,45,6,3,3,0,0,0,0,0,0,1,1,0,86,44,42
LA SALLE COUNTY,283,4 Years,101,58,43,8,5,3,0,0,0,0,0,0,0,0,0,93,53,40
LA SALLE COUNTY,283,5 Years,99,53,46,6,4,2,0,0,0,0,0,0,2,1,1,91,48,43
LA SALLE COUNTY,283,6 Years,94,49,45,4,2,2,0,0,0,0,0,0,1,0,1,89,47,42
LA SALLE COUNTY,283,7 Years,92,49,43,5,3,2,0,0,0,0,0,0,0,0,0,87,46,41
LA SALLE COUNTY,283,8 Years,83,40,43,5,3,2,1,1,0,0,0,0,0,0,0,77,36,41
LA SALLE COUNTY,283,9 Years,76,29,47,5,2,3,0,0,0,0,0,0,1,0,1,70,27,43
LA SALLE COUNTY,283,10 Years,77,42,35,8,5,3,0,0,0,0,0,0,1,1,0,68,36,32
LA SALLE COUNTY,283,11 Years,68,41,27,6,3,3,0,0,0,0,0,0,0,0,0,62,38,24
LA SALLE COUNTY,283,12 Years,69,34,35,6,3,3,0,0,0,1,1,0,1,0,1,61,30,31
LA SALLE COUNTY,283,13 Years,68,41,27,8,5,3,0,0,0,1,1,0,0,0,0,59,35,24
LA SALLE COUNTY,283,14 Years,67,38,29,8,6,2,1,1,0,0,0,0,1,0,1,57,31,26
LA SALLE COUNTY,283,15 Years,73,35,38,6,3,3,0,0,0,0,0,0,1,0,1,66,32,34
LA SALLE COUNTY,283,16 Years,70,31,39,6,2,4,0,0,0,0,0,0,1,0,1,63,29,34
LA SALLE COUNTY,283,17 Years,79,44,35,7,6,1,0,0,0,0,0,0,0,0,0,72,38,34
LA SALLE COUNTY,283,18 Years,93,54,39,9,5,4,0,0,0,0,0,0,1,1,0,83,48,35
LA SALLE COUNTY,283,19 Years,111,71,40,7,4,3,1,1,0,0,0,0,0,0,0,103,66,37
LA SALLE COUNTY,283,20 Years,147,95,52,4,3,1,0,0,0,0,0,0,0,0,0,143,92,51
LA SALLE COUNTY,283,21 Years,207,158,49,11,8,3,0,0,0,0,0,0,1,1,0,195,149,46
LA SALLE COUNTY,283,22 Years,143,109,34,6,5,1,0,0,0,0,0,0,1,1,0,136,103,33
LA SALLE COUNTY,283,23 Years,286,224,62,7,4,3,0,0,0,0,0,0,2,2,0,277,218,59
LA SALLE COUNTY,283,24 Years,256,202,54,7,4,3,0,0,0,0,0,0,2,2,0,247,196,51
LA SALLE COUNTY,283,25 Years,214,164,50,12,8,4,0,0,0,0,0,0,3,3,0,199,153,46
LA SALLE COUNTY,283,26 Years,190,128,62,11,7,4,1,1,0,0,0,0,1,1,0,177,119,58
LA SALLE COUNTY,283,27 Years,176,131,45,11,5,6,1,1,0,0,0,0,0,0,0,164,125,39
LA SALLE COUNTY,283,28 Years,125,73,52,5,3,2,0,0,0,0,0,0,0,0,0,120,70,50
LA SALLE COUNTY,283,29 Years,158,117,41,8,6,2,1,1,0,0,0,0,1,1,0,148,109,39
LA SALLE COUNTY,283,30 Years,77,43,34,10,3,7,0,0,0,0,0,0,0,0,0,67,40,27
LA SALLE COUNTY,283,31 Years,129,85,44,6,3,3,1,1,0,0,0,0,1,1,0,121,80,41
LA SALLE COUNTY,283,32 Years,118,79,39,6,3,3,1,1,0,0,0,0,0,0,0,111,75,36
LA SALLE COUNTY,283,33 Years,120,82,38,9,5,4,0,0,0,1,1,0,0,0,0,110,76,34
LA SALLE COUNTY,283,34 Years,103,66,37,11,7,4,0,0,0,0,0,0,1,1,0,91,58,33
LA SALLE COUNTY,283,35 Years,82,48,34,6,2,4,0,0,0,0,0,0,0,0,0,76,46,30
LA SALLE COUNTY,283,36 Years,68,36,32,7,4,3,0,0,0,0,0,0,0,0,0,61,32,29
LA SALLE COUNTY,283,37 Years,82,53,29,6,3,3,0,0,0,0,0,0,1,1,0,75,49,26
LA SALLE COUNTY,283,38 Years,72,40,32,5,1,4,0,0,0,0,0,0,1,1,0,66,38,28
LA SALLE COUNTY,283,39 Years,87,49,38,8,3,5,0,0,0,0,0,0,1,1,0,78,45,33
LA SALLE COUNTY,283,40 Years,100,55,45,11,4,7,0,0,0,0,0,0,0,0,0,89,51,38
LA SALLE COUNTY,283,41 Years,92,50,42,7,1,6,0,0,0,0,0,0,1,1,0,84,48,36
LA SALLE COUNTY,283,42 Years,64,28,36,3,1,2,1,1,0,0,0,0,0,0,0,60,26,34
LA SALLE COUNTY,283,43 Years,71,41,30,10,5,5,0,0,0,0,0,0,0,0,0,61,36,25
LA SALLE COUNTY,283,44 Years,64,30,34,7,2,5,0,0,0,0,0,0,0,0,0,57,28,29
LA SALLE COUNTY,283,45 Years,72,49,23,8,6,2,0,0,0,1,0,1,0,0,0,63,43,20
LA SALLE COUNTY,283,46 Years,73,49,24,6,4,2,0,0,0,1,0,1,0,0,0,66,45,21
LA SALLE COUNTY,283,47 Years,80,43,37,11,7,4,0,0,0,1,1,0,0,0,0,68,35,33
LA SALLE COUNTY,283,48 Years,79,39,40,10,6,4,0,0,0,0,0,0,0,0,0,69,33,36
LA SALLE COUNTY,283,49 Years,77,44,33,12,5,7,0,0,0,0,0,0,0,0,0,65,39,26
LA SALLE COUNTY,283,50 Years,74,31,43,13,7,6,0,0,0,0,0,0,1,0,1,60,24,36
LA SALLE COUNTY,283,51 Years,86,46,40,9,5,4,0,0,0,0,0,0,0,0,0,77,41,36
LA SALLE COUNTY,283,52 Years,70,37,33,11,7,4,0,0,0,0,0,0,0,0,0,59,30,29
LA SALLE COUNTY,283,53 Years,67,36,31,7,2,5,1,1,0,0,0,0,0,0,0,59,33,26
LA SALLE COUNTY,283,54 Years,65,35,30,10,5,5,0,0,0,0,0,0,0,0,0,55,30,25
LA SALLE COUNTY,283,55 Years,77,46,31,13,5,8,0,0,0,0,0,0,0,0,0,64,41,23
LA SALLE COUNTY,283,56 Years,60,30,30,13,5,8,0,0,0,0,0,0,0,0,0,47,25,22
LA SALLE COUNTY,283,57 Years,60,24,36,13,7,6,1,1,0,0,0,0,0,0,0,46,16,30
LA SALLE COUNTY,283,58 Years,54,28,26,10,5,5,0,0,0,0,0,0,0,0,0,44,23,21
LA SALLE COUNTY,283,59 Years,75,49,26,16,11,5,2,2,0,0,0,0,0,0,0,57,36,21
LA SALLE COUNTY,283,60 Years,64,29,35,11,6,5,1,1,0,0,0,0,1,0,1,51,22,29
LA SALLE COUNTY,283,61 Years,51,23,28,7,3,4,0,0,0,0,0,0,0,0,0,44,20,24
LA SALLE COUNTY,283,62 Years,48,23,25,10,4,6,0,0,0,0,0,0,0,0,0,38,19,19
LA SALLE COUNTY,283,63 Years,58,24,34,14,7,7,0,0,0,0,0,0,0,0,0,44,17,27
LA SALLE COUNTY,283,64 Years,52,20,32,10,2,8,0,0,0,0,0,0,0,0,0,42,18,24
LA SALLE COUNTY,283,65 Years,62,30,32,9,4,5,0,0,0,0,0,0,1,1,0,52,25,27
LA SALLE COUNTY,283,66 Years,60,35,25,14,6,8,1,1,0,0,0,0,0,0,0,45,28,17
LA SALLE COUNTY,283,67 Years,67,29,38,15,6,9,0,0,0,0,0,0,2,0,2,50,23,27
LA SALLE COUNTY,283,68 Years,65,28,37,12,5,7,0,0,0,0,0,0,1,1,0,52,22,30
LA SALLE COUNTY,283,69 Years,62,35,27,18,10,8,0,0,0,0,0,0,1,1,0,43,24,19
LA SALLE COUNTY,283,70 Years,64,39,25,20,10,10,0,0,0,0,0,0,0,0,0,44,29,15
LA SALLE COUNTY,283,71 Years,77,41,36,23,14,9,1,1,0,0,0,0,0,0,0,53,26,27
LA SALLE COUNTY,283,72 Years,69,30,39,20,9,11,1,1,0,0,0,0,1,1,0,47,19,28
LA SALLE COUNTY,283,73 Years,69,31,38,24,10,14,0,0,0,0,0,0,0,0,0,45,21,24
LA SALLE COUNTY,283,74 Years,61,25,36,18,9,9,0,0,0,0,0,0,0,0,0,43,16,27
LA SALLE COUNTY,283,75 Years,49,25,24,16,9,7,0,0,0,0,0,0,1,0,1,32,16,16
LA SALLE COUNTY,283,76 Years,56,25,31,18,8,10,0,0,0,0,0,0,1,1,0,37,16,21
LA SALLE COUNTY,283,77 Years,44,21,23,11,7,4,0,0,0,0,0,0,2,1,1,31,13,18
LA SALLE COUNTY,283,78 Years,38,19,19,11,7,4,0,0,0,1,0,1,0,0,0,26,12,14
LA SALLE COUNTY,283,79 Years,39,19,20,10,6,4,0,0,0,0,0,0,0,0,0,29,13,16
LA SALLE COUNTY,283,80 Years,34,18,16,9,5,4,0,0,0,0,0,0,1,1,0,24,12,12
LA SALLE COUNTY,283,81 Years,31,16,15,8,4,4,0,0,0,0,0,0,0,0,0,23,12,11
LA SALLE COUNTY,283,82 Years,31,11,20,6,2,4,2,2,0,0,0,0,0,0,0,23,7,16
LA SALLE COUNTY,283,83 Years,30,9,21,5,2,3,1,1,0,0,0,0,0,0,0,24,6,18
LA SALLE COUNTY,283,84 Years,35,15,20,10,6,4,0,0,0,0,0,0,0,0,0,25,9,16
LA SALLE COUNTY,283,85 Years,34,17,17,12,6,6,0,0,0,0,0,0,0,0,0,22,11,11
LA SALLE COUNTY,283,86 Years,24,10,14,6,3,3,0,0,0,0,0,0,1,1,0,17,6,11
LA SALLE COUNTY,283,87 Years,22,10,12,6,4,2,0,0,0,0,0,0,0,0,0,16,6,10
LA SALLE COUNTY,283,88 Years,22,10,12,9,4,5,0,0,0,0,0,0,0,0,0,13,6,7
LA SALLE COUNTY,283,89 Years,18,7,11,6,3,3,0,0,0,0,0,0,1,0,1,11,4,7
LA SALLE COUNTY,283,90 Years,12,5,7,2,1,1,0,0,0,0,0,0,1,0,1,9,4,5
LA SALLE COUNTY,283,91 Years,13,5,8,4,1,3,0,0,0,0,0,0,0,0,0,9,4,5
LA SALLE COUNTY,283,92 Years,13,5,8,4,2,2,0,0,0,0,0,0,1,0,1,8,3,5
LA SALLE COUNTY,283,93 Years,9,3,6,1,0,1,0,0,0,0,0,0,1,0,1,7,3,4
LA SALLE COUNTY,283,94 Years,7,5,2,2,2,0,0,0,0,0,0,0,0,0,0,5,3,2
LA SALLE COUNTY,283,95 Years +,16,5,11,5,2,3,0,0,0,0,0,0,0,0,0,11,3,8
LAVACA COUNTY,285,All Ages,20256,9877,10379,14478,7027,7451,1378,671,707,63,23,40,269,147,122,4068,2009,2059
LAVACA COUNTY,285,< 1 Year,245,128,117,143,73,70,17,8,9,1,1,0,9,6,3,75,40,35
LAVACA COUNTY,285,1 Years,251,123,128,141,68,73,18,7,11,1,1,0,11,6,5,80,41,39
LAVACA COUNTY,285,2 Years,258,127,131,142,70,72,17,7,10,2,1,1,12,6,6,85,43,42
LAVACA COUNTY,285,3 Years,269,125,144,152,75,77,18,7,11,1,0,1,10,3,7,88,40,48
LAVACA COUNTY,285,4 Years,259,122,137,150,75,75,18,9,9,0,0,0,5,1,4,86,37,49
LAVACA COUNTY,285,5 Years,270,123,147,156,67,89,19,10,9,0,0,0,5,4,1,90,42,48
LAVACA COUNTY,285,6 Years,261,122,139,149,63,86,18,11,7,2,1,1,5,3,2,87,44,43
LAVACA COUNTY,285,7 Years,268,131,137,153,69,84,22,12,10,1,1,0,5,4,1,87,45,42
LAVACA COUNTY,285,8 Years,291,135,156,160,75,85,27,10,17,1,1,0,6,4,2,97,45,52
LAVACA COUNTY,285,9 Years,243,110,133,139,60,79,14,5,9,1,0,1,5,2,3,84,43,41
LAVACA COUNTY,285,10 Years,278,136,142,164,81,83,21,11,10,1,0,1,5,2,3,87,42,45
LAVACA COUNTY,285,11 Years,315,149,166,180,91,89,27,12,15,0,0,0,2,1,1,106,45,61
LAVACA COUNTY,285,12 Years,290,135,155,172,81,91,20,12,8,1,0,1,3,2,1,94,40,54
LAVACA COUNTY,285,13 Years,277,135,142,160,72,88,19,11,8,1,1,0,5,4,1,92,47,45
LAVACA COUNTY,285,14 Years,278,151,127,168,83,85,21,12,9,1,1,0,6,4,2,82,51,31
LAVACA COUNTY,285,15 Years,261,125,136,155,71,84,17,10,7,1,1,0,7,3,4,81,40,41
LAVACA COUNTY,285,16 Years,244,123,121,148,78,70,16,7,9,3,1,2,4,2,2,73,35,38
LAVACA COUNTY,285,17 Years,247,119,128,153,73,80,22,10,12,1,1,0,1,1,0,70,34,36
LAVACA COUNTY,285,18 Years,234,131,103,139,80,59,28,15,13,2,0,2,3,2,1,62,34,28
LAVACA COUNTY,285,19 Years,208,109,99,135,76,59,17,8,9,0,0,0,6,2,4,50,23,27
LAVACA COUNTY,285,20 Years,197,95,102,128,67,61,9,6,3,1,1,0,4,2,2,55,19,36
LAVACA COUNTY,285,21 Years,212,109,103,130,69,61,14,8,6,1,0,1,7,4,3,60,28,32
LAVACA COUNTY,285,22 Years,218,99,119,137,63,74,16,8,8,1,1,0,3,2,1,61,25,36
LAVACA COUNTY,285,23 Years,232,109,123,151,70,81,19,13,6,1,0,1,4,1,3,57,25,32
LAVACA COUNTY,285,24 Years,238,126,112,156,83,73,20,12,8,0,0,0,7,5,2,55,26,29
LAVACA COUNTY,285,25 Years,266,134,132,177,88,89,25,16,9,1,0,1,6,5,1,57,25,32
LAVACA COUNTY,285,26 Years,273,145,128,196,96,100,23,13,10,0,0,0,2,2,0,52,34,18
LAVACA COUNTY,285,27 Years,232,122,110,158,83,75,17,9,8,0,0,0,3,1,2,54,29,25
LAVACA COUNTY,285,28 Years,228,124,104,158,80,78,14,8,6,0,0,0,4,3,1,52,33,19
LAVACA COUNTY,285,29 Years,223,99,124,149,64,85,13,6,7,0,0,0,4,3,1,57,26,31
LAVACA COUNTY,285,30 Years,206,90,116,134,60,74,18,9,9,0,0,0,2,1,1,52,20,32
LAVACA COUNTY,285,31 Years,219,104,115,161,77,84,14,6,8,1,0,1,3,1,2,40,20,20
LAVACA COUNTY,285,32 Years,219,105,114,154,73,81,14,5,9,1,0,1,2,2,0,48,25,23
LAVACA COUNTY,285,33 Years,221,98,123,155,68,87,8,4,4,0,0,0,2,2,0,56,24,32
LAVACA COUNTY,285,34 Years,217,102,115,150,69,81,9,5,4,2,1,1,1,1,0,55,26,29
LAVACA COUNTY,285,35 Years,248,125,123,179,96,83,13,7,6,1,0,1,2,1,1,53,21,32
LAVACA COUNTY,285,36 Years,244,139,105,162,96,66,16,10,6,0,0,0,2,1,1,64,32,32
LAVACA COUNTY,285,37 Years,209,103,106,144,66,78,15,9,6,0,0,0,1,1,0,49,27,22
LAVACA COUNTY,285,38 Years,216,111,105,141,76,65,12,7,5,0,0,0,0,0,0,63,28,35
LAVACA COUNTY,285,39 Years,225,117,108,145,76,69,14,8,6,2,1,1,0,0,0,64,32,32
LAVACA COUNTY,285,40 Years,222,114,108,149,81,68,12,5,7,1,1,0,2,1,1,58,26,32
LAVACA COUNTY,285,41 Years,185,94,91,124,65,59,10,3,7,1,1,0,2,2,0,48,23,25
LAVACA COUNTY,285,42 Years,206,107,99,126,64,62,19,13,6,3,1,2,2,1,1,56,28,28
LAVACA COUNTY,285,43 Years,219,123,96,146,83,63,11,7,4,4,0,4,2,1,1,56,32,24
LAVACA COUNTY,285,44 Years,209,106,103,146,67,79,10,7,3,2,0,2,2,2,0,49,30,19
LAVACA COUNTY,285,45 Years,199,96,103,139,62,77,13,8,5,1,0,1,1,1,0,45,25,20
LAVACA COUNTY,285,46 Years,215,114,101,153,81,72,14,7,7,1,0,1,0,0,0,47,26,21
LAVACA COUNTY,285,47 Years,213,108,105,146,72,74,16,8,8,1,1,0,0,0,0,50,27,23
LAVACA COUNTY,285,48 Years,215,110,105,151,71,80,16,10,6,1,0,1,1,1,0,46,28,18
LAVACA COUNTY,285,49 Years,215,106,109,168,83,85,15,7,8,1,1,0,1,0,1,30,15,15
LAVACA COUNTY,285,50 Years,208,102,106,161,80,81,14,7,7,1,0,1,3,2,1,29,13,16
LAVACA COUNTY,285,51 Years,238,127,111,182,96,86,16,7,9,0,0,0,2,1,1,38,23,15
LAVACA COUNTY,285,52 Years,226,119,107,175,93,82,16,8,8,2,1,1,3,0,3,30,17,13
LAVACA COUNTY,285,53 Years,267,150,117,215,123,92,15,8,7,0,0,0,4,2,2,33,17,16
LAVACA COUNTY,285,54 Years,249,139,110,200,108,92,11,6,5,1,1,0,3,2,1,34,22,12
LAVACA COUNTY,285,55 Years,266,127,139,212,100,112,14,7,7,1,0,1,2,0,2,37,20,17
LAVACA COUNTY,285,56 Years,275,126,149,227,103,124,16,7,9,1,0,1,4,3,1,27,13,14
LAVACA COUNTY,285,57 Years,265,137,128,223,115,108,17,7,10,0,0,0,2,2,0,23,13,10
LAVACA COUNTY,285,58 Years,259,127,132,218,109,109,19,8,11,0,0,0,1,1,0,21,9,12
LAVACA COUNTY,285,59 Years,259,139,120,219,120,99,12,8,4,0,0,0,4,1,3,24,10,14
LAVACA COUNTY,285,60 Years,277,126,151,224,106,118,17,6,11,0,0,0,3,1,2,33,13,20
LAVACA COUNTY,285,61 Years,272,117,155,222,99,123,14,2,12,0,0,0,5,2,3,31,14,17
LAVACA COUNTY,285,62 Years,269,134,135,216,111,105,16,7,9,0,0,0,5,2,3,32,14,18
LAVACA COUNTY,285,63 Years,273,140,133,229,120,109,13,5,8,0,0,0,2,1,1,29,14,15
LAVACA COUNTY,285,64 Years,286,131,155,241,108,133,17,11,6,0,0,0,1,0,1,27,12,15
LAVACA COUNTY,285,65 Years,273,130,143,233,114,119,18,7,11,1,0,1,0,0,0,21,9,12
LAVACA COUNTY,285,66 Years,273,136,137,231,116,115,14,7,7,1,0,1,1,1,0,26,12,14
LAVACA COUNTY,285,67 Years,266,133,133,219,112,107,16,6,10,0,0,0,3,1,2,28,14,14
LAVACA COUNTY,285,68 Years,264,136,128,222,111,111,14,8,6,0,0,0,1,1,0,27,16,11
LAVACA COUNTY,285,69 Years,261,134,127,220,109,111,18,10,8,0,0,0,3,2,1,20,13,7
LAVACA COUNTY,285,70 Years,271,133,138,228,112,116,16,6,10,1,0,1,6,3,3,20,12,8
LAVACA COUNTY,285,71 Years,260,125,135,215,100,115,18,9,9,0,0,0,4,2,2,23,14,9
LAVACA COUNTY,285,72 Years,211,95,116,175,81,94,18,7,11,1,0,1,1,0,1,16,7,9
LAVACA COUNTY,285,73 Years,172,86,86,147,74,73,13,5,8,0,0,0,0,0,0,12,7,5
LAVACA COUNTY,285,74 Years,178,82,96,152,70,82,9,3,6,0,0,0,2,1,1,15,8,7
LAVACA COUNTY,285,75 Years,196,86,110,163,70,93,14,7,7,0,0,0,2,1,1,17,8,9
LAVACA COUNTY,285,76 Years,174,83,91,149,69,80,12,6,6,0,0,0,0,0,0,13,8,5
LAVACA COUNTY,285,77 Years,158,71,87,128,60,68,14,4,10,1,0,1,1,0,1,14,7,7
LAVACA COUNTY,285,78 Years,128,62,66,103,52,51,13,4,9,1,0,1,1,1,0,10,5,5
LAVACA COUNTY,285,79 Years,135,67,68,115,60,55,8,3,5,0,0,0,4,1,3,8,3,5
LAVACA COUNTY,285,80 Years,128,54,74,112,50,62,10,2,8,0,0,0,2,1,1,4,1,3
LAVACA COUNTY,285,81 Years,128,50,78,111,44,67,7,2,5,0,0,0,1,0,1,9,4,5
LAVACA COUNTY,285,82 Years,123,55,68,108,46,62,7,5,2,0,0,0,1,0,1,7,4,3
LAVACA COUNTY,285,83 Years,106,44,62,87,35,52,9,4,5,0,0,0,1,1,0,9,4,5
LAVACA COUNTY,285,84 Years,99,42,57,79,34,45,11,5,6,1,0,1,0,0,0,8,3,5
LAVACA COUNTY,285,85 Years,94,37,57,78,31,47,8,3,5,0,0,0,0,0,0,8,3,5
LAVACA COUNTY,285,86 Years,79,28,51,67,22,45,3,2,1,0,0,0,0,0,0,9,4,5
LAVACA COUNTY,285,87 Years,84,32,52,70,27,43,6,1,5,0,0,0,0,0,0,8,4,4
LAVACA COUNTY,285,88 Years,74,27,47,61,22,39,7,2,5,0,0,0,0,0,0,6,3,3
LAVACA COUNTY,285,89 Years,58,22,36,46,17,29,5,2,3,0,0,0,2,1,1,5,2,3
LAVACA COUNTY,285,90 Years,53,20,33,43,16,27,4,2,2,0,0,0,1,1,0,5,1,4
LAVACA COUNTY,285,91 Years,45,18,27,35,13,22,4,1,3,1,1,0,0,0,0,5,3,2
LAVACA COUNTY,285,92 Years,48,15,33,36,11,25,5,2,3,0,0,0,1,0,1,6,2,4
LAVACA COUNTY,285,93 Years,40,11,29,32,8,24,4,1,3,0,0,0,0,0,0,4,2,2
LAVACA COUNTY,285,94 Years,28,9,19,22,7,15,3,1,2,0,0,0,0,0,0,3,1,2
LAVACA COUNTY,285,95 Years +,72,20,52,55,13,42,8,2,6,0,0,0,0,0,0,9,5,4
LEE COUNTY,287,All Ages,17366,8779,8587,10749,5323,5426,1846,981,865,63,35,28,345,160,185,4363,2280,2083
LEE COUNTY,287,< 1 Year,224,120,104,116,64,52,16,11,5,3,1,2,11,3,8,78,41,37
LEE COUNTY,287,1 Years,225,116,109,116,59,57,16,11,5,2,1,1,13,4,9,78,41,37
LEE COUNTY,287,2 Years,218,108,110,112,55,57,18,11,7,1,0,1,9,3,6,78,39,39
LEE COUNTY,287,3 Years,229,106,123,114,51,63,21,11,10,0,0,0,10,4,6,84,40,44
LEE COUNTY,287,4 Years,222,107,115,109,52,57,19,10,9,1,0,1,8,3,5,85,42,43
LEE COUNTY,287,5 Years,218,112,106,106,55,51,18,11,7,2,1,1,11,5,6,81,40,41
LEE COUNTY,287,6 Years,204,103,101,102,52,50,17,8,9,1,1,0,7,3,4,77,39,38
LEE COUNTY,287,7 Years,214,105,109,109,53,56,18,9,9,1,1,0,7,4,3,79,38,41
LEE COUNTY,287,8 Years,225,121,104,111,59,52,18,8,10,0,0,0,6,5,1,90,49,41
LEE COUNTY,287,9 Years,212,103,109,101,45,56,18,9,9,0,0,0,5,5,0,88,44,44
LEE COUNTY,287,10 Years,213,103,110,101,47,54,20,10,10,0,0,0,6,4,2,86,42,44
LEE COUNTY,287,11 Years,223,108,115,110,46,64,14,8,6,0,0,0,8,6,2,91,48,43
LEE COUNTY,287,12 Years,220,103,117,104,44,60,11,4,7,1,1,0,10,3,7,94,51,43
LEE COUNTY,287,13 Years,214,105,109,110,55,55,16,7,9,1,1,0,11,5,6,76,37,39
LEE COUNTY,287,14 Years,236,110,126,123,59,64,18,9,9,1,0,1,10,5,5,84,37,47
LEE COUNTY,287,15 Years,273,136,137,146,75,71,29,13,16,0,0,0,9,5,4,89,43,46
LEE COUNTY,287,16 Years,287,167,120,152,91,61,30,18,12,2,1,1,11,7,4,92,50,42
LEE COUNTY,287,17 Years,308,194,114,160,99,61,31,24,7,2,0,2,11,7,4,104,64,40
LEE COUNTY,287,18 Years,307,203,104,157,109,48,35,26,9,2,0,2,8,5,3,105,63,42
LEE COUNTY,287,19 Years,257,153,104,135,79,56,32,23,9,2,1,1,9,5,4,79,45,34
LEE COUNTY,287,20 Years,214,114,100,110,61,49,19,10,9,0,0,0,7,4,3,78,39,39
LEE COUNTY,287,21 Years,223,117,106,112,62,50,20,11,9,0,0,0,9,4,5,82,40,42
LEE COUNTY,287,22 Years,239,132,107,126,68,58,22,15,7,0,0,0,5,3,2,86,46,40
LEE COUNTY,287,23 Years,240,110,130,124,54,70,30,16,14,0,0,0,7,1,6,79,39,40
LEE COUNTY,287,24 Years,236,124,112,114,52,62,35,24,11,2,1,1,2,0,2,83,47,36
LEE COUNTY,287,25 Years,245,129,116,102,47,55,50,31,19,0,0,0,2,0,2,91,51,40
LEE COUNTY,287,26 Years,239,130,109,118,63,55,44,27,17,2,1,1,1,0,1,74,39,35
LEE COUNTY,287,27 Years,172,86,86,86,44,42,22,16,6,0,0,0,2,1,1,62,25,37
LEE COUNTY,287,28 Years,172,95,77,79,49,30,32,19,13,3,2,1,1,0,1,57,25,32
LEE COUNTY,287,29 Years,187,103,84,86,47,39,31,20,11,1,1,0,1,1,0,68,34,34
LEE COUNTY,287,30 Years,181,86,95,100,46,54,19,9,10,2,1,1,1,0,1,59,30,29
LEE COUNTY,287,31 Years,175,91,84,101,46,55,16,9,7,2,1,1,0,0,0,56,35,21
LEE COUNTY,287,32 Years,164,80,84,88,40,48,20,10,10,1,1,0,0,0,0,55,29,26
LEE COUNTY,287,33 Years,181,90,91,117,56,61,18,9,9,0,0,0,1,0,1,45,25,20
LEE COUNTY,287,34 Years,153,80,73,90,46,44,13,6,7,0,0,0,2,0,2,48,28,20
LEE COUNTY,287,35 Years,170,79,91,93,40,53,18,11,7,0,0,0,5,3,2,54,25,29
LEE COUNTY,287,36 Years,180,88,92,111,52,59,19,9,10,0,0,0,1,1,0,49,26,23
LEE COUNTY,287,37 Years,186,94,92,114,54,60,18,11,7,0,0,0,1,1,0,53,28,25
LEE COUNTY,287,38 Years,185,109,76,115,67,48,14,9,5,1,1,0,2,1,1,53,31,22
LEE COUNTY,287,39 Years,191,105,86,121,64,57,10,6,4,1,1,0,2,1,1,57,33,24
LEE COUNTY,287,40 Years,190,95,95,122,58,64,12,7,5,1,1,0,4,2,2,51,27,24
LEE COUNTY,287,41 Years,183,86,97,122,56,66,11,5,6,1,0,1,1,1,0,48,24,24
LEE COUNTY,287,42 Years,173,83,90,113,50,63,13,5,8,1,0,1,1,0,1,45,28,17
LEE COUNTY,287,43 Years,167,88,79,99,52,47,18,9,9,1,1,0,6,3,3,43,23,20
LEE COUNTY,287,44 Years,178,96,82,117,64,53,16,11,5,1,0,1,3,1,2,41,20,21
LEE COUNTY,287,45 Years,185,102,83,125,66,59,15,9,6,0,0,0,1,0,1,44,27,17
LEE COUNTY,287,46 Years,186,94,92,113,59,54,20,10,10,0,0,0,0,0,0,53,25,28
LEE COUNTY,287,47 Years,185,97,88,118,61,57,26,14,12,0,0,0,2,1,1,39,21,18
LEE COUNTY,287,48 Years,202,90,112,126,59,67,27,11,16,1,0,1,3,2,1,45,18,27
LEE COUNTY,287,49 Years,207,94,113,121,55,66,21,9,12,2,1,1,4,1,3,59,28,31
LEE COUNTY,287,50 Years,188,90,98,119,57,62,21,9,12,1,0,1,3,1,2,44,23,21
LEE COUNTY,287,51 Years,198,99,99,132,64,68,20,11,9,0,0,0,2,1,1,44,23,21
LEE COUNTY,287,52 Years,215,107,108,140,74,66,17,9,8,0,0,0,2,0,2,56,24,32
LEE COUNTY,287,53 Years,223,104,119,143,67,76,26,11,15,0,0,0,4,0,4,50,26,24
LEE COUNTY,287,54 Years,217,106,111,152,72,80,25,13,12,1,1,0,4,2,2,35,18,17
LEE COUNTY,287,55 Years,234,108,126,170,77,93,25,11,14,1,1,0,6,3,3,32,16,16
LEE COUNTY,287,56 Years,263,126,137,190,87,103,29,15,14,2,2,0,3,2,1,39,20,19
LEE COUNTY,287,57 Years,272,142,130,182,92,90,36,19,17,1,1,0,2,1,1,51,29,22
LEE COUNTY,287,58 Years,261,129,132,179,87,92,31,15,16,2,1,1,1,0,1,48,26,22
LEE COUNTY,287,59 Years,254,125,129,184,87,97,25,12,13,2,1,1,3,2,1,40,23,17
LEE COUNTY,287,60 Years,258,129,129,185,88,97,24,11,13,1,1,0,3,1,2,45,28,17
LEE COUNTY,287,61 Years,251,132,119,180,89,91,33,20,13,1,0,1,2,1,1,35,22,13
LEE COUNTY,287,62 Years,251,122,129,187,89,98,27,15,12,0,0,0,4,2,2,33,16,17
LEE COUNTY,287,63 Years,261,133,128,207,106,101,23,10,13,0,0,0,2,1,1,29,16,13
LEE COUNTY,287,64 Years,228,119,109,174,91,83,24,12,12,0,0,0,4,0,4,26,16,10
LEE COUNTY,287,65 Years,204,107,97,150,75,75,25,14,11,0,0,0,5,1,4,24,17,7
LEE COUNTY,287,66 Years,192,105,87,145,82,63,28,13,15,0,0,0,2,1,1,17,9,8
LEE COUNTY,287,67 Years,188,97,91,148,75,73,18,9,9,2,2,0,1,0,1,19,11,8
LEE COUNTY,287,68 Years,183,90,93,140,67,73,21,11,10,1,1,0,1,1,0,20,10,10
LEE COUNTY,287,69 Years,178,90,88,142,70,72,19,10,9,0,0,0,3,2,1,14,8,6
LEE COUNTY,287,70 Years,184,86,98,149,71,78,18,6,12,0,0,0,4,2,2,13,7,6
LEE COUNTY,287,71 Years,179,88,91,148,71,77,17,10,7,0,0,0,2,2,0,12,5,7
LEE COUNTY,287,72 Years,143,78,65,115,62,53,15,7,8,0,0,0,1,1,0,12,8,4
LEE COUNTY,287,73 Years,139,75,64,107,56,51,16,9,7,1,1,0,3,3,0,12,6,6
LEE COUNTY,287,74 Years,140,70,70,107,52,55,16,9,7,0,0,0,2,1,1,15,8,7
LEE COUNTY,287,75 Years,142,61,81,110,51,59,16,3,13,1,0,1,3,1,2,12,6,6
LEE COUNTY,287,76 Years,141,65,76,110,48,62,14,7,7,1,1,0,1,0,1,15,9,6
LEE COUNTY,287,77 Years,135,67,68,107,53,54,16,8,8,0,0,0,3,1,2,9,5,4
LEE COUNTY,287,78 Years,119,56,63,99,48,51,10,4,6,0,0,0,2,0,2,8,4,4
LEE COUNTY,287,79 Years,105,44,61,81,35,46,15,6,9,0,0,0,0,0,0,9,3,6
LEE COUNTY,287,80 Years,109,44,65,80,32,48,18,6,12,0,0,0,3,1,2,8,5,3
LEE COUNTY,287,81 Years,97,46,51,76,35,41,12,6,6,0,0,0,1,1,0,8,4,4
LEE COUNTY,287,82 Years,99,41,58,74,32,42,12,5,7,0,0,0,1,0,1,12,4,8
LEE COUNTY,287,83 Years,91,41,50,69,32,37,13,5,8,0,0,0,1,1,0,8,3,5
LEE COUNTY,287,84 Years,67,33,34,54,25,29,9,5,4,0,0,0,0,0,0,4,3,1
LEE COUNTY,287,85 Years,59,26,33,46,23,23,8,2,6,0,0,0,1,0,1,4,1,3
LEE COUNTY,287,86 Years,62,25,37,48,20,28,9,3,6,0,0,0,0,0,0,5,2,3
LEE COUNTY,287,87 Years,53,26,27,42,20,22,7,3,4,0,0,0,1,1,0,3,2,1
LEE COUNTY,287,88 Years,54,20,34,43,16,27,8,4,4,0,0,0,1,0,1,2,0,2
LEE COUNTY,287,89 Years,49,18,31,38,15,23,7,3,4,0,0,0,1,0,1,3,0,3
LEE COUNTY,287,90 Years,32,12,20,23,10,13,5,1,4,0,0,0,0,0,0,4,1,3
LEE COUNTY,287,91 Years,27,11,16,23,9,14,2,1,1,0,0,0,0,0,0,2,1,1
LEE COUNTY,287,92 Years,23,9,14,17,6,11,4,2,2,0,0,0,0,0,0,2,1,1
LEE COUNTY,287,93 Years,19,7,12,16,6,10,3,1,2,0,0,0,0,0,0,0,0,0
LEE COUNTY,287,94 Years,19,7,12,14,5,9,4,2,2,0,0,0,0,0,0,1,0,1
LEE COUNTY,287,95 Years +,42,13,29,27,7,20,11,4,7,0,0,0,0,0,0,4,2,2
LEON COUNTY,289,All Ages,17491,8729,8762,13290,6594,6696,1167,567,600,103,37,66,257,113,144,2674,1418,1256
LEON COUNTY,289,< 1 Year,222,119,103,155,82,73,6,4,2,4,2,2,6,3,3,51,28,23
LEON COUNTY,289,1 Years,218,114,104,152,78,74,6,3,3,2,1,1,7,3,4,51,29,22
LEON COUNTY,289,2 Years,229,126,103,163,89,74,5,3,2,3,2,1,4,2,2,54,30,24
LEON COUNTY,289,3 Years,224,121,103,158,86,72,7,2,5,2,1,1,4,2,2,53,30,23
LEON COUNTY,289,4 Years,226,116,110,157,83,74,7,3,4,2,1,1,6,2,4,54,27,27
LEON COUNTY,289,5 Years,237,125,112,167,90,77,8,4,4,4,2,2,7,4,3,51,25,26
LEON COUNTY,289,6 Years,233,122,111,168,87,81,8,5,3,4,3,1,7,4,3,46,23,23
LEON COUNTY,289,7 Years,239,124,115,173,95,78,7,4,3,6,2,4,7,3,4,46,20,26
LEON COUNTY,289,8 Years,231,111,120,167,84,83,8,1,7,0,0,0,6,1,5,50,25,25
LEON COUNTY,289,9 Years,203,114,89,132,76,56,11,5,6,2,1,1,6,4,2,52,28,24
LEON COUNTY,289,10 Years,199,110,89,124,72,52,9,5,4,2,1,1,3,1,2,61,31,30
LEON COUNTY,289,11 Years,204,114,90,136,74,62,7,3,4,1,0,1,2,2,0,58,35,23
LEON COUNTY,289,12 Years,217,111,106,145,72,73,13,8,5,1,0,1,2,2,0,56,29,27
LEON COUNTY,289,13 Years,198,98,100,133,66,67,14,7,7,1,0,1,1,1,0,49,24,25
LEON COUNTY,289,14 Years,192,101,91,124,69,55,9,3,6,2,0,2,4,2,2,53,27,26
LEON COUNTY,289,15 Years,185,77,108,118,48,70,12,8,4,0,0,0,1,0,1,54,21,33
LEON COUNTY,289,16 Years,206,94,112,139,63,76,10,6,4,1,0,1,3,1,2,53,24,29
LEON COUNTY,289,17 Years,194,94,100,117,59,58,20,7,13,1,0,1,3,2,1,53,26,27
LEON COUNTY,289,18 Years,182,94,88,121,63,58,17,11,6,1,0,1,1,0,1,42,20,22
LEON COUNTY,289,19 Years,176,93,83,118,64,54,10,6,4,1,0,1,5,2,3,42,21,21
LEON COUNTY,289,20 Years,174,99,75,112,71,41,15,7,8,1,0,1,4,1,3,42,20,22
LEON COUNTY,289,21 Years,166,92,74,113,64,49,13,7,6,1,0,1,5,2,3,34,19,15
LEON COUNTY,289,22 Years,158,77,81,108,52,56,11,4,7,1,1,0,2,1,1,36,19,17
LEON COUNTY,289,23 Years,191,104,87,126,68,58,13,5,8,1,1,0,5,1,4,46,29,17
LEON COUNTY,289,24 Years,200,108,92,131,71,60,15,6,9,4,0,4,4,2,2,46,29,17
LEON COUNTY,289,25 Years,215,105,110,139,65,74,18,10,8,2,1,1,4,3,1,52,26,26
LEON COUNTY,289,26 Years,220,120,100,151,81,70,13,7,6,0,0,0,4,3,1,52,29,23
LEON COUNTY,289,27 Years,216,110,106,163,79,84,10,5,5,0,0,0,1,1,0,42,25,17
LEON COUNTY,289,28 Years,183,88,95,125,55,70,15,8,7,2,1,1,2,1,1,39,23,16
LEON COUNTY,289,29 Years,182,86,96,133,58,75,8,4,4,1,0,1,2,1,1,38,23,15
LEON COUNTY,289,30 Years,180,93,87,134,68,66,11,5,6,0,0,0,3,2,1,32,18,14
LEON COUNTY,289,31 Years,192,90,102,144,67,77,7,4,3,2,0,2,1,1,0,38,18,20
LEON COUNTY,289,32 Years,214,100,114,163,77,86,13,5,8,1,0,1,1,1,0,36,17,19
LEON COUNTY,289,33 Years,201,94,107,152,65,87,9,6,3,0,0,0,0,0,0,40,23,17
LEON COUNTY,289,34 Years,201,97,104,148,63,85,11,9,2,0,0,0,0,0,0,42,25,17
LEON COUNTY,289,35 Years,180,87,93,129,62,67,12,7,5,1,0,1,1,0,1,37,18,19
LEON COUNTY,289,36 Years,174,89,85,130,66,64,10,6,4,1,0,1,0,0,0,33,17,16
LEON COUNTY,289,37 Years,175,109,66,130,76,54,9,8,1,0,0,0,2,1,1,34,24,10
LEON COUNTY,289,38 Years,205,100,105,143,66,77,9,5,4,0,0,0,4,0,4,49,29,20
LEON COUNTY,289,39 Years,173,77,96,122,52,70,9,4,5,0,0,0,5,1,4,37,20,17
LEON COUNTY,289,40 Years,180,89,91,127,67,60,10,4,6,1,0,1,3,1,2,39,17,22
LEON COUNTY,289,41 Years,186,99,87,143,77,66,13,4,9,0,0,0,1,1,0,29,17,12
LEON COUNTY,289,42 Years,146,71,75,108,57,51,12,3,9,0,0,0,1,1,0,25,10,15
LEON COUNTY,289,43 Years,165,83,82,119,61,58,9,4,5,0,0,0,2,0,2,35,18,17
LEON COUNTY,289,44 Years,163,75,88,118,53,65,15,7,8,1,0,1,1,0,1,28,15,13
LEON COUNTY,289,45 Years,146,71,75,106,50,56,10,6,4,2,1,1,2,0,2,26,14,12
LEON COUNTY,289,46 Years,190,102,88,134,73,61,10,4,6,2,1,1,3,1,2,41,23,18
LEON COUNTY,289,47 Years,186,101,85,142,78,64,10,6,4,3,2,1,2,1,1,29,14,15
LEON COUNTY,289,48 Years,164,74,90,126,53,73,10,6,4,2,0,2,2,2,0,24,13,11
LEON COUNTY,289,49 Years,145,69,76,112,51,61,14,6,8,1,0,1,2,2,0,16,10,6
LEON COUNTY,289,50 Years,159,71,88,121,49,72,16,8,8,1,0,1,1,1,0,20,13,7
LEON COUNTY,289,51 Years,192,88,104,143,62,81,13,8,5,2,1,1,3,2,1,31,15,16
LEON COUNTY,289,52 Years,188,93,95,140,70,70,14,10,4,1,1,0,3,1,2,30,11,19
LEON COUNTY,289,53 Years,244,118,126,180,85,95,18,12,6,2,0,2,3,1,2,41,20,21
LEON COUNTY,289,54 Years,233,112,121,171,82,89,18,8,10,4,3,1,3,1,2,37,18,19
LEON COUNTY,289,55 Years,226,102,124,179,82,97,18,7,11,1,1,0,4,2,2,24,10,14
LEON COUNTY,289,56 Years,234,118,116,185,93,92,21,10,11,1,0,1,2,1,1,25,14,11
LEON COUNTY,289,57 Years,253,135,118,200,105,95,18,12,6,2,0,2,4,3,1,29,15,14
LEON COUNTY,289,58 Years,274,135,139,225,106,119,19,10,9,1,0,1,4,1,3,25,18,7
LEON COUNTY,289,59 Years,249,124,125,211,106,105,17,7,10,1,0,1,2,1,1,18,10,8
LEON COUNTY,289,60 Years,292,148,144,242,123,119,24,14,10,0,0,0,3,1,2,23,10,13
LEON COUNTY,289,61 Years,275,128,147,227,102,125,24,11,13,2,2,0,5,1,4,17,12,5
LEON COUNTY,289,62 Years,244,113,131,199,95,104,20,7,13,2,2,0,2,0,2,21,9,12
LEON COUNTY,289,63 Years,254,143,111,209,120,89,22,11,11,2,0,2,1,0,1,20,12,8
LEON COUNTY,289,64 Years,278,153,125,236,128,108,21,12,9,1,1,0,5,2,3,15,10,5
LEON COUNTY,289,65 Years,260,133,127,227,113,114,15,9,6,1,1,0,3,2,1,14,8,6
LEON COUNTY,289,66 Years,258,123,135,219,104,115,21,8,13,1,0,1,4,2,2,13,9,4
LEON COUNTY,289,67 Years,229,111,118,189,93,96,23,10,13,1,0,1,3,2,1,13,6,7
LEON COUNTY,289,68 Years,244,118,126,208,101,107,20,11,9,1,0,1,7,3,4,8,3,5
LEON COUNTY,289,69 Years,244,107,137,212,96,116,12,4,8,2,0,2,6,1,5,12,6,6
LEON COUNTY,289,70 Years,248,115,133,218,102,116,11,5,6,1,0,1,3,0,3,15,8,7
LEON COUNTY,289,71 Years,240,110,130,212,95,117,14,6,8,1,1,0,3,2,1,10,6,4
LEON COUNTY,289,72 Years,200,96,104,177,85,92,11,4,7,0,0,0,3,1,2,9,6,3
LEON COUNTY,289,73 Years,201,92,109,181,86,95,14,4,10,0,0,0,2,0,2,4,2,2
LEON COUNTY,289,74 Years,220,113,107,195,101,94,14,6,8,0,0,0,2,2,0,9,4,5
LEON COUNTY,289,75 Years,216,110,106,194,96,98,15,10,5,0,0,0,2,1,1,5,3,2
LEON COUNTY,289,76 Years,183,87,96,162,76,86,11,5,6,0,0,0,2,1,1,8,5,3
LEON COUNTY,289,77 Years,167,78,89,145,67,78,16,7,9,0,0,0,1,1,0,5,3,2
LEON COUNTY,289,78 Years,156,78,78,137,69,68,15,7,8,0,0,0,0,0,0,4,2,2
LEON COUNTY,289,79 Years,150,77,73,131,68,63,12,4,8,0,0,0,0,0,0,7,5,2
LEON COUNTY,289,80 Years,126,62,64,109,52,57,11,7,4,0,0,0,1,0,1,5,3,2
LEON COUNTY,289,81 Years,119,56,63,102,47,55,13,7,6,0,0,0,1,0,1,3,2,1
LEON COUNTY,289,82 Years,103,52,51,86,45,41,11,4,7,1,0,1,3,2,1,2,1,1
LEON COUNTY,289,83 Years,97,44,53,83,40,43,10,3,7,1,0,1,1,0,1,2,1,1
LEON COUNTY,289,84 Years,82,42,40,71,37,34,7,2,5,0,0,0,0,0,0,4,3,1
LEON COUNTY,289,85 Years,75,36,39,64,33,31,6,1,5,0,0,0,1,0,1,4,2,2
LEON COUNTY,289,86 Years,65,32,33,54,27,27,6,3,3,0,0,0,1,0,1,4,2,2
LEON COUNTY,289,87 Years,54,23,31,45,19,26,8,4,4,0,0,0,0,0,0,1,0,1
LEON COUNTY,289,88 Years,56,27,29,43,20,23,9,4,5,0,0,0,2,1,1,2,2,0
LEON COUNTY,289,89 Years,47,21,26,35,15,20,7,3,4,0,0,0,3,1,2,2,2,0
LEON COUNTY,289,90 Years,38,18,20,29,13,16,6,3,3,0,0,0,1,1,0,2,1,1
LEON COUNTY,289,91 Years,37,16,21,28,13,15,6,2,4,0,0,0,1,0,1,2,1,1
LEON COUNTY,289,92 Years,25,10,15,20,9,11,4,1,3,0,0,0,0,0,0,1,0,1
LEON COUNTY,289,93 Years,23,9,14,16,7,9,5,2,3,0,0,0,1,0,1,1,0,1
LEON COUNTY,289,94 Years,18,6,12,12,4,8,4,2,2,0,0,0,1,0,1,1,0,1
LEON COUNTY,289,95 Years +,29,9,20,20,7,13,9,2,7,0,0,0,0,0,0,0,0,0
LIBERTY COUNTY,291,All Ages,86495,42669,43826,55857,27280,28577,8239,3859,4380,430,210,220,1646,779,867,20323,10541,9782
LIBERTY COUNTY,291,< 1 Year,1229,640,589,613,321,292,81,45,36,9,5,4,33,15,18,493,254,239
LIBERTY COUNTY,291,1 Years,1238,650,588,613,319,294,82,48,34,6,3,3,38,18,20,499,262,237
LIBERTY COUNTY,291,2 Years,1209,616,593,622,320,302,86,43,43,9,4,5,38,17,21,454,232,222
LIBERTY COUNTY,291,3 Years,1217,627,590,644,327,317,89,47,42,6,3,3,39,19,20,439,231,208
LIBERTY COUNTY,291,4 Years,1231,622,609,667,334,333,87,43,44,8,3,5,36,19,17,433,223,210
LIBERTY COUNTY,291,5 Years,1215,618,597,656,331,325,83,44,39,5,3,2,39,23,16,432,217,215
LIBERTY COUNTY,291,6 Years,1201,607,594,636,325,311,85,43,42,8,4,4,41,24,17,431,211,220
LIBERTY COUNTY,291,7 Years,1216,617,599,639,328,311,92,47,45,7,3,4,39,23,16,439,216,223
LIBERTY COUNTY,291,8 Years,1193,569,624,637,312,325,95,49,46,8,2,6,36,15,21,417,191,226
LIBERTY COUNTY,291,9 Years,1236,619,617,673,342,331,96,48,48,4,0,4,39,22,17,424,207,217
LIBERTY COUNTY,291,10 Years,1226,616,610,670,342,328,92,35,57,5,3,2,36,18,18,423,218,205
LIBERTY COUNTY,291,11 Years,1212,599,613,623,311,312,102,38,64,5,3,2,43,15,28,439,232,207
LIBERTY COUNTY,291,12 Years,1151,566,585,623,306,317,96,47,49,7,3,4,36,14,22,389,196,193
LIBERTY COUNTY,291,13 Years,1114,587,527,582,303,279,99,56,43,7,2,5,28,12,16,398,214,184
LIBERTY COUNTY,291,14 Years,1127,587,540,627,325,302,88,45,43,5,3,2,25,10,15,382,204,178
LIBERTY COUNTY,291,15 Years,1108,544,564,602,291,311,97,50,47,4,2,2,23,9,14,382,192,190
LIBERTY COUNTY,291,16 Years,1036,523,513,577,281,296,88,43,45,3,1,2,25,10,15,343,188,155
LIBERTY COUNTY,291,17 Years,1098,570,528,622,329,293,91,43,48,4,2,2,33,18,15,348,178,170
LIBERTY COUNTY,291,18 Years,1085,552,533,625,332,293,87,40,47,6,1,5,27,15,12,340,164,176
LIBERTY COUNTY,291,19 Years,984,521,463,541,290,251,89,40,49,3,2,1,31,15,16,320,174,146
LIBERTY COUNTY,291,20 Years,1035,548,487,557,300,257,109,47,62,2,0,2,36,22,14,331,179,152
LIBERTY COUNTY,291,21 Years,1032,494,538,543,257,286,125,62,63,1,0,1,43,17,26,320,158,162
LIBERTY COUNTY,291,22 Years,1062,527,535,586,290,296,122,57,65,2,0,2,49,26,23,303,154,149
LIBERTY COUNTY,291,23 Years,1155,576,579,664,331,333,156,78,78,3,2,1,25,12,13,307,153,154
LIBERTY COUNTY,291,24 Years,1194,609,585,700,378,322,148,64,84,1,1,0,33,10,23,312,156,156
LIBERTY COUNTY,291,25 Years,1306,661,645,787,401,386,170,83,87,3,2,1,31,14,17,315,161,154
LIBERTY COUNTY,291,26 Years,1338,661,677,797,396,401,195,93,102,4,1,3,26,15,11,316,156,160
LIBERTY COUNTY,291,27 Years,1391,698,693,819,406,413,209,100,109,4,2,2,27,13,14,332,177,155
LIBERTY COUNTY,291,28 Years,1368,653,715,856,392,464,164,71,93,5,2,3,9,6,3,334,182,152
LIBERTY COUNTY,291,29 Years,1245,635,610,759,369,390,156,82,74,5,3,2,14,8,6,311,173,138
LIBERTY COUNTY,291,30 Years,1264,622,642,754,363,391,159,70,89,13,13,0,17,9,8,321,167,154
LIBERTY COUNTY,291,31 Years,1174,582,592,692,330,362,126,58,68,9,8,1,17,12,5,330,174,156
LIBERTY COUNTY,291,32 Years,1228,586,642,716,338,378,143,66,77,4,3,1,10,5,5,355,174,181
LIBERTY COUNTY,291,33 Years,1169,576,593,708,338,370,123,65,58,11,6,5,11,4,7,316,163,153
LIBERTY COUNTY,291,34 Years,1115,542,573,678,327,351,123,62,61,7,4,3,15,2,13,292,147,145
LIBERTY COUNTY,291,35 Years,1059,494,565,650,303,347,120,54,66,6,4,2,9,5,4,274,128,146
LIBERTY COUNTY,291,36 Years,1062,467,595,658,290,368,102,42,60,8,5,3,12,5,7,282,125,157
LIBERTY COUNTY,291,37 Years,1060,488,572,682,306,376,97,41,56,5,3,2,9,4,5,267,134,133
LIBERTY COUNTY,291,38 Years,1135,562,573,701,342,359,122,55,67,18,14,4,9,4,5,285,147,138
LIBERTY COUNTY,291,39 Years,1060,499,561,646,312,334,115,43,72,11,6,5,14,4,10,274,134,140
LIBERTY COUNTY,291,40 Years,1066,471,595,656,290,366,117,49,68,5,2,3,14,6,8,274,124,150
LIBERTY COUNTY,291,41 Years,1069,507,562,659,314,345,118,56,62,9,4,5,13,5,8,270,128,142
LIBERTY COUNTY,291,42 Years,1102,538,564,716,348,368,116,47,69,8,3,5,8,2,6,254,138,116
LIBERTY COUNTY,291,43 Years,1065,510,555,669,318,351,112,49,63,5,2,3,9,4,5,270,137,133
LIBERTY COUNTY,291,44 Years,1034,510,524,633,310,323,117,54,63,8,2,6,17,6,11,259,138,121
LIBERTY COUNTY,291,45 Years,1064,510,554,681,322,359,110,41,69,7,2,5,12,6,6,254,139,115
LIBERTY COUNTY,291,46 Years,1135,561,574,736,356,380,113,49,64,5,2,3,8,3,5,273,151,122
LIBERTY COUNTY,291,47 Years,1136,576,560,754,391,363,110,47,63,3,1,2,15,6,9,254,131,123
LIBERTY COUNTY,291,48 Years,1148,575,573,785,392,393,110,44,66,4,2,2,11,7,4,238,130,108
LIBERTY COUNTY,291,49 Years,1126,558,568,779,383,396,105,43,62,5,3,2,17,8,9,220,121,99
LIBERTY COUNTY,291,50 Years,1008,505,503,688,340,348,98,41,57,4,0,4,7,4,3,211,120,91
LIBERTY COUNTY,291,51 Years,993,498,495,675,335,340,90,37,53,4,3,1,8,4,4,216,119,97
LIBERTY COUNTY,291,52 Years,1016,533,483,690,359,331,102,52,50,5,3,2,11,7,4,208,112,96
LIBERTY COUNTY,291,53 Years,1114,570,544,783,412,371,111,46,65,2,1,1,16,8,8,202,103,99
LIBERTY COUNTY,291,54 Years,1143,574,569,805,404,401,106,46,60,3,1,2,8,4,4,221,119,102
LIBERTY COUNTY,291,55 Years,1097,540,557,809,390,419,91,43,48,7,3,4,11,4,7,179,100,79
LIBERTY COUNTY,291,56 Years,1087,547,540,799,396,403,102,46,56,5,2,3,12,7,5,169,96,73
LIBERTY COUNTY,291,57 Years,1119,567,552,829,415,414,110,54,56,5,1,4,13,6,7,162,91,71
LIBERTY COUNTY,291,58 Years,1177,583,594,864,406,458,129,72,57,4,2,2,15,9,6,165,94,71
LIBERTY COUNTY,291,59 Years,1127,546,581,831,387,444,122,65,57,4,1,3,22,12,10,148,81,67
LIBERTY COUNTY,291,60 Years,1091,562,529,822,421,401,109,53,56,7,4,3,21,12,9,132,72,60
LIBERTY COUNTY,291,61 Years,1040,529,511,791,391,400,102,55,47,8,5,3,24,13,11,115,65,50
LIBERTY COUNTY,291,62 Years,1021,513,508,803,393,410,93,50,43,4,3,1,14,7,7,107,60,47
LIBERTY COUNTY,291,63 Years,1046,520,526,803,397,406,95,45,50,11,4,7,13,5,8,124,69,55
LIBERTY COUNTY,291,64 Years,1008,497,511,781,384,397,88,37,51,8,3,5,15,9,6,116,64,52
LIBERTY COUNTY,291,65 Years,970,502,468,761,390,371,91,44,47,3,2,1,14,5,9,101,61,40
LIBERTY COUNTY,291,66 Years,898,444,454,714,335,379,88,48,40,4,3,1,12,5,7,80,53,27
LIBERTY COUNTY,291,67 Years,859,433,426,673,327,346,80,44,36,6,4,2,13,6,7,87,52,35
LIBERTY COUNTY,291,68 Years,856,431,425,705,351,354,72,34,38,5,2,3,10,4,6,64,40,24
LIBERTY COUNTY,291,69 Years,819,381,438,680,316,364,67,37,30,2,0,2,9,3,6,61,25,36
LIBERTY COUNTY,291,70 Years,793,406,387,669,340,329,55,31,24,6,2,4,8,2,6,55,31,24
LIBERTY COUNTY,291,71 Years,772,370,402,664,321,343,49,21,28,4,1,3,9,2,7,46,25,21
LIBERTY COUNTY,291,72 Years,656,326,330,553,269,284,38,20,18,3,2,1,10,5,5,52,30,22
LIBERTY COUNTY,291,73 Years,593,276,317,497,223,274,34,16,18,0,0,0,16,7,9,46,30,16
LIBERTY COUNTY,291,74 Years,606,277,329,522,239,283,34,15,19,1,0,1,12,5,7,37,18,19
LIBERTY COUNTY,291,75 Years,557,263,294,484,229,255,36,14,22,2,2,0,10,5,5,25,13,12
LIBERTY COUNTY,291,76 Years,527,247,280,454,216,238,35,11,24,2,2,0,13,7,6,23,11,12
LIBERTY COUNTY,291,77 Years,445,208,237,381,177,204,29,13,16,3,0,3,9,5,4,23,13,10
LIBERTY COUNTY,291,78 Years,402,203,199,344,176,168,32,16,16,1,0,1,8,2,6,17,9,8
LIBERTY COUNTY,291,79 Years,359,173,186,308,149,159,22,9,13,0,0,0,7,3,4,22,12,10
LIBERTY COUNTY,291,80 Years,312,150,162,269,123,146,15,7,8,0,0,0,9,5,4,19,15,4
LIBERTY COUNTY,291,81 Years,277,133,144,232,111,121,23,10,13,1,0,1,6,2,4,15,10,5
LIBERTY COUNTY,291,82 Years,252,104,148,217,89,128,17,6,11,1,0,1,4,1,3,13,8,5
LIBERTY COUNTY,291,83 Years,223,91,132,189,81,108,18,4,14,2,0,2,3,1,2,11,5,6
LIBERTY COUNTY,291,84 Years,217,85,132,187,73,114,17,6,11,1,0,1,2,1,1,10,5,5
LIBERTY COUNTY,291,85 Years,210,82,128,181,71,110,16,6,10,0,0,0,4,1,3,9,4,5
LIBERTY COUNTY,291,86 Years,183,71,112,154,59,95,15,7,8,0,0,0,4,2,2,10,3,7
LIBERTY COUNTY,291,87 Years,166,62,104,141,49,92,12,6,6,1,0,1,3,3,0,9,4,5
LIBERTY COUNTY,291,88 Years,150,51,99,120,40,80,18,6,12,0,0,0,3,2,1,9,3,6
LIBERTY COUNTY,291,89 Years,115,41,74,97,34,63,10,4,6,0,0,0,1,0,1,7,3,4
LIBERTY COUNTY,291,90 Years,107,36,71,87,30,57,13,3,10,0,0,0,4,1,3,3,2,1
LIBERTY COUNTY,291,91 Years,91,25,66,77,21,56,8,2,6,1,0,1,2,0,2,3,2,1
LIBERTY COUNTY,291,92 Years,68,18,50,58,14,44,6,2,4,0,0,0,1,0,1,3,2,1
LIBERTY COUNTY,291,93 Years,54,15,39,45,12,33,5,2,3,0,0,0,1,0,1,3,1,2
LIBERTY COUNTY,291,94 Years,43,11,32,33,8,25,5,2,3,0,0,0,0,0,0,5,1,4
LIBERTY COUNTY,291,95 Years +,105,24,81,75,15,60,14,5,9,0,0,0,4,2,2,12,2,10
LIMESTONE COUNTY,293,All Ages,23843,12264,11579,13806,6951,6855,3970,2008,1962,98,51,47,531,285,246,5438,2969,2469
LIMESTONE COUNTY,293,< 1 Year,271,134,137,109,53,56,33,16,17,2,2,0,24,14,10,103,49,54
LIMESTONE COUNTY,293,1 Years,278,138,140,108,52,56,37,17,20,1,1,0,25,14,11,107,54,53
LIMESTONE COUNTY,293,2 Years,300,149,151,120,57,63,41,18,23,0,0,0,20,16,4,119,58,61
LIMESTONE COUNTY,293,3 Years,317,158,159,125,60,65,42,19,23,2,1,1,19,13,6,129,65,64
LIMESTONE COUNTY,293,4 Years,307,156,151,122,62,60,37,16,21,2,0,2,22,16,6,124,62,62
LIMESTONE COUNTY,293,5 Years,307,158,149,134,69,65,35,16,19,2,0,2,21,13,8,115,60,55
LIMESTONE COUNTY,293,6 Years,299,151,148,133,70,63,34,16,18,3,1,2,21,12,9,108,52,56
LIMESTONE COUNTY,293,7 Years,299,149,150,136,70,66,40,20,20,2,1,1,15,7,8,106,51,55
LIMESTONE COUNTY,293,8 Years,290,152,138,121,62,59,46,22,24,0,0,0,15,9,6,108,59,49
LIMESTONE COUNTY,293,9 Years,292,145,147,134,64,70,43,21,22,0,0,0,11,4,7,104,56,48
LIMESTONE COUNTY,293,10 Years,292,137,155,119,54,65,47,23,24,1,1,0,8,3,5,117,56,61
LIMESTONE COUNTY,293,11 Years,301,147,154,124,62,62,50,24,26,1,1,0,9,4,5,117,56,61
LIMESTONE COUNTY,293,12 Years,300,154,146,131,72,59,45,23,22,2,1,1,12,5,7,110,53,57
LIMESTONE COUNTY,293,13 Years,277,145,132,111,57,54,48,25,23,1,1,0,13,7,6,104,55,49
LIMESTONE COUNTY,293,14 Years,283,143,140,131,66,65,59,31,28,0,0,0,8,4,4,85,42,43
LIMESTONE COUNTY,293,15 Years,288,156,132,128,70,58,56,32,24,0,0,0,6,3,3,98,51,47
LIMESTONE COUNTY,293,16 Years,306,173,133,131,73,58,58,35,23,1,0,1,13,6,7,103,59,44
LIMESTONE COUNTY,293,17 Years,301,162,139,143,77,66,60,31,29,0,0,0,9,4,5,89,50,39
LIMESTONE COUNTY,293,18 Years,304,173,131,134,85,49,57,29,28,1,0,1,9,4,5,103,55,48
LIMESTONE COUNTY,293,19 Years,264,149,115,108,64,44,53,32,21,1,0,1,17,10,7,85,43,42
LIMESTONE COUNTY,293,20 Years,259,162,97,116,71,45,47,32,15,0,0,0,12,5,7,84,54,30
LIMESTONE COUNTY,293,21 Years,268,153,115,123,69,54,50,30,20,4,3,1,13,7,6,78,44,34
LIMESTONE COUNTY,293,22 Years,268,152,116,116,63,53,57,32,25,2,1,1,8,6,2,85,50,35
LIMESTONE COUNTY,293,23 Years,274,156,118,119,60,59,61,35,26,1,1,0,10,6,4,83,54,29
LIMESTONE COUNTY,293,24 Years,286,161,125,135,69,66,51,28,23,2,1,1,3,2,1,95,61,34
LIMESTONE COUNTY,293,25 Years,298,162,136,138,73,65,63,37,26,1,1,0,6,2,4,90,49,41
LIMESTONE COUNTY,293,26 Years,333,190,143,169,92,77,70,40,30,1,1,0,4,1,3,89,56,33
LIMESTONE COUNTY,293,27 Years,325,204,121,152,89,63,62,36,26,0,0,0,12,10,2,99,69,30
LIMESTONE COUNTY,293,28 Years,330,193,137,166,94,72,61,30,31,1,1,0,7,4,3,95,64,31
LIMESTONE COUNTY,293,29 Years,352,198,154,183,101,82,75,40,35,2,2,0,4,0,4,88,55,33
LIMESTONE COUNTY,293,30 Years,319,183,136,160,89,71,66,39,27,1,1,0,2,0,2,90,54,36
LIMESTONE COUNTY,293,31 Years,305,170,135,169,88,81,59,37,22,1,1,0,2,1,1,74,43,31
LIMESTONE COUNTY,293,32 Years,308,176,132,171,95,76,60,35,25,1,1,0,1,0,1,75,45,30
LIMESTONE COUNTY,293,33 Years,282,142,140,148,73,75,54,26,28,1,1,0,3,2,1,76,40,36
LIMESTONE COUNTY,293,34 Years,298,172,126,156,91,65,59,32,27,1,0,1,3,2,1,79,47,32
LIMESTONE COUNTY,293,35 Years,303,174,129,159,95,64,55,28,27,1,0,1,4,2,2,84,49,35
LIMESTONE COUNTY,293,36 Years,275,149,126,141,71,70,51,23,28,0,0,0,3,2,1,80,53,27
LIMESTONE COUNTY,293,37 Years,292,165,127,148,81,67,57,30,27,0,0,0,1,1,0,86,53,33
LIMESTONE COUNTY,293,38 Years,305,164,141,162,87,75,57,31,26,1,1,0,0,0,0,85,45,40
LIMESTONE COUNTY,293,39 Years,291,171,120,161,91,70,48,27,21,2,2,0,4,3,1,76,48,28
LIMESTONE COUNTY,293,40 Years,284,154,130,141,77,64,60,26,34,2,2,0,3,3,0,78,46,32
LIMESTONE COUNTY,293,41 Years,243,131,112,130,65,65,49,26,23,1,1,0,2,1,1,61,38,23
LIMESTONE COUNTY,293,42 Years,270,145,125,134,69,65,60,35,25,2,1,1,2,1,1,72,39,33
LIMESTONE COUNTY,293,43 Years,262,140,122,145,77,68,47,25,22,1,0,1,1,0,1,68,38,30
LIMESTONE COUNTY,293,44 Years,238,123,115,131,66,65,35,22,13,1,0,1,1,1,0,70,34,36
LIMESTONE COUNTY,293,45 Years,265,134,131,141,70,71,51,29,22,2,1,1,1,1,0,70,33,37
LIMESTONE COUNTY,293,46 Years,269,135,134,158,77,81,46,24,22,0,0,0,4,1,3,61,33,28
LIMESTONE COUNTY,293,47 Years,262,132,130,152,78,74,51,24,27,2,1,1,2,0,2,55,29,26
LIMESTONE COUNTY,293,48 Years,264,134,130,162,79,83,46,21,25,1,1,0,4,1,3,51,32,19
LIMESTONE COUNTY,293,49 Years,249,120,129,144,68,76,48,27,21,1,1,0,3,1,2,53,23,30
LIMESTONE COUNTY,293,50 Years,258,126,132,146,73,73,44,21,23,3,1,2,1,1,0,64,30,34
LIMESTONE COUNTY,293,51 Years,260,111,149,147,67,80,52,20,32,2,1,1,0,0,0,59,23,36
LIMESTONE COUNTY,293,52 Years,261,131,130,160,76,84,45,22,23,2,1,1,0,0,0,54,32,22
LIMESTONE COUNTY,293,53 Years,316,150,166,198,88,110,50,23,27,2,2,0,2,1,1,64,36,28
LIMESTONE COUNTY,293,54 Years,319,159,160,214,108,106,49,21,28,3,1,2,7,3,4,46,26,20
LIMESTONE COUNTY,293,55 Years,311,172,139,204,120,84,52,24,28,0,0,0,5,0,5,50,28,22
LIMESTONE COUNTY,293,56 Years,338,179,159,233,129,104,53,25,28,0,0,0,3,2,1,49,23,26
LIMESTONE COUNTY,293,57 Years,319,155,164,223,105,118,51,28,23,1,0,1,2,2,0,42,20,22
LIMESTONE COUNTY,293,58 Years,331,155,176,225,105,120,55,25,30,1,0,1,2,1,1,48,24,24
LIMESTONE COUNTY,293,59 Years,343,149,194,226,102,124,74,24,50,3,0,3,3,1,2,37,22,15
LIMESTONE COUNTY,293,60 Years,329,156,173,234,112,122,57,21,36,1,0,1,2,0,2,35,23,12
LIMESTONE COUNTY,293,61 Years,335,171,164,237,124,113,60,27,33,2,2,0,1,0,1,35,18,17
LIMESTONE COUNTY,293,62 Years,360,179,181,269,128,141,58,29,29,2,1,1,4,2,2,27,19,8
LIMESTONE COUNTY,293,63 Years,370,193,177,258,128,130,68,37,31,3,0,3,5,4,1,36,24,12
LIMESTONE COUNTY,293,64 Years,347,176,171,261,128,133,50,27,23,0,0,0,8,4,4,28,17,11
LIMESTONE COUNTY,293,65 Years,303,145,158,213,102,111,56,29,27,1,0,1,4,2,2,29,12,17
LIMESTONE COUNTY,293,66 Years,312,138,174,221,93,128,51,26,25,3,2,1,4,2,2,33,15,18
LIMESTONE COUNTY,293,67 Years,300,143,157,223,104,119,50,26,24,0,0,0,4,2,2,23,11,12
LIMESTONE COUNTY,293,68 Years,273,142,131,205,102,103,48,30,18,0,0,0,5,4,1,15,6,9
LIMESTONE COUNTY,293,69 Years,249,122,127,201,97,104,35,20,15,1,0,1,1,1,0,11,4,7
LIMESTONE COUNTY,293,70 Years,286,138,148,242,113,129,27,15,12,0,0,0,4,2,2,13,8,5
LIMESTONE COUNTY,293,71 Years,271,141,130,225,116,109,30,15,15,1,1,0,2,1,1,13,8,5
LIMESTONE COUNTY,293,72 Years,213,112,101,173,91,82,26,14,12,0,0,0,2,1,1,12,6,6
LIMESTONE COUNTY,293,73 Years,228,111,117,174,85,89,24,10,14,2,0,2,3,2,1,25,14,11
LIMESTONE COUNTY,293,74 Years,237,121,116,192,98,94,26,12,14,0,0,0,3,0,3,16,11,5
LIMESTONE COUNTY,293,75 Years,204,90,114,163,74,89,24,8,16,1,1,0,3,1,2,13,6,7
LIMESTONE COUNTY,293,76 Years,183,79,104,155,71,84,16,4,12,0,0,0,2,1,1,10,3,7
LIMESTONE COUNTY,293,77 Years,178,79,99,151,68,83,15,5,10,1,0,1,2,1,1,9,5,4
LIMESTONE COUNTY,293,78 Years,150,71,79,129,65,64,13,4,9,0,0,0,3,0,3,5,2,3
LIMESTONE COUNTY,293,79 Years,141,65,76,122,59,63,11,3,8,1,0,1,4,2,2,3,1,2
LIMESTONE COUNTY,293,80 Years,108,48,60,95,43,52,9,3,6,0,0,0,1,0,1,3,2,1
LIMESTONE COUNTY,293,81 Years,107,47,60,86,41,45,13,3,10,0,0,0,2,1,1,6,2,4
LIMESTONE COUNTY,293,82 Years,112,47,65,91,40,51,10,3,7,0,0,0,1,0,1,10,4,6
LIMESTONE COUNTY,293,83 Years,106,49,57,87,41,46,9,3,6,0,0,0,3,2,1,7,3,4
LIMESTONE COUNTY,293,84 Years,80,34,46,68,29,39,6,1,5,0,0,0,2,1,1,4,3,1
LIMESTONE COUNTY,293,85 Years,80,34,46,68,28,40,8,3,5,1,1,0,2,1,1,1,1,0
LIMESTONE COUNTY,293,86 Years,70,30,40,54,22,32,8,4,4,1,1,0,2,1,1,5,2,3
LIMESTONE COUNTY,293,87 Years,68,26,42,53,21,32,7,3,4,0,0,0,3,1,2,5,1,4
LIMESTONE COUNTY,293,88 Years,66,24,42,53,19,34,9,4,5,0,0,0,0,0,0,4,1,3
LIMESTONE COUNTY,293,89 Years,56,20,36,44,17,27,8,3,5,1,0,1,1,0,1,2,0,2
LIMESTONE COUNTY,293,90 Years,47,21,26,35,16,19,6,2,4,1,0,1,1,1,0,4,2,2
LIMESTONE COUNTY,293,91 Years,35,16,19,25,11,14,7,3,4,0,0,0,0,0,0,3,2,1
LIMESTONE COUNTY,293,92 Years,32,11,21,25,9,16,5,1,4,0,0,0,0,0,0,2,1,1
LIMESTONE COUNTY,293,93 Years,24,7,17,17,5,12,4,1,3,0,0,0,0,0,0,3,1,2
LIMESTONE COUNTY,293,94 Years,21,5,16,14,4,10,3,0,3,0,0,0,0,0,0,4,1,3
LIMESTONE COUNTY,293,95 Years +,53,12,41,35,7,28,11,3,8,0,0,0,0,0,0,7,2,5
LIPSCOMB COUNTY,295,All Ages,3337,1713,1624,2137,1077,1060,5,2,3,10,3,7,69,29,40,1116,602,514
LIPSCOMB COUNTY,295,< 1 Year,40,18,22,21,10,11,0,0,0,0,0,0,1,1,0,18,7,11
LIPSCOMB COUNTY,295,1 Years,41,21,20,22,11,11,0,0,0,0,0,0,1,1,0,18,9,9
LIPSCOMB COUNTY,295,2 Years,45,24,21,24,13,11,0,0,0,0,0,0,0,0,0,21,11,10
LIPSCOMB COUNTY,295,3 Years,47,25,22,24,13,11,0,0,0,0,0,0,0,0,0,23,12,11
LIPSCOMB COUNTY,295,4 Years,48,26,22,21,11,10,0,0,0,0,0,0,2,1,1,25,14,11
LIPSCOMB COUNTY,295,5 Years,44,24,20,20,10,10,0,0,0,0,0,0,2,1,1,22,13,9
LIPSCOMB COUNTY,295,6 Years,44,25,19,20,10,10,0,0,0,0,0,0,0,0,0,24,15,9
LIPSCOMB COUNTY,295,7 Years,46,27,19,22,12,10,0,0,0,0,0,0,1,1,0,23,14,9
LIPSCOMB COUNTY,295,8 Years,53,31,22,27,15,12,0,0,0,0,0,0,0,0,0,26,16,10
LIPSCOMB COUNTY,295,9 Years,50,26,24,24,15,9,0,0,0,0,0,0,2,1,1,24,10,14
LIPSCOMB COUNTY,295,10 Years,52,22,30,22,12,10,0,0,0,0,0,0,2,0,2,28,10,18
LIPSCOMB COUNTY,295,11 Years,46,21,25,22,9,13,0,0,0,0,0,0,1,0,1,23,12,11
LIPSCOMB COUNTY,295,12 Years,47,24,23,28,17,11,0,0,0,0,0,0,1,0,1,18,7,11
LIPSCOMB COUNTY,295,13 Years,42,17,25,18,9,9,0,0,0,0,0,0,1,0,1,23,8,15
LIPSCOMB COUNTY,295,14 Years,54,28,26,26,11,15,1,1,0,0,0,0,0,0,0,27,16,11
LIPSCOMB COUNTY,295,15 Years,41,19,22,22,8,14,0,0,0,0,0,0,0,0,0,19,11,8
LIPSCOMB COUNTY,295,16 Years,46,21,25,23,10,13,1,0,1,0,0,0,2,0,2,20,11,9
LIPSCOMB COUNTY,295,17 Years,42,19,23,21,10,11,1,0,1,0,0,0,2,1,1,18,8,10
LIPSCOMB COUNTY,295,18 Years,44,18,26,26,10,16,0,0,0,0,0,0,2,0,2,16,8,8
LIPSCOMB COUNTY,295,19 Years,40,19,21,24,12,12,0,0,0,1,1,0,0,0,0,15,6,9
LIPSCOMB COUNTY,295,20 Years,45,24,21,26,13,13,0,0,0,1,1,0,1,1,0,17,9,8
LIPSCOMB COUNTY,295,21 Years,46,24,22,24,11,13,0,0,0,0,0,0,2,1,1,20,12,8
LIPSCOMB COUNTY,295,22 Years,48,27,21,27,15,12,0,0,0,1,0,1,1,1,0,19,11,8
LIPSCOMB COUNTY,295,23 Years,46,26,20,25,15,10,0,0,0,1,0,1,3,3,0,17,8,9
LIPSCOMB COUNTY,295,24 Years,38,21,17,22,12,10,0,0,0,0,0,0,1,1,0,15,8,7
LIPSCOMB COUNTY,295,25 Years,46,23,23,29,14,15,0,0,0,1,1,0,0,0,0,16,8,8
LIPSCOMB COUNTY,295,26 Years,36,19,17,21,13,8,0,0,0,0,0,0,1,0,1,14,6,8
LIPSCOMB COUNTY,295,27 Years,35,18,17,19,10,9,0,0,0,0,0,0,0,0,0,16,8,8
LIPSCOMB COUNTY,295,28 Years,34,19,15,21,11,10,0,0,0,0,0,0,0,0,0,13,8,5
LIPSCOMB COUNTY,295,29 Years,36,20,16,20,14,6,0,0,0,1,0,1,0,0,0,15,6,9
LIPSCOMB COUNTY,295,30 Years,42,26,16,15,9,6,0,0,0,1,0,1,1,0,1,25,17,8
LIPSCOMB COUNTY,295,31 Years,36,21,15,16,6,10,0,0,0,0,0,0,1,0,1,19,15,4
LIPSCOMB COUNTY,295,32 Years,49,31,18,21,14,7,0,0,0,1,0,1,1,0,1,26,17,9
LIPSCOMB COUNTY,295,33 Years,45,25,20,19,13,6,0,0,0,0,0,0,1,0,1,25,12,13
LIPSCOMB COUNTY,295,34 Years,43,25,18,22,12,10,0,0,0,0,0,0,1,1,0,20,12,8
LIPSCOMB COUNTY,295,35 Years,46,27,19,30,15,15,0,0,0,0,0,0,0,0,0,16,12,4
LIPSCOMB COUNTY,295,36 Years,42,26,16,26,15,11,0,0,0,0,0,0,0,0,0,16,11,5
LIPSCOMB COUNTY,295,37 Years,38,23,15,23,14,9,0,0,0,0,0,0,0,0,0,15,9,6
LIPSCOMB COUNTY,295,38 Years,37,21,16,17,9,8,1,0,1,0,0,0,2,2,0,17,10,7
LIPSCOMB COUNTY,295,39 Years,38,22,16,19,11,8,0,0,0,0,0,0,1,0,1,18,11,7
LIPSCOMB COUNTY,295,40 Years,30,12,18,14,5,9,0,0,0,0,0,0,0,0,0,16,7,9
LIPSCOMB COUNTY,295,41 Years,33,12,21,15,5,10,0,0,0,0,0,0,1,0,1,17,7,10
LIPSCOMB COUNTY,295,42 Years,33,13,20,18,7,11,0,0,0,0,0,0,1,0,1,14,6,8
LIPSCOMB COUNTY,295,43 Years,35,19,16,23,13,10,1,1,0,0,0,0,1,1,0,10,4,6
LIPSCOMB COUNTY,295,44 Years,27,15,12,15,9,6,0,0,0,0,0,0,1,0,1,11,6,5
LIPSCOMB COUNTY,295,45 Years,31,17,14,15,8,7,0,0,0,0,0,0,2,1,1,14,8,6
LIPSCOMB COUNTY,295,46 Years,38,17,21,23,11,12,0,0,0,0,0,0,1,0,1,14,6,8
LIPSCOMB COUNTY,295,47 Years,35,15,20,25,10,15,0,0,0,0,0,0,0,0,0,10,5,5
LIPSCOMB COUNTY,295,48 Years,35,21,14,18,8,10,0,0,0,1,0,1,1,1,0,15,12,3
LIPSCOMB COUNTY,295,49 Years,37,22,15,18,9,9,0,0,0,0,0,0,3,2,1,16,11,5
LIPSCOMB COUNTY,295,50 Years,28,15,13,16,7,9,0,0,0,0,0,0,1,0,1,11,8,3
LIPSCOMB COUNTY,295,51 Years,28,14,14,19,9,10,0,0,0,0,0,0,1,0,1,8,5,3
LIPSCOMB COUNTY,295,52 Years,38,20,18,25,13,12,0,0,0,0,0,0,0,0,0,13,7,6
LIPSCOMB COUNTY,295,53 Years,49,25,24,30,13,17,0,0,0,0,0,0,0,0,0,19,12,7
LIPSCOMB COUNTY,295,54 Years,45,27,18,30,15,15,0,0,0,0,0,0,0,0,0,15,12,3
LIPSCOMB COUNTY,295,55 Years,50,25,25,39,20,19,0,0,0,0,0,0,0,0,0,11,5,6
LIPSCOMB COUNTY,295,56 Years,49,22,27,41,20,21,0,0,0,0,0,0,0,0,0,8,2,6
LIPSCOMB COUNTY,295,57 Years,50,22,28,42,18,24,0,0,0,0,0,0,0,0,0,8,4,4
LIPSCOMB COUNTY,295,58 Years,46,25,21,37,21,16,0,0,0,0,0,0,1,0,1,8,4,4
LIPSCOMB COUNTY,295,59 Years,48,24,24,38,18,20,0,0,0,0,0,0,3,2,1,7,4,3
LIPSCOMB COUNTY,295,60 Years,42,18,24,32,15,17,0,0,0,0,0,0,1,0,1,9,3,6
LIPSCOMB COUNTY,295,61 Years,38,20,18,31,17,14,0,0,0,0,0,0,1,0,1,6,3,3
LIPSCOMB COUNTY,295,62 Years,37,22,15,30,18,12,0,0,0,0,0,0,2,1,1,5,3,2
LIPSCOMB COUNTY,295,63 Years,34,15,19,28,11,17,0,0,0,0,0,0,2,1,1,4,3,1
LIPSCOMB COUNTY,295,64 Years,47,22,25,42,19,23,0,0,0,0,0,0,0,0,0,5,3,2
LIPSCOMB COUNTY,295,65 Years,40,23,17,35,20,15,0,0,0,0,0,0,1,0,1,4,3,1
LIPSCOMB COUNTY,295,66 Years,46,30,16,40,28,12,0,0,0,0,0,0,1,0,1,5,2,3
LIPSCOMB COUNTY,295,67 Years,39,20,19,35,18,17,0,0,0,0,0,0,0,0,0,4,2,2
LIPSCOMB COUNTY,295,68 Years,33,14,19,30,13,17,0,0,0,0,0,0,1,0,1,2,1,1
LIPSCOMB COUNTY,295,69 Years,33,18,15,30,16,14,0,0,0,0,0,0,0,0,0,3,2,1
LIPSCOMB COUNTY,295,70 Years,42,23,19,37,21,16,0,0,0,0,0,0,0,0,0,5,2,3
LIPSCOMB COUNTY,295,71 Years,35,21,14,33,19,14,0,0,0,0,0,0,0,0,0,2,2,0
LIPSCOMB COUNTY,295,72 Years,21,11,10,20,10,10,0,0,0,0,0,0,0,0,0,1,1,0
LIPSCOMB COUNTY,295,73 Years,21,10,11,20,10,10,0,0,0,0,0,0,0,0,0,1,0,1
LIPSCOMB COUNTY,295,74 Years,25,10,15,21,8,13,0,0,0,0,0,0,1,1,0,3,1,2
LIPSCOMB COUNTY,295,75 Years,27,10,17,24,9,15,0,0,0,0,0,0,0,0,0,3,1,2
LIPSCOMB COUNTY,295,76 Years,28,12,16,26,11,15,0,0,0,0,0,0,0,0,0,2,1,1
LIPSCOMB COUNTY,295,77 Years,20,10,10,18,9,9,0,0,0,0,0,0,0,0,0,2,1,1
LIPSCOMB COUNTY,295,78 Years,17,8,9,14,7,7,0,0,0,0,0,0,2,1,1,1,0,1
LIPSCOMB COUNTY,295,79 Years,27,11,16,24,10,14,0,0,0,0,0,0,2,1,1,1,0,1
LIPSCOMB COUNTY,295,80 Years,25,13,12,24,12,12,0,0,0,0,0,0,0,0,0,1,1,0
LIPSCOMB COUNTY,295,81 Years,21,8,13,20,8,12,0,0,0,0,0,0,0,0,0,1,0,1
LIPSCOMB COUNTY,295,82 Years,15,8,7,13,8,5,0,0,0,0,0,0,1,0,1,1,0,1
LIPSCOMB COUNTY,295,83 Years,14,8,6,13,7,6,0,0,0,0,0,0,0,0,0,1,1,0
LIPSCOMB COUNTY,295,84 Years,15,7,8,14,6,8,0,0,0,0,0,0,0,0,0,1,1,0
LIPSCOMB COUNTY,295,85 Years,13,5,8,12,5,7,0,0,0,0,0,0,0,0,0,1,0,1
LIPSCOMB COUNTY,295,86 Years,12,6,6,11,5,6,0,0,0,0,0,0,0,0,0,1,1,0
LIPSCOMB COUNTY,295,87 Years,12,4,8,10,4,6,0,0,0,1,0,1,0,0,0,1,0,1
LIPSCOMB COUNTY,295,88 Years,11,3,8,10,3,7,0,0,0,0,0,0,0,0,0,1,0,1
LIPSCOMB COUNTY,295,89 Years,9,4,5,8,3,5,0,0,0,0,0,0,0,0,0,1,1,0
LIPSCOMB COUNTY,295,90 Years,7,2,5,6,2,4,0,0,0,0,0,0,0,0,0,1,0,1
LIPSCOMB COUNTY,295,91 Years,6,3,3,6,3,3,0,0,0,0,0,0,0,0,0,0,0,0
LIPSCOMB COUNTY,295,92 Years,5,2,3,5,2,3,0,0,0,0,0,0,0,0,0,0,0,0
LIPSCOMB COUNTY,295,93 Years,5,2,3,4,2,2,0,0,0,0,0,0,0,0,0,1,0,1
LIPSCOMB COUNTY,295,94 Years,4,1,3,3,1,2,0,0,0,0,0,0,0,0,0,1,0,1
LIPSCOMB COUNTY,295,95 Years +,8,4,4,8,4,4,0,0,0,0,0,0,0,0,0,0,0,0
LIVE OAK COUNTY,297,All Ages,12058,6476,5582,6869,3521,3348,467,449,18,64,43,21,163,93,70,4495,2370,2125
LIVE OAK COUNTY,297,< 1 Year,147,82,65,76,42,34,0,0,0,2,1,1,2,1,1,67,38,29
LIVE OAK COUNTY,297,1 Years,146,78,68,77,42,35,0,0,0,3,2,1,3,2,1,63,32,31
LIVE OAK COUNTY,297,2 Years,140,77,63,74,42,32,0,0,0,2,1,1,2,1,1,62,33,29
LIVE OAK COUNTY,297,3 Years,145,76,69,81,45,36,0,0,0,0,0,0,0,0,0,64,31,33
LIVE OAK COUNTY,297,4 Years,142,77,65,81,46,35,0,0,0,0,0,0,0,0,0,61,31,30
LIVE OAK COUNTY,297,5 Years,141,76,65,84,46,38,0,0,0,0,0,0,0,0,0,57,30,27
LIVE OAK COUNTY,297,6 Years,139,72,67,81,43,38,0,0,0,0,0,0,0,0,0,58,29,29
LIVE OAK COUNTY,297,7 Years,144,72,72,84,43,41,0,0,0,0,0,0,0,0,0,60,29,31
LIVE OAK COUNTY,297,8 Years,114,55,59,64,32,32,1,1,0,1,0,1,0,0,0,48,22,26
LIVE OAK COUNTY,297,9 Years,134,65,69,71,34,37,1,1,0,0,0,0,2,0,2,60,30,30
LIVE OAK COUNTY,297,10 Years,124,60,64,54,22,32,1,1,0,0,0,0,2,1,1,67,36,31
LIVE OAK COUNTY,297,11 Years,121,64,57,61,32,29,1,0,1,0,0,0,2,1,1,57,31,26
LIVE OAK COUNTY,297,12 Years,136,70,66,77,38,39,1,0,1,1,1,0,1,0,1,56,31,25
LIVE OAK COUNTY,297,13 Years,131,66,65,70,35,35,2,1,1,0,0,0,3,1,2,56,29,27
LIVE OAK COUNTY,297,14 Years,120,57,63,57,28,29,1,0,1,0,0,0,2,1,1,60,28,32
LIVE OAK COUNTY,297,15 Years,121,62,59,57,25,32,0,0,0,1,1,0,1,1,0,62,35,27
LIVE OAK COUNTY,297,16 Years,147,70,77,70,32,38,1,0,1,1,1,0,0,0,0,75,37,38
LIVE OAK COUNTY,297,17 Years,138,72,66,67,35,32,1,1,0,1,1,0,1,0,1,68,35,33
LIVE OAK COUNTY,297,18 Years,132,65,67,60,30,30,1,1,0,0,0,0,4,1,3,67,33,34
LIVE OAK COUNTY,297,19 Years,114,56,58,48,23,25,2,2,0,0,0,0,3,1,2,61,30,31
LIVE OAK COUNTY,297,20 Years,121,68,53,47,24,23,4,2,2,0,0,0,3,2,1,67,40,27
LIVE OAK COUNTY,297,21 Years,124,68,56,53,30,23,7,5,2,1,0,1,2,1,1,61,32,29
LIVE OAK COUNTY,297,22 Years,137,67,70,51,25,26,7,6,1,1,1,0,3,1,2,75,34,41
LIVE OAK COUNTY,297,23 Years,143,78,65,55,27,28,7,7,0,0,0,0,3,2,1,78,42,36
LIVE OAK COUNTY,297,24 Years,182,107,75,82,42,40,16,15,1,2,1,1,2,2,0,80,47,33
LIVE OAK COUNTY,297,25 Years,189,104,85,97,59,38,9,9,0,1,0,1,1,0,1,81,36,45
LIVE OAK COUNTY,297,26 Years,200,116,84,104,58,46,16,15,1,1,1,0,2,1,1,77,41,36
LIVE OAK COUNTY,297,27 Years,156,90,66,78,41,37,8,8,0,1,1,0,4,3,1,65,37,28
LIVE OAK COUNTY,297,28 Years,172,104,68,79,36,43,22,21,1,3,3,0,3,3,0,65,41,24
LIVE OAK COUNTY,297,29 Years,179,112,67,95,51,44,13,13,0,1,1,0,5,5,0,65,42,23
LIVE OAK COUNTY,297,30 Years,175,101,74,88,41,47,20,19,1,0,0,0,5,2,3,62,39,23
LIVE OAK COUNTY,297,31 Years,157,97,60,74,35,39,21,20,1,1,1,0,4,3,1,57,38,19
LIVE OAK COUNTY,297,32 Years,169,115,54,73,43,30,21,20,1,1,1,0,2,1,1,72,50,22
LIVE OAK COUNTY,297,33 Years,154,96,58,74,42,32,21,21,0,1,1,0,1,1,0,57,31,26
LIVE OAK COUNTY,297,34 Years,161,99,62,79,44,35,23,23,0,1,1,0,1,1,0,57,30,27
LIVE OAK COUNTY,297,35 Years,138,90,48,73,45,28,16,16,0,0,0,0,1,1,0,48,28,20
LIVE OAK COUNTY,297,36 Years,151,99,52,77,50,27,23,23,0,0,0,0,4,4,0,47,22,25
LIVE OAK COUNTY,297,37 Years,158,106,52,83,55,28,21,21,0,1,1,0,0,0,0,53,29,24
LIVE OAK COUNTY,297,38 Years,151,98,53,82,48,34,17,17,0,1,1,0,1,1,0,50,31,19
LIVE OAK COUNTY,297,39 Years,137,85,52,68,35,33,20,20,0,1,1,0,2,2,0,46,27,19
LIVE OAK COUNTY,297,40 Years,121,75,46,51,28,23,18,18,0,1,1,0,4,3,1,47,25,22
LIVE OAK COUNTY,297,41 Years,108,68,40,53,31,22,14,14,0,1,1,0,2,1,1,38,21,17
LIVE OAK COUNTY,297,42 Years,141,74,67,76,34,42,13,13,0,1,1,0,2,2,0,49,24,25
LIVE OAK COUNTY,297,43 Years,137,77,60,73,33,40,12,12,0,1,1,0,1,1,0,50,30,20
LIVE OAK COUNTY,297,44 Years,141,78,63,73,36,37,15,15,0,2,2,0,1,1,0,50,24,26
LIVE OAK COUNTY,297,45 Years,110,57,53,56,28,28,8,8,0,2,2,0,0,0,0,44,19,25
LIVE OAK COUNTY,297,46 Years,117,65,52,63,33,30,7,7,0,4,3,1,3,0,3,40,22,18
LIVE OAK COUNTY,297,47 Years,109,62,47,57,28,29,8,8,0,3,2,1,3,2,1,38,22,16
LIVE OAK COUNTY,297,48 Years,122,72,50,60,33,27,7,7,0,1,0,1,1,1,0,53,31,22
LIVE OAK COUNTY,297,49 Years,126,75,51,69,34,35,7,7,0,0,0,0,2,1,1,48,33,15
LIVE OAK COUNTY,297,50 Years,135,77,58,81,42,39,4,4,0,0,0,0,0,0,0,50,31,19
LIVE OAK COUNTY,297,51 Years,124,69,55,65,36,29,3,3,0,0,0,0,0,0,0,56,30,26
LIVE OAK COUNTY,297,52 Years,142,84,58,75,39,36,9,9,0,0,0,0,2,2,0,56,34,22
LIVE OAK COUNTY,297,53 Years,155,77,78,100,45,55,2,2,0,1,0,1,1,1,0,51,29,22
LIVE OAK COUNTY,297,54 Years,158,71,87,103,43,60,2,2,0,0,0,0,1,0,1,52,26,26
LIVE OAK COUNTY,297,55 Years,185,79,106,126,53,73,1,1,0,0,0,0,2,0,2,56,25,31
LIVE OAK COUNTY,297,56 Years,167,89,78,115,62,53,1,1,0,0,0,0,2,0,2,49,26,23
LIVE OAK COUNTY,297,57 Years,177,96,81,121,63,58,2,2,0,0,0,0,2,1,1,52,30,22
LIVE OAK COUNTY,297,58 Years,178,88,90,121,61,60,1,1,0,1,0,1,1,0,1,54,26,28
LIVE OAK COUNTY,297,59 Years,145,70,75,98,47,51,1,1,0,2,0,2,1,0,1,43,22,21
LIVE OAK COUNTY,297,60 Years,174,91,83,109,52,57,3,3,0,1,1,0,1,1,0,60,34,26
LIVE OAK COUNTY,297,61 Years,167,88,79,111,56,55,1,1,0,1,0,1,2,1,1,52,30,22
LIVE OAK COUNTY,297,62 Years,158,70,88,105,49,56,1,1,0,0,0,0,2,0,2,50,20,30
LIVE OAK COUNTY,297,63 Years,162,86,76,116,64,52,0,0,0,0,0,0,1,0,1,45,22,23
LIVE OAK COUNTY,297,64 Years,169,86,83,110,52,58,0,0,0,0,0,0,2,1,1,57,33,24
LIVE OAK COUNTY,297,65 Years,176,93,83,128,67,61,0,0,0,1,1,0,4,2,2,43,23,20
LIVE OAK COUNTY,297,66 Years,164,84,80,119,61,58,0,0,0,1,1,0,4,3,1,40,19,21
LIVE OAK COUNTY,297,67 Years,147,75,72,102,52,50,0,0,0,3,1,2,1,1,0,41,21,20
LIVE OAK COUNTY,297,68 Years,159,74,85,110,52,58,0,0,0,1,0,1,1,1,0,47,21,26
LIVE OAK COUNTY,297,69 Years,150,75,75,108,52,56,0,0,0,0,0,0,1,1,0,41,22,19
LIVE OAK COUNTY,297,70 Years,131,69,62,91,50,41,0,0,0,1,0,1,1,1,0,38,18,20
LIVE OAK COUNTY,297,71 Years,144,69,75,100,49,51,0,0,0,1,0,1,4,2,2,39,18,21
LIVE OAK COUNTY,297,72 Years,130,66,64,86,49,37,0,0,0,2,1,1,3,1,2,39,15,24
LIVE OAK COUNTY,297,73 Years,119,59,60,83,45,38,0,0,0,0,0,0,3,1,2,33,13,20
LIVE OAK COUNTY,297,74 Years,132,74,58,87,50,37,1,0,1,0,0,0,3,2,1,41,22,19
LIVE OAK COUNTY,297,75 Years,120,71,49,82,47,35,1,0,1,0,0,0,3,2,1,34,22,12
LIVE OAK COUNTY,297,76 Years,110,59,51,75,40,35,0,0,0,1,1,0,3,1,2,31,17,14
LIVE OAK COUNTY,297,77 Years,102,58,44,74,43,31,0,0,0,1,1,0,1,1,0,26,13,13
LIVE OAK COUNTY,297,78 Years,91,45,46,58,30,28,0,0,0,0,0,0,1,1,0,32,14,18
LIVE OAK COUNTY,297,79 Years,82,37,45,53,25,28,0,0,0,0,0,0,0,0,0,29,12,17
LIVE OAK COUNTY,297,80 Years,74,33,41,47,22,25,0,0,0,0,0,0,3,1,2,24,10,14
LIVE OAK COUNTY,297,81 Years,70,29,41,44,19,25,0,0,0,0,0,0,2,0,2,24,10,14
LIVE OAK COUNTY,297,82 Years,70,29,41,44,20,24,0,0,0,0,0,0,0,0,0,26,9,17
LIVE OAK COUNTY,297,83 Years,67,29,38,46,21,25,0,0,0,0,0,0,0,0,0,21,8,13
LIVE OAK COUNTY,297,84 Years,54,24,30,36,16,20,0,0,0,0,0,0,1,1,0,17,7,10
LIVE OAK COUNTY,297,85 Years,46,20,26,28,13,15,0,0,0,0,0,0,2,1,1,16,6,10
LIVE OAK COUNTY,297,86 Years,43,21,22,28,15,13,0,0,0,0,0,0,1,1,0,14,5,9
LIVE OAK COUNTY,297,87 Years,42,17,25,29,11,18,0,0,0,0,0,0,2,1,1,11,5,6
LIVE OAK COUNTY,297,88 Years,35,13,22,25,9,16,0,0,0,0,0,0,1,0,1,9,4,5
LIVE OAK COUNTY,297,89 Years,27,11,16,18,7,11,0,0,0,0,0,0,1,1,0,8,3,5
LIVE OAK COUNTY,297,90 Years,24,10,14,15,6,9,0,0,0,0,0,0,1,1,0,8,3,5
LIVE OAK COUNTY,297,91 Years,24,8,16,17,5,12,0,0,0,0,0,0,0,0,0,7,3,4
LIVE OAK COUNTY,297,92 Years,19,8,11,13,5,8,0,0,0,0,0,0,0,0,0,6,3,3
LIVE OAK COUNTY,297,93 Years,13,6,7,9,5,4,0,0,0,0,0,0,0,0,0,4,1,3
LIVE OAK COUNTY,297,94 Years,9,4,5,5,2,3,0,0,0,0,0,0,0,0,0,4,2,2
LIVE OAK COUNTY,297,95 Years +,26,10,16,16,5,11,0,0,0,0,0,0,0,0,0,10,5,5
LLANO COUNTY,299,All Ages,21576,10342,11234,18633,8927,9706,137,83,54,92,34,58,374,185,189,2340,1113,1227
LLANO COUNTY,299,< 1 Year,206,103,103,151,76,75,1,0,1,3,1,2,11,6,5,40,20,20
LLANO COUNTY,299,1 Years,206,101,105,150,73,77,3,2,1,1,0,1,10,5,5,42,21,21
LLANO COUNTY,299,2 Years,211,105,106,156,77,79,2,1,1,2,2,0,10,5,5,41,20,21
LLANO COUNTY,299,3 Years,213,105,108,158,78,80,5,3,2,0,0,0,9,4,5,41,20,21
LLANO COUNTY,299,4 Years,210,112,98,158,85,73,3,2,1,1,1,0,6,2,4,42,22,20
LLANO COUNTY,299,5 Years,203,107,96,154,81,73,3,2,1,1,1,0,6,4,2,39,19,20
LLANO COUNTY,299,6 Years,199,109,90,144,77,67,2,2,0,1,1,0,7,4,3,45,25,20
LLANO COUNTY,299,7 Years,200,99,101,137,67,70,2,2,0,3,2,1,6,3,3,52,25,27
LLANO COUNTY,299,8 Years,175,83,92,121,66,55,3,2,1,0,0,0,6,3,3,45,12,33
LLANO COUNTY,299,9 Years,165,85,80,120,63,57,2,2,0,0,0,0,8,5,3,35,15,20
LLANO COUNTY,299,10 Years,212,108,104,149,73,76,1,1,0,2,1,1,7,4,3,53,29,24
LLANO COUNTY,299,11 Years,189,89,100,129,61,68,1,1,0,0,0,0,6,2,4,53,25,28
LLANO COUNTY,299,12 Years,172,87,85,118,68,50,1,1,0,1,0,1,5,2,3,47,16,31
LLANO COUNTY,299,13 Years,169,88,81,126,71,55,1,1,0,1,0,1,4,1,3,37,15,22
LLANO COUNTY,299,14 Years,168,89,79,125,65,60,1,1,0,0,0,0,3,1,2,39,22,17
LLANO COUNTY,299,15 Years,165,90,75,112,64,48,1,1,0,2,0,2,4,3,1,46,22,24
LLANO COUNTY,299,16 Years,191,101,90,133,69,64,4,1,3,1,0,1,7,7,0,46,24,22
LLANO COUNTY,299,17 Years,197,106,91,135,70,65,3,1,2,1,1,0,8,5,3,50,29,21
LLANO COUNTY,299,18 Years,162,81,81,114,58,56,2,1,1,2,1,1,5,1,4,39,20,19
LLANO COUNTY,299,19 Years,160,87,73,114,59,55,4,2,2,2,1,1,5,3,2,35,22,13
LLANO COUNTY,299,20 Years,163,92,71,113,58,55,4,2,2,1,1,0,6,3,3,39,28,11
LLANO COUNTY,299,21 Years,166,86,80,125,67,58,2,1,1,0,0,0,3,1,2,36,17,19
LLANO COUNTY,299,22 Years,183,92,91,134,66,68,2,2,0,0,0,0,5,3,2,42,21,21
LLANO COUNTY,299,23 Years,178,87,91,136,68,68,4,1,3,1,0,1,4,3,1,33,15,18
LLANO COUNTY,299,24 Years,194,106,88,142,74,68,1,1,0,2,2,0,5,5,0,44,24,20
LLANO COUNTY,299,25 Years,188,90,98,156,71,85,1,1,0,1,1,0,3,3,0,27,14,13
LLANO COUNTY,299,26 Years,207,102,105,167,73,94,1,1,0,0,0,0,4,3,1,35,25,10
LLANO COUNTY,299,27 Years,181,84,97,143,63,80,2,1,1,0,0,0,3,2,1,33,18,15
LLANO COUNTY,299,28 Years,185,79,106,141,61,80,1,0,1,0,0,0,3,2,1,40,16,24
LLANO COUNTY,299,29 Years,166,67,99,121,52,69,2,0,2,0,0,0,3,2,1,40,13,27
LLANO COUNTY,299,30 Years,155,75,80,123,59,64,1,0,1,0,0,0,1,0,1,30,16,14
LLANO COUNTY,299,31 Years,160,92,68,121,62,59,0,0,0,0,0,0,2,1,1,37,29,8
LLANO COUNTY,299,32 Years,166,98,68,136,77,59,1,1,0,1,0,1,1,1,0,27,19,8
LLANO COUNTY,299,33 Years,156,84,72,130,67,63,1,1,0,0,0,0,2,2,0,23,14,9
LLANO COUNTY,299,34 Years,168,89,79,140,74,66,3,1,2,0,0,0,5,2,3,20,12,8
LLANO COUNTY,299,35 Years,159,78,81,133,64,69,2,1,1,0,0,0,2,1,1,22,12,10
LLANO COUNTY,299,36 Years,175,78,97,133,60,73,2,2,0,3,2,1,1,1,0,36,13,23
LLANO COUNTY,299,37 Years,181,92,89,148,73,75,2,2,0,2,1,1,5,5,0,24,11,13
LLANO COUNTY,299,38 Years,168,84,84,138,72,66,3,3,0,2,0,2,4,2,2,21,7,14
LLANO COUNTY,299,39 Years,170,82,88,142,71,71,1,1,0,1,0,1,1,0,1,25,10,15
LLANO COUNTY,299,40 Years,154,72,82,130,63,67,2,0,2,1,0,1,3,0,3,18,9,9
LLANO COUNTY,299,41 Years,172,82,90,148,71,77,2,0,2,1,0,1,3,0,3,18,11,7
LLANO COUNTY,299,42 Years,177,79,98,150,67,83,2,1,1,1,0,1,3,0,3,21,11,10
LLANO COUNTY,299,43 Years,189,96,93,163,83,80,3,2,1,2,0,2,2,1,1,19,10,9
LLANO COUNTY,299,44 Years,173,88,85,153,78,75,0,0,0,3,1,2,2,0,2,15,9,6
LLANO COUNTY,299,45 Years,163,73,90,142,65,77,2,1,1,2,1,1,1,0,1,16,6,10
LLANO COUNTY,299,46 Years,187,88,99,165,76,89,3,2,1,1,1,0,2,1,1,16,8,8
LLANO COUNTY,299,47 Years,240,121,119,213,105,108,1,1,0,1,1,0,1,1,0,24,13,11
LLANO COUNTY,299,48 Years,243,125,118,208,114,94,0,0,0,3,2,1,3,2,1,29,7,22
LLANO COUNTY,299,49 Years,231,110,121,207,99,108,1,1,0,1,1,0,3,2,1,19,7,12
LLANO COUNTY,299,50 Years,200,94,106,177,82,95,0,0,0,2,1,1,4,1,3,17,10,7
LLANO COUNTY,299,51 Years,220,101,119,184,89,95,0,0,0,3,1,2,4,1,3,29,10,19
LLANO COUNTY,299,52 Years,251,127,124,221,114,107,0,0,0,0,0,0,5,1,4,25,12,13
LLANO COUNTY,299,53 Years,258,120,138,222,102,120,2,2,0,0,0,0,10,4,6,24,12,12
LLANO COUNTY,299,54 Years,288,133,155,246,117,129,4,3,1,1,0,1,7,3,4,30,10,20
LLANO COUNTY,299,55 Years,320,163,157,290,151,139,2,1,1,1,0,1,4,2,2,23,9,14
LLANO COUNTY,299,56 Years,315,159,156,289,145,144,1,1,0,2,2,0,1,1,0,22,10,12
LLANO COUNTY,299,57 Years,360,164,196,325,153,172,1,0,1,0,0,0,3,1,2,31,10,21
LLANO COUNTY,299,58 Years,373,157,216,330,138,192,2,1,1,1,0,1,6,4,2,34,14,20
LLANO COUNTY,299,59 Years,374,161,213,341,142,199,4,2,2,0,0,0,5,4,1,24,13,11
LLANO COUNTY,299,60 Years,385,176,209,350,160,190,4,2,2,0,0,0,6,4,2,25,10,15
LLANO COUNTY,299,61 Years,406,190,216,377,176,201,3,2,1,1,0,1,3,2,1,22,10,12
LLANO COUNTY,299,62 Years,407,179,228,382,169,213,1,1,0,1,0,1,3,1,2,20,8,12
LLANO COUNTY,299,63 Years,423,172,251,397,166,231,1,0,1,2,0,2,4,0,4,19,6,13
LLANO COUNTY,299,64 Years,420,186,234,395,175,220,0,0,0,2,1,1,5,2,3,18,8,10
LLANO COUNTY,299,65 Years,412,190,222,390,183,207,1,0,1,0,0,0,8,2,6,13,5,8
LLANO COUNTY,299,66 Years,414,189,225,395,180,215,1,0,1,1,0,1,5,1,4,12,8,4
LLANO COUNTY,299,67 Years,427,203,224,397,192,205,0,0,0,2,1,1,3,1,2,25,9,16
LLANO COUNTY,299,68 Years,440,190,250,423,185,238,0,0,0,1,0,1,5,1,4,11,4,7
LLANO COUNTY,299,69 Years,406,174,232,385,167,218,0,0,0,1,0,1,4,1,3,16,6,10
LLANO COUNTY,299,70 Years,426,207,219,404,196,208,1,1,0,3,1,2,5,3,2,13,6,7
LLANO COUNTY,299,71 Years,456,207,249,423,196,227,0,0,0,3,1,2,11,4,7,19,6,13
LLANO COUNTY,299,72 Years,387,185,202,358,176,182,1,0,1,1,0,1,7,3,4,20,6,14
LLANO COUNTY,299,73 Years,354,163,191,336,155,181,1,0,1,1,0,1,2,1,1,14,7,7
LLANO COUNTY,299,74 Years,378,179,199,359,172,187,1,1,0,0,0,0,2,1,1,16,5,11
LLANO COUNTY,299,75 Years,356,177,179,339,170,169,0,0,0,1,0,1,3,2,1,13,5,8
LLANO COUNTY,299,76 Years,332,174,158,322,170,152,0,0,0,0,0,0,2,1,1,8,3,5
LLANO COUNTY,299,77 Years,286,139,147,274,132,142,0,0,0,0,0,0,3,2,1,9,5,4
LLANO COUNTY,299,78 Years,251,121,130,239,116,123,0,0,0,2,0,2,2,2,0,8,3,5
LLANO COUNTY,299,79 Years,229,114,115,217,109,108,0,0,0,1,0,1,2,1,1,9,4,5
LLANO COUNTY,299,80 Years,241,115,126,229,109,120,0,0,0,1,0,1,2,2,0,9,4,5
LLANO COUNTY,299,81 Years,213,106,107,201,99,102,2,2,0,0,0,0,3,2,1,7,3,4
LLANO COUNTY,299,82 Years,190,91,99,182,90,92,0,0,0,1,0,1,1,0,1,6,1,5
LLANO COUNTY,299,83 Years,173,92,81,161,85,76,2,2,0,0,0,0,2,1,1,8,4,4
LLANO COUNTY,299,84 Years,155,75,80,144,70,74,2,1,1,0,0,0,2,1,1,7,3,4
LLANO COUNTY,299,85 Years,134,58,76,128,56,72,1,1,0,0,0,0,1,0,1,4,1,3
LLANO COUNTY,299,86 Years,138,62,76,131,61,70,0,0,0,1,0,1,2,1,1,4,0,4
LLANO COUNTY,299,87 Years,115,51,64,110,47,63,0,0,0,0,0,0,1,1,0,4,3,1
LLANO COUNTY,299,88 Years,101,45,56,98,43,55,0,0,0,1,0,1,0,0,0,2,2,0
LLANO COUNTY,299,89 Years,83,34,49,74,32,42,1,0,1,0,0,0,1,0,1,7,2,5
LLANO COUNTY,299,90 Years,70,28,42,63,25,38,0,0,0,0,0,0,2,1,1,5,2,3
LLANO COUNTY,299,91 Years,59,24,35,55,22,33,0,0,0,0,0,0,1,0,1,3,2,1
LLANO COUNTY,299,92 Years,49,18,31,45,16,29,0,0,0,1,0,1,0,0,0,3,2,1
LLANO COUNTY,299,93 Years,41,16,25,39,15,24,0,0,0,0,0,0,1,0,1,1,1,0
LLANO COUNTY,299,94 Years,25,11,14,24,10,14,0,0,0,0,0,0,0,0,0,1,1,0
LLANO COUNTY,299,95 Years +,64,16,48,57,15,42,1,1,0,0,0,0,2,0,2,4,0,4
LOVING COUNTY,301,All Ages,94,57,37,71,44,27,0,0,0,0,0,0,4,3,1,19,10,9
LOVING COUNTY,301,< 1 Year,0,0,0,0,0,0,0,0,0,0,0,0,0,0,0,0,0,0
LOVING COUNTY,301,1 Years,3,3,0,3,3,0,0,0,0,0,0,0,0,0,0,0,0,0
LOVING COUNTY,301,2 Years,3,3,0,3,3,0,0,0,0,0,0,0,0,0,0,0,0,0
LOVING COUNTY,301,3 Years,0,0,0,0,0,0,0,0,0,0,0,0,0,0,0,0,0,0
LOVING COUNTY,301,4 Years,0,0,0,0,0,0,0,0,0,0,0,0,0,0,0,0,0,0
LOVING COUNTY,301,5 Years,0,0,0,0,0,0,0,0,0,0,0,0,0,0,0,0,0,0
LOVING COUNTY,301,6 Years,0,0,0,0,0,0,0,0,0,0,0,0,0,0,0,0,0,0
LOVING COUNTY,301,7 Years,0,0,0,0,0,0,0,0,0,0,0,0,0,0,0,0,0,0
LOVING COUNTY,301,8 Years,3,3,0,0,0,0,0,0,0,0,0,0,0,0,0,3,3,0
LOVING COUNTY,301,9 Years,1,1,0,0,0,0,0,0,0,0,0,0,0,0,0,1,1,0
LOVING COUNTY,301,10 Years,1,1,0,1,1,0,0,0,0,0,0,0,0,0,0,0,0,0
LOVING COUNTY,301,11 Years,0,0,0,0,0,0,0,0,0,0,0,0,0,0,0,0,0,0
LOVING COUNTY,301,12 Years,1,0,1,1,0,1,0,0,0,0,0,0,0,0,0,0,0,0
LOVING COUNTY,301,13 Years,0,0,0,0,0,0,0,0,0,0,0,0,0,0,0,0,0,0
LOVING COUNTY,301,14 Years,0,0,0,0,0,0,0,0,0,0,0,0,0,0,0,0,0,0
LOVING COUNTY,301,15 Years,0,0,0,0,0,0,0,0,0,0,0,0,0,0,0,0,0,0
LOVING COUNTY,301,16 Years,1,1,0,1,1,0,0,0,0,0,0,0,0,0,0,0,0,0
LOVING COUNTY,301,17 Years,1,0,1,1,0,1,0,0,0,0,0,0,0,0,0,0,0,0
LOVING COUNTY,301,18 Years,0,0,0,0,0,0,0,0,0,0,0,0,0,0,0,0,0,0
LOVING COUNTY,301,19 Years,1,0,1,0,0,0,0,0,0,0,0,0,0,0,0,1,0,1
LOVING COUNTY,301,20 Years,0,0,0,0,0,0,0,0,0,0,0,0,0,0,0,0,0,0
LOVING COUNTY,301,21 Years,1,1,0,0,0,0,0,0,0,0,0,0,0,0,0,1,1,0
LOVING COUNTY,301,22 Years,0,0,0,0,0,0,0,0,0,0,0,0,0,0,0,0,0,0
LOVING COUNTY,301,23 Years,0,0,0,0,0,0,0,0,0,0,0,0,0,0,0,0,0,0
LOVING COUNTY,301,24 Years,1,0,1,0,0,0,0,0,0,0,0,0,0,0,0,1,0,1
LOVING COUNTY,301,25 Years,1,0,1,0,0,0,0,0,0,0,0,0,0,0,0,1,0,1
LOVING COUNTY,301,26 Years,0,0,0,0,0,0,0,0,0,0,0,0,0,0,0,0,0,0
LOVING COUNTY,301,27 Years,1,1,0,1,1,0,0,0,0,0,0,0,0,0,0,0,0,0
LOVING COUNTY,301,28 Years,0,0,0,0,0,0,0,0,0,0,0,0,0,0,0,0,0,0
LOVING COUNTY,301,29 Years,1,0,1,1,0,1,0,0,0,0,0,0,0,0,0,0,0,0
LOVING COUNTY,301,30 Years,3,2,1,0,0,0,0,0,0,0,0,0,1,1,0,2,1,1
LOVING COUNTY,301,31 Years,4,3,1,2,2,0,0,0,0,0,0,0,0,0,0,2,1,1
LOVING COUNTY,301,32 Years,2,1,1,1,1,0,0,0,0,0,0,0,0,0,0,1,0,1
LOVING COUNTY,301,33 Years,0,0,0,0,0,0,0,0,0,0,0,0,0,0,0,0,0,0
LOVING COUNTY,301,34 Years,0,0,0,0,0,0,0,0,0,0,0,0,0,0,0,0,0,0
LOVING COUNTY,301,35 Years,1,1,0,0,0,0,0,0,0,0,0,0,0,0,0,1,1,0
LOVING COUNTY,301,36 Years,1,0,1,1,0,1,0,0,0,0,0,0,0,0,0,0,0,0
LOVING COUNTY,301,37 Years,1,0,1,1,0,1,0,0,0,0,0,0,0,0,0,0,0,0
LOVING COUNTY,301,38 Years,0,0,0,0,0,0,0,0,0,0,0,0,0,0,0,0,0,0
LOVING COUNTY,301,39 Years,1,0,1,1,0,1,0,0,0,0,0,0,0,0,0,0,0,0
LOVING COUNTY,301,40 Years,0,0,0,0,0,0,0,0,0,0,0,0,0,0,0,0,0,0
LOVING COUNTY,301,41 Years,0,0,0,0,0,0,0,0,0,0,0,0,0,0,0,0,0,0
LOVING COUNTY,301,42 Years,0,0,0,0,0,0,0,0,0,0,0,0,0,0,0,0,0,0
LOVING COUNTY,301,43 Years,1,1,0,1,1,0,0,0,0,0,0,0,0,0,0,0,0,0
LOVING COUNTY,301,44 Years,0,0,0,0,0,0,0,0,0,0,0,0,0,0,0,0,0,0
LOVING COUNTY,301,45 Years,0,0,0,0,0,0,0,0,0,0,0,0,0,0,0,0,0,0
LOVING COUNTY,301,46 Years,1,0,1,0,0,0,0,0,0,0,0,0,0,0,0,1,0,1
LOVING COUNTY,301,47 Years,0,0,0,0,0,0,0,0,0,0,0,0,0,0,0,0,0,0
LOVING COUNTY,301,48 Years,0,0,0,0,0,0,0,0,0,0,0,0,0,0,0,0,0,0
LOVING COUNTY,301,49 Years,0,0,0,0,0,0,0,0,0,0,0,0,0,0,0,0,0,0
LOVING COUNTY,301,50 Years,4,1,3,4,1,3,0,0,0,0,0,0,0,0,0,0,0,0
LOVING COUNTY,301,51 Years,2,2,0,1,1,0,0,0,0,0,0,0,0,0,0,1,1,0
LOVING COUNTY,301,52 Years,2,0,2,1,0,1,0,0,0,0,0,0,1,0,1,0,0,0
LOVING COUNTY,301,53 Years,2,0,2,1,0,1,0,0,0,0,0,0,0,0,0,1,0,1
LOVING COUNTY,301,54 Years,1,0,1,1,0,1,0,0,0,0,0,0,0,0,0,0,0,0
LOVING COUNTY,301,55 Years,2,0,2,1,0,1,0,0,0,0,0,0,0,0,0,1,0,1
LOVING COUNTY,301,56 Years,0,0,0,0,0,0,0,0,0,0,0,0,0,0,0,0,0,0
LOVING COUNTY,301,57 Years,0,0,0,0,0,0,0,0,0,0,0,0,0,0,0,0,0,0
LOVING COUNTY,301,58 Years,0,0,0,0,0,0,0,0,0,0,0,0,0,0,0,0,0,0
LOVING COUNTY,301,59 Years,1,1,0,1,1,0,0,0,0,0,0,0,0,0,0,0,0,0
LOVING COUNTY,301,60 Years,3,2,1,3,2,1,0,0,0,0,0,0,0,0,0,0,0,0
LOVING COUNTY,301,61 Years,3,2,1,3,2,1,0,0,0,0,0,0,0,0,0,0,0,0
LOVING COUNTY,301,62 Years,2,1,1,2,1,1,0,0,0,0,0,0,0,0,0,0,0,0
LOVING COUNTY,301,63 Years,3,2,1,2,1,1,0,0,0,0,0,0,0,0,0,1,1,0
LOVING COUNTY,301,64 Years,4,3,1,4,3,1,0,0,0,0,0,0,0,0,0,0,0,0
LOVING COUNTY,301,65 Years,3,2,1,3,2,1,0,0,0,0,0,0,0,0,0,0,0,0
LOVING COUNTY,301,66 Years,3,1,2,3,1,2,0,0,0,0,0,0,0,0,0,0,0,0
LOVING COUNTY,301,67 Years,2,0,2,2,0,2,0,0,0,0,0,0,0,0,0,0,0,0
LOVING COUNTY,301,68 Years,1,1,0,1,1,0,0,0,0,0,0,0,0,0,0,0,0,0
LOVING COUNTY,301,69 Years,1,1,0,1,1,0,0,0,0,0,0,0,0,0,0,0,0,0
LOVING COUNTY,301,70 Years,0,0,0,0,0,0,0,0,0,0,0,0,0,0,0,0,0,0
LOVING COUNTY,301,71 Years,5,3,2,4,2,2,0,0,0,0,0,0,1,1,0,0,0,0
LOVING COUNTY,301,72 Years,2,2,0,2,2,0,0,0,0,0,0,0,0,0,0,0,0,0
LOVING COUNTY,301,73 Years,1,1,0,1,1,0,0,0,0,0,0,0,0,0,0,0,0,0
LOVING COUNTY,301,74 Years,0,0,0,0,0,0,0,0,0,0,0,0,0,0,0,0,0,0
LOVING COUNTY,301,75 Years,1,0,1,1,0,1,0,0,0,0,0,0,0,0,0,0,0,0
LOVING COUNTY,301,76 Years,2,2,0,2,2,0,0,0,0,0,0,0,0,0,0,0,0,0
LOVING COUNTY,301,77 Years,2,2,0,1,1,0,0,0,0,0,0,0,1,1,0,0,0,0
LOVING COUNTY,301,78 Years,1,1,0,1,1,0,0,0,0,0,0,0,0,0,0,0,0,0
LOVING COUNTY,301,79 Years,0,0,0,0,0,0,0,0,0,0,0,0,0,0,0,0,0,0
LOVING COUNTY,301,80 Years,1,1,0,1,1,0,0,0,0,0,0,0,0,0,0,0,0,0
LOVING COUNTY,301,81 Years,0,0,0,0,0,0,0,0,0,0,0,0,0,0,0,0,0,0
LOVING COUNTY,301,82 Years,1,1,0,1,1,0,0,0,0,0,0,0,0,0,0,0,0,0
LOVING COUNTY,301,83 Years,0,0,0,0,0,0,0,0,0,0,0,0,0,0,0,0,0,0
LOVING COUNTY,301,84 Years,1,1,0,1,1,0,0,0,0,0,0,0,0,0,0,0,0,0
LOVING COUNTY,301,85 Years,0,0,0,0,0,0,0,0,0,0,0,0,0,0,0,0,0,0
LOVING COUNTY,301,86 Years,0,0,0,0,0,0,0,0,0,0,0,0,0,0,0,0,0,0
LOVING COUNTY,301,87 Years,1,0,1,1,0,1,0,0,0,0,0,0,0,0,0,0,0,0
LOVING COUNTY,301,88 Years,0,0,0,0,0,0,0,0,0,0,0,0,0,0,0,0,0,0
LOVING COUNTY,301,89 Years,0,0,0,0,0,0,0,0,0,0,0,0,0,0,0,0,0,0
LOVING COUNTY,301,90 Years,1,1,0,1,1,0,0,0,0,0,0,0,0,0,0,0,0,0
LOVING COUNTY,301,91 Years,1,1,0,1,1,0,0,0,0,0,0,0,0,0,0,0,0,0
LOVING COUNTY,301,92 Years,0,0,0,0,0,0,0,0,0,0,0,0,0,0,0,0,0,0
LOVING COUNTY,301,93 Years,0,0,0,0,0,0,0,0,0,0,0,0,0,0,0,0,0,0
LOVING COUNTY,301,94 Years,0,0,0,0,0,0,0,0,0,0,0,0,0,0,0,0,0,0
LOVING COUNTY,301,95 Years +,0,0,0,0,0,0,0,0,0,0,0,0,0,0,0,0,0,0
LUBBOCK COUNTY,303,All Ages,306837,151776,155061,161997,79428,82569,22129,11030,11099,6898,3721,3177,5692,2905,2787,110121,54692,55429
LUBBOCK COUNTY,303,< 1 Year,3846,1967,1879,1530,783,747,345,181,164,59,29,30,118,57,61,1794,917,877
LUBBOCK COUNTY,303,1 Years,3925,1993,1932,1588,816,772,344,176,168,60,29,31,121,57,64,1812,915,897
LUBBOCK COUNTY,303,2 Years,4026,2037,1989,1649,837,812,358,180,178,71,35,36,124,58,66,1824,927,897
LUBBOCK COUNTY,303,3 Years,4111,2078,2033,1699,855,844,368,186,182,69,37,32,123,60,63,1852,940,912
LUBBOCK COUNTY,303,4 Years,4087,2070,2017,1694,833,861,379,192,187,73,39,34,125,62,63,1816,944,872
LUBBOCK COUNTY,303,5 Years,4040,2048,1992,1680,853,827,376,194,182,69,37,32,125,67,58,1790,897,893
LUBBOCK COUNTY,303,6 Years,3941,2013,1928,1657,851,806,359,183,176,68,37,31,119,64,55,1738,878,860
LUBBOCK COUNTY,303,7 Years,3937,2004,1933,1631,848,783,344,179,165,59,32,27,110,57,53,1793,888,905
LUBBOCK COUNTY,303,8 Years,3941,2016,1925,1602,831,771,340,173,167,59,34,25,106,59,47,1834,919,915
LUBBOCK COUNTY,303,9 Years,4216,2147,2069,1675,858,817,374,175,199,60,33,27,122,64,58,1985,1017,968
LUBBOCK COUNTY,303,10 Years,4280,2165,2115,1672,847,825,361,171,190,70,37,33,126,74,52,2051,1036,1015
LUBBOCK COUNTY,303,11 Years,4255,2155,2100,1654,832,822,356,171,185,75,41,34,122,63,59,2048,1048,1000
LUBBOCK COUNTY,303,12 Years,3987,2022,1965,1511,787,724,344,170,174,76,42,34,110,50,60,1946,973,973
LUBBOCK COUNTY,303,13 Years,4060,2078,1982,1578,816,762,360,189,171,82,43,39,99,46,53,1941,984,957
LUBBOCK COUNTY,303,14 Years,4105,2069,2036,1630,833,797,350,178,172,83,42,41,107,58,49,1935,958,977
LUBBOCK COUNTY,303,15 Years,3952,2070,1882,1570,829,741,358,176,182,61,38,23,94,54,40,1869,973,896
LUBBOCK COUNTY,303,16 Years,4165,2119,2046,1641,827,814,358,180,178,104,72,32,79,46,33,1983,994,989
LUBBOCK COUNTY,303,17 Years,4433,2239,2194,1730,858,872,376,183,193,135,93,42,97,54,43,2095,1051,1044
LUBBOCK COUNTY,303,18 Years,6076,2962,3114,2865,1338,1527,487,256,231,188,132,56,133,67,66,2403,1169,1234
LUBBOCK COUNTY,303,19 Years,8428,4255,4173,4737,2377,2360,529,265,264,226,132,94,190,102,88,2746,1379,1367
LUBBOCK COUNTY,303,20 Years,8163,4215,3948,4730,2466,2264,502,246,256,241,136,105,144,87,57,2546,1280,1266
LUBBOCK COUNTY,303,21 Years,7986,4131,3855,4586,2339,2247,499,280,219,249,149,100,128,70,58,2524,1293,1231
LUBBOCK COUNTY,303,22 Years,7405,3902,3503,4201,2243,1958,461,251,210,230,129,101,136,71,65,2377,1208,1169
LUBBOCK COUNTY,303,23 Years,6484,3369,3115,3457,1823,1634,422,212,210,245,137,108,109,53,56,2251,1144,1107
LUBBOCK COUNTY,303,24 Years,5781,2993,2788,2850,1450,1400,440,234,206,236,130,106,106,61,45,2149,1118,1031
LUBBOCK COUNTY,303,25 Years,5386,2809,2577,2657,1388,1269,420,230,190,179,105,74,97,54,43,2033,1032,1001
LUBBOCK COUNTY,303,26 Years,4827,2539,2288,2237,1215,1022,397,214,183,144,73,71,110,56,54,1939,981,958
LUBBOCK COUNTY,303,27 Years,4732,2381,2351,2268,1104,1164,406,213,193,102,58,44,96,50,46,1860,956,904
LUBBOCK COUNTY,303,28 Years,4648,2329,2319,2245,1073,1172,388,202,186,87,58,29,96,60,36,1832,936,896
LUBBOCK COUNTY,303,29 Years,4431,2238,2193,2217,1078,1139,341,193,148,71,41,30,113,67,46,1689,859,830
LUBBOCK COUNTY,303,30 Years,4045,2089,1956,1865,968,897,314,171,143,96,49,47,104,55,49,1666,846,820
LUBBOCK COUNTY,303,31 Years,4112,2078,2034,1924,982,942,301,163,138,114,72,42,101,45,56,1672,816,856
LUBBOCK COUNTY,303,32 Years,4266,2126,2140,2020,967,1053,334,183,151,114,81,33,94,51,43,1704,844,860
LUBBOCK COUNTY,303,33 Years,4203,2139,2064,2034,1024,1010,325,174,151,103,74,29,89,51,38,1652,816,836
LUBBOCK COUNTY,303,34 Years,4159,2146,2013,2094,1056,1038,318,180,138,102,67,35,67,42,25,1578,801,777
LUBBOCK COUNTY,303,35 Years,4202,2185,2017,2152,1096,1056,293,163,130,113,67,46,70,40,30,1574,819,755
LUBBOCK COUNTY,303,36 Years,4002,2050,1952,1984,1028,956,303,152,151,122,61,61,58,28,30,1535,781,754
LUBBOCK COUNTY,303,37 Years,3832,1909,1923,1881,961,920,271,128,143,100,47,53,58,27,31,1522,746,776
LUBBOCK COUNTY,303,38 Years,3926,1947,1979,1930,955,975,275,142,133,100,49,51,59,21,38,1562,780,782
LUBBOCK COUNTY,303,39 Years,3740,1860,1880,1896,944,952,246,130,116,106,53,53,64,27,37,1428,706,722
LUBBOCK COUNTY,303,40 Years,3544,1787,1757,1839,931,908,238,113,125,92,44,48,60,31,29,1315,668,647
LUBBOCK COUNTY,303,41 Years,3369,1672,1697,1740,883,857,212,106,106,96,43,53,60,31,29,1261,609,652
LUBBOCK COUNTY,303,42 Years,3279,1631,1648,1642,833,809,205,99,106,112,57,55,47,20,27,1273,622,651
LUBBOCK COUNTY,303,43 Years,3168,1548,1620,1642,805,837,207,104,103,94,44,50,50,25,25,1175,570,605
LUBBOCK COUNTY,303,44 Years,3037,1522,1515,1583,803,780,209,103,106,90,36,54,28,11,17,1127,569,558
LUBBOCK COUNTY,303,45 Years,2997,1468,1529,1536,787,749,203,100,103,103,37,66,39,15,24,1116,529,587
LUBBOCK COUNTY,303,46 Years,3118,1502,1616,1655,812,843,201,104,97,86,36,50,42,21,21,1134,529,605
LUBBOCK COUNTY,303,47 Years,3177,1534,1643,1708,834,874,208,105,103,89,40,49,44,25,19,1128,530,598
LUBBOCK COUNTY,303,48 Years,3078,1494,1584,1688,852,836,204,94,110,85,38,47,31,15,16,1070,495,575
LUBBOCK COUNTY,303,49 Years,2977,1446,1531,1605,798,807,183,84,99,93,47,46,31,15,16,1065,502,563
LUBBOCK COUNTY,303,50 Years,2896,1421,1475,1603,795,808,187,84,103,70,40,30,27,11,16,1009,491,518
LUBBOCK COUNTY,303,51 Years,2855,1402,1453,1556,769,787,204,97,107,53,25,28,31,13,18,1011,498,513
LUBBOCK COUNTY,303,52 Years,2926,1436,1490,1571,771,800,204,97,107,63,30,33,35,16,19,1053,522,531
LUBBOCK COUNTY,303,53 Years,3116,1517,1599,1677,817,860,236,111,125,62,33,29,48,16,32,1093,540,553
LUBBOCK COUNTY,303,54 Years,3290,1580,1710,1871,876,995,245,120,125,67,39,28,52,27,25,1055,518,537
LUBBOCK COUNTY,303,55 Years,3308,1578,1730,1897,898,999,239,109,130,71,42,29,45,23,22,1056,506,550
LUBBOCK COUNTY,303,56 Years,3269,1611,1658,1932,954,978,253,119,134,51,30,21,37,14,23,996,494,502
LUBBOCK COUNTY,303,57 Years,3292,1603,1689,1975,967,1008,247,110,137,46,20,26,43,21,22,981,485,496
LUBBOCK COUNTY,303,58 Years,3343,1629,1714,2026,968,1058,229,110,119,59,28,31,39,19,20,990,504,486
LUBBOCK COUNTY,303,59 Years,3184,1569,1615,1947,942,1005,226,113,113,51,29,22,39,22,17,921,463,458
LUBBOCK COUNTY,303,60 Years,3174,1527,1647,1995,961,1034,230,107,123,46,23,23,42,22,20,861,414,447
LUBBOCK COUNTY,303,61 Years,3152,1514,1638,2014,971,1043,197,96,101,48,24,24,44,22,22,849,401,448
LUBBOCK COUNTY,303,62 Years,3049,1461,1588,1944,924,1020,221,101,120,52,21,31,33,19,14,799,396,403
LUBBOCK COUNTY,303,63 Years,3069,1438,1631,2032,955,1077,187,75,112,46,21,25,34,14,20,770,373,397
LUBBOCK COUNTY,303,64 Years,2964,1386,1578,1957,925,1032,171,75,96,48,21,27,43,19,24,745,346,399
LUBBOCK COUNTY,303,65 Years,2787,1312,1475,1884,895,989,178,83,95,44,17,27,47,26,21,634,291,343
LUBBOCK COUNTY,303,66 Years,2711,1305,1406,1868,909,959,169,83,86,35,13,22,36,21,15,603,279,324
LUBBOCK COUNTY,303,67 Years,2595,1209,1386,1796,841,955,164,68,96,38,14,24,35,16,19,562,270,292
LUBBOCK COUNTY,303,68 Years,2435,1116,1319,1679,770,909,143,59,84,35,15,20,29,14,15,549,258,291
LUBBOCK COUNTY,303,69 Years,2336,1089,1247,1608,761,847,145,67,78,32,15,17,25,10,15,526,236,290
LUBBOCK COUNTY,303,70 Years,2288,1069,1219,1604,742,862,130,57,73,36,19,17,27,14,13,491,237,254
LUBBOCK COUNTY,303,71 Years,2229,1050,1179,1567,740,827,118,49,69,28,16,12,27,12,15,489,233,256
LUBBOCK COUNTY,303,72 Years,1871,861,1010,1292,600,692,100,46,54,24,11,13,23,10,13,432,194,238
LUBBOCK COUNTY,303,73 Years,1817,838,979,1308,611,697,88,43,45,19,6,13,14,6,8,388,172,216
LUBBOCK COUNTY,303,74 Years,1697,781,916,1275,583,692,72,31,41,18,9,9,15,5,10,317,153,164
LUBBOCK COUNTY,303,75 Years,1655,752,903,1271,566,705,67,29,38,32,16,16,14,6,8,271,135,136
LUBBOCK COUNTY,303,76 Years,1504,664,840,1143,507,636,70,26,44,20,8,12,14,4,10,257,119,138
LUBBOCK COUNTY,303,77 Years,1383,580,803,1045,439,606,66,26,40,15,7,8,13,4,9,244,104,140
LUBBOCK COUNTY,303,78 Years,1275,545,730,969,414,555,67,27,40,22,6,16,11,3,8,206,95,111
LUBBOCK COUNTY,303,79 Years,1192,511,681,922,390,532,59,30,29,16,6,10,11,3,8,184,82,102
LUBBOCK COUNTY,303,80 Years,1157,470,687,876,354,522,49,22,27,9,4,5,14,4,10,209,86,123
LUBBOCK COUNTY,303,81 Years,1075,458,617,804,340,464,40,19,21,10,5,5,12,4,8,209,90,119
LUBBOCK COUNTY,303,82 Years,1040,407,633,779,300,479,42,14,28,17,7,10,6,2,4,196,84,112
LUBBOCK COUNTY,303,83 Years,1008,405,603,750,293,457,40,17,23,11,6,5,7,3,4,200,86,114
LUBBOCK COUNTY,303,84 Years,864,355,509,657,261,396,39,17,22,10,5,5,4,2,2,154,70,84
LUBBOCK COUNTY,303,85 Years,786,311,475,603,242,361,34,11,23,9,3,6,7,2,5,133,53,80
LUBBOCK COUNTY,303,86 Years,721,258,463,565,203,362,26,8,18,9,4,5,4,2,2,117,41,76
LUBBOCK COUNTY,303,87 Years,655,249,406,513,201,312,28,10,18,5,1,4,5,2,3,104,35,69
LUBBOCK COUNTY,303,88 Years,575,210,365,451,168,283,22,6,16,7,3,4,6,2,4,89,31,58
LUBBOCK COUNTY,303,89 Years,490,164,326,385,132,253,21,5,16,6,2,4,4,1,3,74,24,50
LUBBOCK COUNTY,303,90 Years,397,143,254,313,111,202,18,5,13,3,1,2,2,1,1,61,25,36
LUBBOCK COUNTY,303,91 Years,350,116,234,278,91,187,15,5,10,5,1,4,1,1,0,51,18,33
LUBBOCK COUNTY,303,92 Years,296,91,205,234,73,161,12,3,9,2,1,1,1,1,0,47,13,34
LUBBOCK COUNTY,303,93 Years,237,69,168,191,59,132,7,1,6,1,0,1,2,1,1,36,8,28
LUBBOCK COUNTY,303,94 Years,185,55,130,150,45,105,7,2,5,1,0,1,1,0,1,26,8,18
LUBBOCK COUNTY,303,95 Years +,454,115,339,361,87,274,25,6,19,5,2,3,2,1,1,61,19,42
LYNN COUNTY,305,All Ages,5977,3096,2881,2778,1392,1386,123,73,50,9,3,6,73,38,35,2994,1590,1404
LYNN COUNTY,305,< 1 Year,72,35,37,36,20,16,0,0,0,0,0,0,0,0,0,36,15,21
LYNN COUNTY,305,1 Years,76,37,39,37,19,18,0,0,0,0,0,0,1,1,0,38,17,21
LYNN COUNTY,305,2 Years,78,37,41,35,16,19,0,0,0,0,0,0,2,1,1,41,20,21
LYNN COUNTY,305,3 Years,74,37,37,33,14,19,1,1,0,0,0,0,2,1,1,38,21,17
LYNN COUNTY,305,4 Years,73,36,37,33,15,18,1,1,0,0,0,0,0,0,0,39,20,19
LYNN COUNTY,305,5 Years,75,37,38,30,14,16,1,0,1,0,0,0,0,0,0,44,23,21
LYNN COUNTY,305,6 Years,80,41,39,30,16,14,1,1,0,0,0,0,1,0,1,48,24,24
LYNN COUNTY,305,7 Years,77,41,36,30,17,13,1,1,0,0,0,0,0,0,0,46,23,23
LYNN COUNTY,305,8 Years,79,36,43,32,17,15,1,0,1,0,0,0,0,0,0,46,19,27
LYNN COUNTY,305,9 Years,90,57,33,37,24,13,2,2,0,0,0,0,0,0,0,51,31,20
LYNN COUNTY,305,10 Years,95,53,42,39,21,18,2,1,1,0,0,0,2,1,1,52,30,22
LYNN COUNTY,305,11 Years,102,49,53,39,21,18,1,1,0,0,0,0,1,0,1,61,27,34
LYNN COUNTY,305,12 Years,80,42,38,29,17,12,0,0,0,0,0,0,1,1,0,50,24,26
LYNN COUNTY,305,13 Years,80,41,39,30,13,17,0,0,0,0,0,0,1,1,0,49,27,22
LYNN COUNTY,305,14 Years,87,48,39,31,17,14,3,3,0,1,0,1,0,0,0,52,28,24
LYNN COUNTY,305,15 Years,91,50,41,33,19,14,3,3,0,0,0,0,1,0,1,54,28,26
LYNN COUNTY,305,16 Years,79,39,40,29,14,15,2,2,0,0,0,0,4,4,0,44,19,25
LYNN COUNTY,305,17 Years,78,38,40,31,15,16,2,1,1,0,0,0,2,2,0,43,20,23
LYNN COUNTY,305,18 Years,75,45,30,30,16,14,0,0,0,0,0,0,2,1,1,43,28,15
LYNN COUNTY,305,19 Years,69,40,29,19,10,9,1,1,0,0,0,0,3,2,1,46,27,19
LYNN COUNTY,305,20 Years,68,37,31,19,8,11,1,1,0,0,0,0,4,4,0,44,24,20
LYNN COUNTY,305,21 Years,67,32,35,21,7,14,1,0,1,0,0,0,4,2,2,41,23,18
LYNN COUNTY,305,22 Years,61,28,33,18,5,13,1,1,0,0,0,0,5,3,2,37,19,18
LYNN COUNTY,305,23 Years,63,32,31,27,13,14,4,3,1,0,0,0,2,0,2,30,16,14
LYNN COUNTY,305,24 Years,73,36,37,31,15,16,2,1,1,1,1,0,1,0,1,38,19,19
LYNN COUNTY,305,25 Years,100,55,45,42,20,22,5,4,1,0,0,0,1,1,0,52,30,22
LYNN COUNTY,305,26 Years,96,52,44,44,24,20,2,1,1,0,0,0,0,0,0,50,27,23
LYNN COUNTY,305,27 Years,68,40,28,27,17,10,0,0,0,0,0,0,1,0,1,40,23,17
LYNN COUNTY,305,28 Years,80,49,31,32,22,10,1,1,0,0,0,0,3,2,1,44,24,20
LYNN COUNTY,305,29 Years,55,30,25,24,14,10,1,1,0,0,0,0,2,1,1,28,14,14
LYNN COUNTY,305,30 Years,54,27,27,17,6,11,3,2,1,0,0,0,0,0,0,34,19,15
LYNN COUNTY,305,31 Years,71,45,26,36,22,14,2,2,0,0,0,0,0,0,0,33,21,12
LYNN COUNTY,305,32 Years,73,42,31,33,19,14,1,1,0,0,0,0,1,0,1,38,22,16
LYNN COUNTY,305,33 Years,71,41,30,24,11,13,0,0,0,0,0,0,1,0,1,46,30,16
LYNN COUNTY,305,34 Years,79,45,34,39,20,19,0,0,0,0,0,0,0,0,0,40,25,15
LYNN COUNTY,305,35 Years,80,47,33,32,16,16,1,1,0,0,0,0,0,0,0,47,30,17
LYNN COUNTY,305,36 Years,79,44,35,27,14,13,1,0,1,0,0,0,0,0,0,51,30,21
LYNN COUNTY,305,37 Years,73,36,37,25,10,15,2,0,2,0,0,0,2,0,2,44,26,18
LYNN COUNTY,305,38 Years,65,37,28,27,13,14,1,1,0,0,0,0,1,1,0,36,22,14
LYNN COUNTY,305,39 Years,62,34,28,27,13,14,1,1,0,0,0,0,0,0,0,34,20,14
LYNN COUNTY,305,40 Years,72,38,34,35,16,19,1,0,1,0,0,0,1,0,1,35,22,13
LYNN COUNTY,305,41 Years,71,41,30,45,24,21,0,0,0,0,0,0,1,1,0,25,16,9
LYNN COUNTY,305,42 Years,66,36,30,35,20,15,0,0,0,0,0,0,1,0,1,30,16,14
LYNN COUNTY,305,43 Years,63,31,32,32,15,17,1,0,1,1,1,0,1,0,1,28,15,13
LYNN COUNTY,305,44 Years,72,32,40,40,17,23,0,0,0,1,0,1,3,1,2,28,14,14
LYNN COUNTY,305,45 Years,49,27,22,27,15,12,0,0,0,1,0,1,0,0,0,21,12,9
LYNN COUNTY,305,46 Years,52,28,24,28,16,12,0,0,0,0,0,0,0,0,0,24,12,12
LYNN COUNTY,305,47 Years,60,28,32,31,17,14,2,0,2,0,0,0,0,0,0,27,11,16
LYNN COUNTY,305,48 Years,71,34,37,39,21,18,1,0,1,0,0,0,0,0,0,31,13,18
LYNN COUNTY,305,49 Years,68,31,37,35,16,19,1,1,0,0,0,0,0,0,0,32,14,18
LYNN COUNTY,305,50 Years,68,38,30,32,17,15,1,0,1,0,0,0,1,1,0,34,20,14
LYNN COUNTY,305,51 Years,74,41,33,33,17,16,2,1,1,0,0,0,1,0,1,38,23,15
LYNN COUNTY,305,52 Years,78,43,35,36,19,17,2,1,1,1,0,1,0,0,0,39,23,16
LYNN COUNTY,305,53 Years,90,43,47,51,21,30,1,1,0,1,0,1,0,0,0,37,21,16
LYNN COUNTY,305,54 Years,90,38,52,47,19,28,2,2,0,0,0,0,3,0,3,38,17,21
LYNN COUNTY,305,55 Years,101,48,53,57,24,33,2,1,1,0,0,0,3,2,1,39,21,18
LYNN COUNTY,305,56 Years,98,53,45,52,26,26,2,1,1,1,1,0,0,0,0,43,25,18
LYNN COUNTY,305,57 Years,80,43,37,44,24,20,2,2,0,0,0,0,0,0,0,34,17,17
LYNN COUNTY,305,58 Years,85,42,43,43,20,23,0,0,0,0,0,0,0,0,0,42,22,20
LYNN COUNTY,305,59 Years,94,50,44,49,27,22,3,2,1,0,0,0,0,0,0,42,21,21
LYNN COUNTY,305,60 Years,81,46,35,46,29,17,2,2,0,0,0,0,0,0,0,33,15,18
LYNN COUNTY,305,61 Years,75,36,39,41,23,18,1,1,0,0,0,0,0,0,0,33,12,21
LYNN COUNTY,305,62 Years,68,38,30,37,23,14,3,2,1,0,0,0,0,0,0,28,13,15
LYNN COUNTY,305,63 Years,72,37,35,37,20,17,1,1,0,0,0,0,0,0,0,34,16,18
LYNN COUNTY,305,64 Years,70,31,39,38,15,23,3,1,2,0,0,0,0,0,0,29,15,14
LYNN COUNTY,305,65 Years,60,28,32,30,13,17,3,1,2,0,0,0,0,0,0,27,14,13
LYNN COUNTY,305,66 Years,59,36,23,37,19,18,0,0,0,0,0,0,0,0,0,22,17,5
LYNN COUNTY,305,67 Years,62,36,26,33,18,15,0,0,0,0,0,0,0,0,0,29,18,11
LYNN COUNTY,305,68 Years,55,29,26,30,18,12,4,2,2,0,0,0,0,0,0,21,9,12
LYNN COUNTY,305,69 Years,61,31,30,32,18,14,1,0,1,0,0,0,2,1,1,26,12,14
LYNN COUNTY,305,70 Years,47,26,21,25,14,11,2,1,1,0,0,0,0,0,0,20,11,9
LYNN COUNTY,305,71 Years,48,27,21,26,12,14,2,2,0,0,0,0,0,0,0,20,13,7
LYNN COUNTY,305,72 Years,46,22,24,22,8,14,1,1,0,0,0,0,0,0,0,23,13,10
LYNN COUNTY,305,73 Years,46,23,23,22,9,13,2,0,2,0,0,0,0,0,0,22,14,8
LYNN COUNTY,305,74 Years,45,18,27,26,10,16,1,0,1,0,0,0,0,0,0,18,8,10
LYNN COUNTY,305,75 Years,46,23,23,22,9,13,1,1,0,0,0,0,0,0,0,23,13,10
LYNN COUNTY,305,76 Years,44,20,24,28,10,18,0,0,0,0,0,0,1,1,0,15,9,6
LYNN COUNTY,305,77 Years,43,17,26,28,10,18,2,1,1,0,0,0,0,0,0,13,6,7
LYNN COUNTY,305,78 Years,32,14,18,19,9,10,1,0,1,0,0,0,1,0,1,11,5,6
LYNN COUNTY,305,79 Years,42,24,18,27,18,9,1,0,1,0,0,0,1,0,1,13,6,7
LYNN COUNTY,305,80 Years,39,21,18,22,14,8,2,1,1,1,0,1,1,1,0,13,5,8
LYNN COUNTY,305,81 Years,39,15,24,20,9,11,0,0,0,0,0,0,1,1,0,18,5,13
LYNN COUNTY,305,82 Years,31,13,18,14,6,8,2,1,1,0,0,0,0,0,0,15,6,9
LYNN COUNTY,305,83 Years,32,13,19,16,6,10,1,0,1,0,0,0,0,0,0,15,7,8
LYNN COUNTY,305,84 Years,28,13,15,14,7,7,2,1,1,0,0,0,0,0,0,12,5,7
LYNN COUNTY,305,85 Years,22,11,11,10,6,4,2,1,1,0,0,0,0,0,0,10,4,6
LYNN COUNTY,305,86 Years,14,6,8,7,3,4,1,0,1,0,0,0,0,0,0,6,3,3
LYNN COUNTY,305,87 Years,12,8,4,6,3,3,0,0,0,0,0,0,0,0,0,6,5,1
LYNN COUNTY,305,88 Years,19,8,11,11,3,8,0,0,0,0,0,0,0,0,0,8,5,3
LYNN COUNTY,305,89 Years,21,8,13,14,5,9,0,0,0,0,0,0,0,0,0,7,3,4
LYNN COUNTY,305,90 Years,13,6,7,8,3,5,0,0,0,0,0,0,0,0,0,5,3,2
LYNN COUNTY,305,91 Years,13,4,9,7,2,5,2,1,1,0,0,0,0,0,0,4,1,3
LYNN COUNTY,305,92 Years,11,3,8,4,1,3,2,0,2,0,0,0,0,0,0,5,2,3
LYNN COUNTY,305,93 Years,10,4,6,3,1,2,1,0,1,0,0,0,0,0,0,6,3,3
LYNN COUNTY,305,94 Years,7,3,4,3,1,2,0,0,0,0,0,0,0,0,0,4,2,2
LYNN COUNTY,305,95 Years +,14,5,9,7,2,5,2,1,1,0,0,0,0,0,0,5,2,3
MCCULLOCH COUNTY,307,All Ages,8318,4176,4142,5307,2618,2689,137,72,65,35,19,16,128,62,66,2711,1405,1306
MCCULLOCH COUNTY,307,< 1 Year,103,44,59,53,23,30,2,1,1,2,1,1,6,2,4,40,17,23
MCCULLOCH COUNTY,307,1 Years,101,45,56,49,23,26,2,1,1,3,1,2,8,4,4,39,16,23
MCCULLOCH COUNTY,307,2 Years,100,45,55,51,24,27,3,1,2,2,1,1,7,3,4,37,16,21
MCCULLOCH COUNTY,307,3 Years,96,47,49,49,26,23,1,0,1,1,1,0,7,3,4,38,17,21
MCCULLOCH COUNTY,307,4 Years,92,50,42,48,28,20,0,0,0,0,0,0,3,2,1,41,20,21
MCCULLOCH COUNTY,307,5 Years,94,53,41,46,28,18,0,0,0,0,0,0,7,5,2,41,20,21
MCCULLOCH COUNTY,307,6 Years,106,56,50,51,29,22,0,0,0,2,0,2,8,4,4,45,23,22
MCCULLOCH COUNTY,307,7 Years,114,59,55,55,30,25,0,0,0,0,0,0,7,2,5,52,27,25
MCCULLOCH COUNTY,307,8 Years,107,59,48,54,29,25,0,0,0,0,0,0,4,2,2,49,28,21
MCCULLOCH COUNTY,307,9 Years,105,63,42,51,29,22,2,2,0,0,0,0,3,3,0,49,29,20
MCCULLOCH COUNTY,307,10 Years,96,53,43,42,20,22,1,1,0,1,1,0,1,1,0,51,30,21
MCCULLOCH COUNTY,307,11 Years,108,62,46,57,32,25,1,1,0,0,0,0,1,1,0,49,28,21
MCCULLOCH COUNTY,307,12 Years,108,63,45,55,31,24,1,1,0,0,0,0,1,0,1,51,31,20
MCCULLOCH COUNTY,307,13 Years,110,56,54,58,30,28,0,0,0,1,1,0,2,1,1,49,24,25
MCCULLOCH COUNTY,307,14 Years,105,57,48,53,29,24,2,1,1,0,0,0,0,0,0,50,27,23
MCCULLOCH COUNTY,307,15 Years,97,53,44,47,25,22,2,1,1,1,1,0,1,1,0,46,25,21
MCCULLOCH COUNTY,307,16 Years,110,67,43,53,32,21,3,2,1,0,0,0,1,1,0,53,32,21
MCCULLOCH COUNTY,307,17 Years,99,56,43,52,29,23,2,1,1,1,0,1,0,0,0,44,26,18
MCCULLOCH COUNTY,307,18 Years,95,53,42,54,32,22,2,1,1,1,0,1,0,0,0,38,20,18
MCCULLOCH COUNTY,307,19 Years,100,53,47,59,33,26,1,0,1,0,0,0,0,0,0,40,20,20
MCCULLOCH COUNTY,307,20 Years,98,52,46,54,30,24,4,1,3,0,0,0,2,0,2,38,21,17
MCCULLOCH COUNTY,307,21 Years,86,43,43,42,21,21,5,2,3,1,0,1,1,0,1,37,20,17
MCCULLOCH COUNTY,307,22 Years,91,48,43,50,23,27,4,3,1,1,1,0,1,1,0,35,20,15
MCCULLOCH COUNTY,307,23 Years,93,45,48,64,29,35,2,1,1,0,0,0,0,0,0,27,15,12
MCCULLOCH COUNTY,307,24 Years,114,53,61,76,34,42,0,0,0,1,1,0,0,0,0,37,18,19
MCCULLOCH COUNTY,307,25 Years,112,65,47,72,41,31,2,0,2,1,1,0,2,2,0,35,21,14
MCCULLOCH COUNTY,307,26 Years,99,60,39,60,36,24,1,0,1,0,0,0,2,1,1,36,23,13
MCCULLOCH COUNTY,307,27 Years,81,42,39,51,26,25,1,0,1,0,0,0,0,0,0,29,16,13
MCCULLOCH COUNTY,307,28 Years,92,47,45,52,26,26,0,0,0,0,0,0,0,0,0,40,21,19
MCCULLOCH COUNTY,307,29 Years,86,37,49,47,20,27,1,1,0,0,0,0,0,0,0,38,16,22
MCCULLOCH COUNTY,307,30 Years,93,48,45,45,24,21,2,2,0,1,0,1,0,0,0,45,22,23
MCCULLOCH COUNTY,307,31 Years,84,39,45,45,22,23,2,2,0,0,0,0,0,0,0,37,15,22
MCCULLOCH COUNTY,307,32 Years,89,42,47,43,21,22,2,1,1,0,0,0,1,0,1,43,20,23
MCCULLOCH COUNTY,307,33 Years,89,52,37,52,35,17,1,1,0,1,1,0,0,0,0,35,15,20
MCCULLOCH COUNTY,307,34 Years,83,50,33,53,30,23,1,1,0,0,0,0,1,0,1,28,19,9
MCCULLOCH COUNTY,307,35 Years,96,51,45,62,27,35,1,0,1,0,0,0,3,2,1,30,22,8
MCCULLOCH COUNTY,307,36 Years,93,52,41,59,29,30,2,1,1,0,0,0,1,1,0,31,21,10
MCCULLOCH COUNTY,307,37 Years,90,46,44,52,25,27,2,2,0,1,0,1,0,0,0,35,19,16
MCCULLOCH COUNTY,307,38 Years,80,40,40,48,25,23,1,1,0,0,0,0,0,0,0,31,14,17
MCCULLOCH COUNTY,307,39 Years,69,35,34,44,23,21,0,0,0,1,1,0,1,1,0,23,10,13
MCCULLOCH COUNTY,307,40 Years,80,45,35,56,30,26,0,0,0,0,0,0,1,0,1,23,15,8
MCCULLOCH COUNTY,307,41 Years,77,33,44,51,23,28,2,0,2,0,0,0,1,0,1,23,10,13
MCCULLOCH COUNTY,307,42 Years,79,40,39,46,19,27,3,2,1,1,1,0,0,0,0,29,18,11
MCCULLOCH COUNTY,307,43 Years,96,52,44,59,26,33,2,1,1,1,1,0,0,0,0,34,24,10
MCCULLOCH COUNTY,307,44 Years,90,45,45,54,22,32,1,1,0,0,0,0,0,0,0,35,22,13
MCCULLOCH COUNTY,307,45 Years,73,34,39,43,19,24,1,0,1,0,0,0,0,0,0,29,15,14
MCCULLOCH COUNTY,307,46 Years,80,46,34,52,30,22,1,0,1,0,0,0,1,1,0,26,15,11
MCCULLOCH COUNTY,307,47 Years,102,51,51,71,37,34,1,0,1,0,0,0,0,0,0,30,14,16
MCCULLOCH COUNTY,307,48 Years,89,47,42,60,33,27,2,1,1,1,1,0,1,0,1,25,12,13
MCCULLOCH COUNTY,307,49 Years,98,46,52,67,37,30,0,0,0,0,0,0,1,0,1,30,9,21
MCCULLOCH COUNTY,307,50 Years,89,34,55,51,22,29,0,0,0,1,0,1,0,0,0,37,12,25
MCCULLOCH COUNTY,307,51 Years,88,38,50,56,26,30,1,0,1,1,0,1,1,0,1,29,12,17
MCCULLOCH COUNTY,307,52 Years,100,45,55,63,30,33,1,0,1,0,0,0,3,2,1,33,13,20
MCCULLOCH COUNTY,307,53 Years,99,59,40,66,39,27,0,0,0,0,0,0,2,1,1,31,19,12
MCCULLOCH COUNTY,307,54 Years,86,47,39,57,30,27,2,1,1,1,1,0,1,0,1,25,15,10
MCCULLOCH COUNTY,307,55 Years,112,55,57,76,37,39,1,1,0,0,0,0,1,0,1,34,17,17
MCCULLOCH COUNTY,307,56 Years,107,51,56,69,34,35,1,1,0,0,0,0,1,1,0,36,15,21
MCCULLOCH COUNTY,307,57 Years,106,52,54,74,35,39,0,0,0,1,1,0,0,0,0,31,16,15
MCCULLOCH COUNTY,307,58 Years,92,45,47,69,29,40,1,1,0,0,0,0,0,0,0,22,15,7
MCCULLOCH COUNTY,307,59 Years,110,51,59,75,32,43,1,0,1,0,0,0,2,0,2,32,19,13
MCCULLOCH COUNTY,307,60 Years,122,59,63,86,38,48,2,1,1,0,0,0,1,0,1,33,20,13
MCCULLOCH COUNTY,307,61 Years,118,57,61,87,41,46,3,1,2,0,0,0,1,1,0,27,14,13
MCCULLOCH COUNTY,307,62 Years,124,56,68,89,37,52,3,2,1,1,1,0,1,0,1,30,16,14
MCCULLOCH COUNTY,307,63 Years,128,60,68,93,41,52,4,2,2,2,1,1,1,1,0,28,15,13
MCCULLOCH COUNTY,307,64 Years,118,62,56,83,43,40,3,1,2,0,0,0,2,2,0,30,16,14
MCCULLOCH COUNTY,307,65 Years,126,59,67,92,44,48,3,2,1,0,0,0,2,0,2,29,13,16
MCCULLOCH COUNTY,307,66 Years,102,46,56,80,33,47,2,2,0,0,0,0,1,0,1,19,11,8
MCCULLOCH COUNTY,307,67 Years,110,58,52,83,41,42,4,3,1,1,0,1,1,1,0,21,13,8
MCCULLOCH COUNTY,307,68 Years,100,52,48,75,38,37,4,2,2,0,0,0,1,1,0,20,11,9
MCCULLOCH COUNTY,307,69 Years,112,54,58,87,42,45,2,1,1,0,0,0,2,1,1,21,10,11
MCCULLOCH COUNTY,307,70 Years,121,58,63,93,45,48,2,1,1,0,0,0,2,0,2,24,12,12
MCCULLOCH COUNTY,307,71 Years,126,61,65,100,48,52,2,1,1,0,0,0,0,0,0,24,12,12
MCCULLOCH COUNTY,307,72 Years,105,50,55,85,43,42,0,0,0,0,0,0,0,0,0,20,7,13
MCCULLOCH COUNTY,307,73 Years,99,45,54,80,37,43,0,0,0,0,0,0,0,0,0,19,8,11
MCCULLOCH COUNTY,307,74 Years,91,47,44,72,38,34,0,0,0,0,0,0,0,0,0,19,9,10
MCCULLOCH COUNTY,307,75 Years,101,48,53,81,40,41,3,2,1,0,0,0,2,1,1,15,5,10
MCCULLOCH COUNTY,307,76 Years,80,40,40,66,34,32,1,1,0,0,0,0,1,0,1,12,5,7
MCCULLOCH COUNTY,307,77 Years,69,36,33,55,29,26,2,1,1,0,0,0,1,1,0,11,5,6
MCCULLOCH COUNTY,307,78 Years,66,34,32,53,28,25,3,1,2,0,0,0,1,1,0,9,4,5
MCCULLOCH COUNTY,307,79 Years,55,26,29,45,21,24,1,0,1,1,0,1,0,0,0,8,5,3
MCCULLOCH COUNTY,307,80 Years,52,25,27,42,20,22,0,0,0,0,0,0,1,1,0,9,4,5
MCCULLOCH COUNTY,307,81 Years,56,27,29,43,22,21,0,0,0,0,0,0,2,0,2,11,5,6
MCCULLOCH COUNTY,307,82 Years,50,25,25,38,18,20,1,0,1,0,0,0,1,1,0,10,6,4
MCCULLOCH COUNTY,307,83 Years,49,18,31,40,14,26,1,0,1,0,0,0,0,0,0,8,4,4
MCCULLOCH COUNTY,307,84 Years,42,18,24,34,15,19,0,0,0,0,0,0,1,0,1,7,3,4
MCCULLOCH COUNTY,307,85 Years,36,14,22,27,11,16,1,1,0,0,0,0,1,0,1,7,2,5
MCCULLOCH COUNTY,307,86 Years,35,14,21,24,10,14,1,1,0,0,0,0,2,1,1,8,2,6
MCCULLOCH COUNTY,307,87 Years,33,11,22,26,9,17,0,0,0,0,0,0,1,1,0,6,1,5
MCCULLOCH COUNTY,307,88 Years,34,10,24,27,8,19,1,0,1,0,0,0,0,0,0,6,2,4
MCCULLOCH COUNTY,307,89 Years,24,8,16,19,5,14,2,1,1,0,0,0,0,0,0,3,2,1
MCCULLOCH COUNTY,307,90 Years,23,10,13,19,8,11,0,0,0,0,0,0,0,0,0,4,2,2
MCCULLOCH COUNTY,307,91 Years,26,9,17,18,7,11,2,0,2,0,0,0,1,0,1,5,2,3
MCCULLOCH COUNTY,307,92 Years,18,7,11,11,3,8,2,2,0,0,0,0,0,0,0,5,2,3
MCCULLOCH COUNTY,307,93 Years,16,5,11,10,3,7,1,0,1,0,0,0,0,0,0,5,2,3
MCCULLOCH COUNTY,307,94 Years,9,4,5,5,2,3,0,0,0,0,0,0,0,0,0,4,2,2
MCCULLOCH COUNTY,307,95 Years +,25,6,19,16,3,13,1,1,0,0,0,0,0,0,0,8,2,6
MCLENNAN COUNTY,309,All Ages,254952,124818,130134,140466,68500,71966,36855,17404,19451,4133,2023,2110,5624,2683,2941,67874,34208,33666
MCLENNAN COUNTY,309,< 1 Year,3567,1809,1758,1394,711,683,659,336,323,29,13,16,159,72,87,1326,677,649
MCLENNAN COUNTY,309,1 Years,3529,1784,1745,1376,709,667,653,332,321,34,15,19,154,67,87,1312,661,651
MCLENNAN COUNTY,309,2 Years,3560,1793,1767,1388,710,678,648,321,327,37,18,19,157,77,80,1330,667,663
MCLENNAN COUNTY,309,3 Years,3631,1841,1790,1432,732,700,633,315,318,47,25,22,167,83,84,1352,686,666
MCLENNAN COUNTY,309,4 Years,3685,1885,1800,1456,742,714,636,319,317,52,29,23,184,95,89,1357,700,657
MCLENNAN COUNTY,309,5 Years,3650,1874,1776,1453,741,712,637,321,316,56,32,24,179,91,88,1325,689,636
MCLENNAN COUNTY,309,6 Years,3582,1850,1732,1446,745,701,615,311,304,52,31,21,165,86,79,1304,677,627
MCLENNAN COUNTY,309,7 Years,3566,1817,1749,1455,740,715,601,299,302,52,29,23,149,78,71,1309,671,638
MCLENNAN COUNTY,309,8 Years,3427,1742,1685,1396,718,678,565,282,283,46,23,23,131,68,63,1289,651,638
MCLENNAN COUNTY,309,9 Years,3358,1726,1632,1370,709,661,501,246,255,34,20,14,133,69,64,1320,682,638
MCLENNAN COUNTY,309,10 Years,3425,1758,1667,1372,713,659,509,253,256,43,22,21,135,70,65,1366,700,666
MCLENNAN COUNTY,309,11 Years,3448,1786,1662,1404,749,655,544,274,270,47,21,26,110,56,54,1343,686,657
MCLENNAN COUNTY,309,12 Years,3512,1827,1685,1451,787,664,591,293,298,37,19,18,105,54,51,1328,674,654
MCLENNAN COUNTY,309,13 Years,3472,1740,1732,1431,743,688,544,271,273,33,20,13,103,45,58,1361,661,700
MCLENNAN COUNTY,309,14 Years,3584,1792,1792,1490,742,748,591,301,290,38,25,13,118,50,68,1347,674,673
MCLENNAN COUNTY,309,15 Years,3808,1912,1896,1620,827,793,622,304,318,66,35,31,130,70,60,1370,676,694
MCLENNAN COUNTY,309,16 Years,4062,2095,1967,1826,965,861,601,291,310,62,32,30,116,55,61,1457,752,705
MCLENNAN COUNTY,309,17 Years,4212,2166,2046,1916,990,926,676,336,340,69,32,37,124,67,57,1427,741,686
MCLENNAN COUNTY,309,18 Years,5208,2587,2621,2818,1377,1441,711,344,367,158,84,74,138,71,67,1383,711,672
MCLENNAN COUNTY,309,19 Years,5738,2861,2877,3202,1608,1594,712,350,362,204,104,100,187,80,107,1433,719,714
MCLENNAN COUNTY,309,20 Years,5450,2709,2741,3160,1562,1598,679,337,342,181,85,96,135,71,64,1295,654,641
MCLENNAN COUNTY,309,21 Years,5136,2582,2554,3018,1527,1491,633,295,338,181,80,101,129,61,68,1175,619,556
MCLENNAN COUNTY,309,22 Years,4794,2399,2395,2793,1405,1388,618,322,296,129,58,71,99,49,50,1155,565,590
MCLENNAN COUNTY,309,23 Years,3573,1877,1696,1663,881,782,622,348,274,94,46,48,89,50,39,1105,552,553
MCLENNAN COUNTY,309,24 Years,3394,1722,1672,1619,856,763,597,315,282,63,22,41,75,38,37,1040,491,549
MCLENNAN COUNTY,309,25 Years,3095,1567,1528,1479,744,735,531,281,250,31,13,18,74,32,42,980,497,483
MCLENNAN COUNTY,309,26 Years,2963,1495,1468,1276,626,650,552,291,261,42,22,20,85,37,48,1008,519,489
MCLENNAN COUNTY,309,27 Years,3659,1792,1867,1753,870,883,613,299,314,79,37,42,100,43,57,1114,543,571
MCLENNAN COUNTY,309,28 Years,3598,1721,1877,1811,857,954,576,279,297,81,36,45,87,37,50,1043,512,531
MCLENNAN COUNTY,309,29 Years,3399,1639,1760,1731,842,889,513,234,279,82,36,46,73,31,42,1000,496,504
MCLENNAN COUNTY,309,30 Years,3267,1595,1672,1613,801,812,485,207,278,58,29,29,76,35,41,1035,523,512
MCLENNAN COUNTY,309,31 Years,3612,1763,1849,1981,963,1018,486,216,270,37,19,18,72,33,39,1036,532,504
MCLENNAN COUNTY,309,32 Years,3606,1766,1840,2047,1013,1034,470,211,259,24,10,14,60,31,29,1005,501,504
MCLENNAN COUNTY,309,33 Years,3544,1775,1769,1955,961,994,475,234,241,79,37,42,58,24,34,977,519,458
MCLENNAN COUNTY,309,34 Years,3312,1631,1681,1772,860,912,451,213,238,70,33,37,53,25,28,966,500,466
MCLENNAN COUNTY,309,35 Years,3217,1581,1636,1663,826,837,451,195,256,75,36,39,50,28,22,978,496,482
MCLENNAN COUNTY,309,36 Years,3134,1529,1605,1620,806,814,433,190,243,88,43,45,49,24,25,944,466,478
MCLENNAN COUNTY,309,37 Years,3089,1497,1592,1645,805,840,431,184,247,51,30,21,45,20,25,917,458,459
MCLENNAN COUNTY,309,38 Years,3200,1530,1670,1698,835,863,474,197,277,36,15,21,43,16,27,949,467,482
MCLENNAN COUNTY,309,39 Years,2941,1424,1517,1594,798,796,436,187,249,51,25,26,41,14,27,819,400,419
MCLENNAN COUNTY,309,40 Years,2842,1424,1418,1539,778,761,403,194,209,53,31,22,34,12,22,813,409,404
MCLENNAN COUNTY,309,41 Years,2726,1346,1380,1452,726,726,385,170,215,46,27,19,35,15,20,808,408,400
MCLENNAN COUNTY,309,42 Years,2698,1318,1380,1403,700,703,398,167,231,56,29,27,34,15,19,807,407,400
MCLENNAN COUNTY,309,43 Years,2740,1331,1409,1456,731,725,383,165,218,47,26,21,43,22,21,811,387,424
MCLENNAN COUNTY,309,44 Years,2658,1296,1362,1441,695,746,380,162,218,48,32,16,34,14,20,755,393,362
MCLENNAN COUNTY,309,45 Years,2603,1243,1360,1432,701,731,360,155,205,54,31,23,28,13,15,729,343,386
MCLENNAN COUNTY,309,46 Years,2794,1341,1453,1558,750,808,372,177,195,49,26,23,32,10,22,783,378,405
MCLENNAN COUNTY,309,47 Years,2813,1346,1467,1634,784,850,391,176,215,54,29,25,33,14,19,701,343,358
MCLENNAN COUNTY,309,48 Years,2828,1385,1443,1648,797,851,387,182,205,55,26,29,33,17,16,705,363,342
MCLENNAN COUNTY,309,49 Years,2670,1276,1394,1582,749,833,365,170,195,49,23,26,32,16,16,642,318,324
MCLENNAN COUNTY,309,50 Years,2601,1243,1358,1511,725,786,349,161,188,43,22,21,36,16,20,662,319,343
MCLENNAN COUNTY,309,51 Years,2632,1235,1397,1525,731,794,364,158,206,47,24,23,32,15,17,664,307,357
MCLENNAN COUNTY,309,52 Years,2648,1271,1377,1570,743,827,382,181,201,32,16,16,31,11,20,633,320,313
MCLENNAN COUNTY,309,53 Years,3009,1430,1579,1832,859,973,432,203,229,45,23,22,37,19,18,663,326,337
MCLENNAN COUNTY,309,54 Years,2919,1450,1469,1806,893,913,389,175,214,42,23,19,34,16,18,648,343,305
MCLENNAN COUNTY,309,55 Years,2864,1426,1438,1790,890,900,387,178,209,37,25,12,34,16,18,616,317,299
MCLENNAN COUNTY,309,56 Years,2996,1542,1454,1874,940,934,405,207,198,41,28,13,43,22,21,633,345,288
MCLENNAN COUNTY,309,57 Years,2992,1486,1506,1868,931,937,410,184,226,29,14,15,54,26,28,631,331,300
MCLENNAN COUNTY,309,58 Years,3009,1492,1517,1907,935,972,431,210,221,29,9,20,49,27,22,593,311,282
MCLENNAN COUNTY,309,59 Years,2951,1491,1460,1878,936,942,409,199,210,36,19,17,46,27,19,582,310,272
MCLENNAN COUNTY,309,60 Years,2853,1375,1478,1894,918,976,390,169,221,32,15,17,38,19,19,499,254,245
MCLENNAN COUNTY,309,61 Years,2838,1395,1443,1887,927,960,404,181,223,38,23,15,32,11,21,477,253,224
MCLENNAN COUNTY,309,62 Years,2826,1364,1462,1867,893,974,406,183,223,32,17,15,35,18,17,486,253,233
MCLENNAN COUNTY,309,63 Years,2823,1327,1496,1914,907,1007,394,173,221,30,11,19,42,20,22,443,216,227
MCLENNAN COUNTY,309,64 Years,2629,1244,1385,1811,859,952,363,160,203,29,9,20,33,19,14,393,197,196
MCLENNAN COUNTY,309,65 Years,2657,1269,1388,1851,893,958,353,157,196,24,5,19,27,14,13,402,200,202
MCLENNAN COUNTY,309,66 Years,2495,1148,1347,1781,830,951,336,132,204,21,6,15,28,11,17,329,169,160
MCLENNAN COUNTY,309,67 Years,2342,1110,1232,1665,782,883,310,145,165,19,6,13,31,12,19,317,165,152
MCLENNAN COUNTY,309,68 Years,2270,1093,1177,1641,783,858,275,133,142,22,8,14,34,17,17,298,152,146
MCLENNAN COUNTY,309,69 Years,2266,1104,1162,1651,801,850,288,138,150,29,12,17,22,12,10,276,141,135
MCLENNAN COUNTY,309,70 Years,2210,1062,1148,1653,785,868,267,132,135,24,9,15,24,11,13,242,125,117
MCLENNAN COUNTY,309,71 Years,2116,997,1119,1614,750,864,231,111,120,22,5,17,23,13,10,226,118,108
MCLENNAN COUNTY,309,72 Years,1717,803,914,1280,595,685,191,86,105,18,4,14,23,8,15,205,110,95
MCLENNAN COUNTY,309,73 Years,1645,774,871,1237,579,658,199,90,109,15,6,9,15,6,9,179,93,86
MCLENNAN COUNTY,309,74 Years,1594,734,860,1210,568,642,178,74,104,13,3,10,14,4,10,179,85,94
MCLENNAN COUNTY,309,75 Years,1513,701,812,1169,543,626,165,73,92,13,8,5,14,4,10,152,73,79
MCLENNAN COUNTY,309,76 Years,1393,620,773,1090,488,602,146,58,88,13,6,7,17,6,11,127,62,65
MCLENNAN COUNTY,309,77 Years,1270,551,719,986,429,557,137,60,77,16,4,12,10,3,7,121,55,66
MCLENNAN COUNTY,309,78 Years,1198,522,676,928,406,522,131,56,75,13,4,9,11,3,8,115,53,62
MCLENNAN COUNTY,309,79 Years,1130,491,639,887,395,492,118,42,76,7,2,5,11,4,7,107,48,59
MCLENNAN COUNTY,309,80 Years,1101,482,619,850,378,472,125,49,76,10,5,5,12,3,9,104,47,57
MCLENNAN COUNTY,309,81 Years,952,412,540,733,321,412,111,40,71,11,6,5,7,3,4,90,42,48
MCLENNAN COUNTY,309,82 Years,919,372,547,714,295,419,97,35,62,10,3,7,5,2,3,93,37,56
MCLENNAN COUNTY,309,83 Years,860,356,504,678,287,391,85,31,54,8,5,3,4,2,2,85,31,54
MCLENNAN COUNTY,309,84 Years,779,302,477,609,241,368,78,24,54,6,4,2,6,2,4,80,31,49
MCLENNAN COUNTY,309,85 Years,691,267,424,538,208,330,79,27,52,4,2,2,5,1,4,65,29,36
MCLENNAN COUNTY,309,86 Years,611,239,372,478,189,289,64,22,42,3,1,2,7,2,5,59,25,34
MCLENNAN COUNTY,309,87 Years,548,213,335,430,165,265,63,25,38,2,1,1,5,1,4,48,21,27
MCLENNAN COUNTY,309,88 Years,510,188,322,399,145,254,60,20,40,5,2,3,2,1,1,44,20,24
MCLENNAN COUNTY,309,89 Years,463,167,296,359,131,228,58,20,38,4,1,3,3,1,2,39,14,25
MCLENNAN COUNTY,309,90 Years,370,128,242,294,103,191,37,11,26,4,1,3,2,1,1,33,12,21
MCLENNAN COUNTY,309,91 Years,302,103,199,246,83,163,27,8,19,2,1,1,3,1,2,24,10,14
MCLENNAN COUNTY,309,92 Years,271,80,191,216,66,150,29,7,22,4,1,3,2,0,2,20,6,14
MCLENNAN COUNTY,309,93 Years,213,60,153,170,49,121,25,6,19,2,0,2,2,0,2,14,5,9
MCLENNAN COUNTY,309,94 Years,164,46,118,132,38,94,19,5,14,1,0,1,2,1,1,10,2,8
MCLENNAN COUNTY,309,95 Years +,413,108,305,311,80,231,59,13,46,7,3,4,2,1,1,34,11,23
MCMULLEN COUNTY,311,All Ages,752,389,363,434,215,219,7,3,4,1,0,1,3,1,2,307,170,137
MCMULLEN COUNTY,311,< 1 Year,7,6,1,2,2,0,0,0,0,0,0,0,0,0,0,5,4,1
MCMULLEN COUNTY,311,1 Years,8,2,6,2,0,2,0,0,0,0,0,0,0,0,0,6,2,4
MCMULLEN COUNTY,311,2 Years,7,4,3,1,0,1,0,0,0,0,0,0,1,1,0,5,3,2
MCMULLEN COUNTY,311,3 Years,10,4,6,1,0,1,0,0,0,0,0,0,0,0,0,9,4,5
MCMULLEN COUNTY,311,4 Years,8,3,5,1,0,1,0,0,0,0,0,0,0,0,0,7,3,4
MCMULLEN COUNTY,311,5 Years,8,2,6,1,0,1,0,0,0,0,0,0,0,0,0,7,2,5
MCMULLEN COUNTY,311,6 Years,9,4,5,2,0,2,0,0,0,0,0,0,0,0,0,7,4,3
MCMULLEN COUNTY,311,7 Years,7,5,2,2,1,1,0,0,0,0,0,0,0,0,0,5,4,1
MCMULLEN COUNTY,311,8 Years,4,0,4,1,0,1,0,0,0,0,0,0,0,0,0,3,0,3
MCMULLEN COUNTY,311,9 Years,4,2,2,1,0,1,0,0,0,0,0,0,0,0,0,3,2,1
MCMULLEN COUNTY,311,10 Years,5,3,2,3,2,1,0,0,0,0,0,0,0,0,0,2,1,1
MCMULLEN COUNTY,311,11 Years,7,4,3,6,3,3,0,0,0,0,0,0,0,0,0,1,1,0
MCMULLEN COUNTY,311,12 Years,6,4,2,2,1,1,0,0,0,0,0,0,0,0,0,4,3,1
MCMULLEN COUNTY,311,13 Years,8,4,4,4,2,2,0,0,0,0,0,0,0,0,0,4,2,2
MCMULLEN COUNTY,311,14 Years,4,2,2,2,1,1,0,0,0,0,0,0,0,0,0,2,1,1
MCMULLEN COUNTY,311,15 Years,3,1,2,1,1,0,0,0,0,0,0,0,0,0,0,2,0,2
MCMULLEN COUNTY,311,16 Years,7,3,4,2,1,1,0,0,0,0,0,0,0,0,0,5,2,3
MCMULLEN COUNTY,311,17 Years,9,6,3,5,4,1,0,0,0,0,0,0,0,0,0,4,2,2
MCMULLEN COUNTY,311,18 Years,6,4,2,2,2,0,0,0,0,0,0,0,0,0,0,4,2,2
MCMULLEN COUNTY,311,19 Years,12,7,5,4,2,2,0,0,0,0,0,0,0,0,0,8,5,3
MCMULLEN COUNTY,311,20 Years,14,8,6,6,4,2,1,1,0,0,0,0,0,0,0,7,3,4
MCMULLEN COUNTY,311,21 Years,6,2,4,3,1,2,0,0,0,0,0,0,0,0,0,3,1,2
MCMULLEN COUNTY,311,22 Years,4,3,1,1,1,0,0,0,0,0,0,0,0,0,0,3,2,1
MCMULLEN COUNTY,311,23 Years,6,4,2,3,2,1,0,0,0,0,0,0,0,0,0,3,2,1
MCMULLEN COUNTY,311,24 Years,4,2,2,1,0,1,0,0,0,0,0,0,0,0,0,3,2,1
MCMULLEN COUNTY,311,25 Years,6,3,3,4,2,2,0,0,0,0,0,0,0,0,0,2,1,1
MCMULLEN COUNTY,311,26 Years,12,6,6,5,1,4,0,0,0,0,0,0,0,0,0,7,5,2
MCMULLEN COUNTY,311,27 Years,6,3,3,2,0,2,0,0,0,0,0,0,0,0,0,4,3,1
MCMULLEN COUNTY,311,28 Years,10,7,3,3,1,2,1,1,0,0,0,0,0,0,0,6,5,1
MCMULLEN COUNTY,311,29 Years,7,2,5,2,0,2,0,0,0,0,0,0,0,0,0,5,2,3
MCMULLEN COUNTY,311,30 Years,3,2,1,1,0,1,0,0,0,0,0,0,0,0,0,2,2,0
MCMULLEN COUNTY,311,31 Years,8,3,5,2,1,1,0,0,0,0,0,0,0,0,0,6,2,4
MCMULLEN COUNTY,311,32 Years,5,3,2,1,0,1,0,0,0,0,0,0,0,0,0,4,3,1
MCMULLEN COUNTY,311,33 Years,8,6,2,4,2,2,0,0,0,0,0,0,0,0,0,4,4,0
MCMULLEN COUNTY,311,34 Years,8,4,4,7,3,4,0,0,0,0,0,0,0,0,0,1,1,0
MCMULLEN COUNTY,311,35 Years,7,2,5,5,2,3,0,0,0,0,0,0,0,0,0,2,0,2
MCMULLEN COUNTY,311,36 Years,4,2,2,2,1,1,0,0,0,0,0,0,0,0,0,2,1,1
MCMULLEN COUNTY,311,37 Years,5,4,1,2,2,0,0,0,0,0,0,0,0,0,0,3,2,1
MCMULLEN COUNTY,311,38 Years,9,4,5,4,2,2,1,0,1,0,0,0,2,0,2,2,2,0
MCMULLEN COUNTY,311,39 Years,7,4,3,5,3,2,1,0,1,0,0,0,0,0,0,1,1,0
MCMULLEN COUNTY,311,40 Years,6,4,2,3,3,0,0,0,0,0,0,0,0,0,0,3,1,2
MCMULLEN COUNTY,311,41 Years,4,2,2,2,1,1,0,0,0,0,0,0,0,0,0,2,1,1
MCMULLEN COUNTY,311,42 Years,5,3,2,2,1,1,0,0,0,0,0,0,0,0,0,3,2,1
MCMULLEN COUNTY,311,43 Years,5,2,3,3,1,2,0,0,0,0,0,0,0,0,0,2,1,1
MCMULLEN COUNTY,311,44 Years,6,3,3,5,3,2,0,0,0,0,0,0,0,0,0,1,0,1
MCMULLEN COUNTY,311,45 Years,4,1,3,2,0,2,0,0,0,0,0,0,0,0,0,2,1,1
MCMULLEN COUNTY,311,46 Years,6,4,2,3,3,0,0,0,0,0,0,0,0,0,0,3,1,2
MCMULLEN COUNTY,311,47 Years,5,3,2,2,2,0,0,0,0,0,0,0,0,0,0,3,1,2
MCMULLEN COUNTY,311,48 Years,5,1,4,4,1,3,0,0,0,0,0,0,0,0,0,1,0,1
MCMULLEN COUNTY,311,49 Years,10,7,3,4,2,2,0,0,0,0,0,0,0,0,0,6,5,1
MCMULLEN COUNTY,311,50 Years,7,3,4,3,1,2,0,0,0,0,0,0,0,0,0,4,2,2
MCMULLEN COUNTY,311,51 Years,8,3,5,6,3,3,0,0,0,0,0,0,0,0,0,2,0,2
MCMULLEN COUNTY,311,52 Years,12,5,7,7,2,5,0,0,0,1,0,1,0,0,0,4,3,1
MCMULLEN COUNTY,311,53 Years,15,6,9,6,1,5,0,0,0,0,0,0,0,0,0,9,5,4
MCMULLEN COUNTY,311,54 Years,6,3,3,2,1,1,0,0,0,0,0,0,0,0,0,4,2,2
MCMULLEN COUNTY,311,55 Years,6,3,3,4,3,1,0,0,0,0,0,0,0,0,0,2,0,2
MCMULLEN COUNTY,311,56 Years,8,3,5,4,2,2,0,0,0,0,0,0,0,0,0,4,1,3
MCMULLEN COUNTY,311,57 Years,14,6,8,10,4,6,0,0,0,0,0,0,0,0,0,4,2,2
MCMULLEN COUNTY,311,58 Years,10,5,5,8,4,4,0,0,0,0,0,0,0,0,0,2,1,1
MCMULLEN COUNTY,311,59 Years,11,8,3,6,4,2,0,0,0,0,0,0,0,0,0,5,4,1
MCMULLEN COUNTY,311,60 Years,12,8,4,7,5,2,1,0,1,0,0,0,0,0,0,4,3,1
MCMULLEN COUNTY,311,61 Years,9,5,4,4,2,2,0,0,0,0,0,0,0,0,0,5,3,2
MCMULLEN COUNTY,311,62 Years,20,10,10,14,7,7,0,0,0,0,0,0,0,0,0,6,3,3
MCMULLEN COUNTY,311,63 Years,19,10,9,13,7,6,0,0,0,0,0,0,0,0,0,6,3,3
MCMULLEN COUNTY,311,64 Years,12,5,7,8,3,5,0,0,0,0,0,0,0,0,0,4,2,2
MCMULLEN COUNTY,311,65 Years,12,7,5,10,6,4,0,0,0,0,0,0,0,0,0,2,1,1
MCMULLEN COUNTY,311,66 Years,7,3,4,7,3,4,0,0,0,0,0,0,0,0,0,0,0,0
MCMULLEN COUNTY,311,67 Years,9,7,2,7,5,2,0,0,0,0,0,0,0,0,0,2,2,0
MCMULLEN COUNTY,311,68 Years,8,5,3,5,3,2,0,0,0,0,0,0,0,0,0,3,2,1
MCMULLEN COUNTY,311,69 Years,12,7,5,9,5,4,0,0,0,0,0,0,0,0,0,3,2,1
MCMULLEN COUNTY,311,70 Years,7,3,4,6,3,3,0,0,0,0,0,0,0,0,0,1,0,1
MCMULLEN COUNTY,311,71 Years,9,5,4,8,4,4,0,0,0,0,0,0,0,0,0,1,1,0
MCMULLEN COUNTY,311,72 Years,6,1,5,4,1,3,0,0,0,0,0,0,0,0,0,2,0,2
MCMULLEN COUNTY,311,73 Years,13,7,6,8,5,3,0,0,0,0,0,0,0,0,0,5,2,3
MCMULLEN COUNTY,311,74 Years,11,5,6,8,4,4,0,0,0,0,0,0,0,0,0,3,1,2
MCMULLEN COUNTY,311,75 Years,5,1,4,3,1,2,0,0,0,0,0,0,0,0,0,2,0,2
MCMULLEN COUNTY,311,76 Years,14,8,6,10,4,6,0,0,0,0,0,0,0,0,0,4,4,0
MCMULLEN COUNTY,311,77 Years,8,5,3,7,4,3,0,0,0,0,0,0,0,0,0,1,1,0
MCMULLEN COUNTY,311,78 Years,13,12,1,9,8,1,0,0,0,0,0,0,0,0,0,4,4,0
MCMULLEN COUNTY,311,79 Years,7,4,3,4,2,2,0,0,0,0,0,0,0,0,0,3,2,1
MCMULLEN COUNTY,311,80 Years,14,5,9,10,2,8,0,0,0,0,0,0,0,0,0,4,3,1
MCMULLEN COUNTY,311,81 Years,14,5,9,13,5,8,0,0,0,0,0,0,0,0,0,1,0,1
MCMULLEN COUNTY,311,82 Years,10,5,5,9,4,5,1,1,0,0,0,0,0,0,0,0,0,0
MCMULLEN COUNTY,311,83 Years,8,5,3,7,5,2,0,0,0,0,0,0,0,0,0,1,0,1
MCMULLEN COUNTY,311,84 Years,4,3,1,2,2,0,0,0,0,0,0,0,0,0,0,2,1,1
MCMULLEN COUNTY,311,85 Years,11,5,6,9,4,5,0,0,0,0,0,0,0,0,0,2,1,1
MCMULLEN COUNTY,311,86 Years,12,5,7,10,4,6,0,0,0,0,0,0,0,0,0,2,1,1
MCMULLEN COUNTY,311,87 Years,10,3,7,8,3,5,1,0,1,0,0,0,0,0,0,1,0,1
MCMULLEN COUNTY,311,88 Years,5,3,2,5,3,2,0,0,0,0,0,0,0,0,0,0,0,0
MCMULLEN COUNTY,311,89 Years,3,1,2,3,1,2,0,0,0,0,0,0,0,0,0,0,0,0
MCMULLEN COUNTY,311,90 Years,3,2,1,3,2,1,0,0,0,0,0,0,0,0,0,0,0,0
MCMULLEN COUNTY,311,91 Years,4,3,1,3,2,1,0,0,0,0,0,0,0,0,0,1,1,0
MCMULLEN COUNTY,311,92 Years,4,3,1,3,2,1,0,0,0,0,0,0,0,0,0,1,1,0
MCMULLEN COUNTY,311,93 Years,4,3,1,2,1,1,0,0,0,0,0,0,0,0,0,2,2,0
MCMULLEN COUNTY,311,94 Years,0,0,0,0,0,0,0,0,0,0,0,0,0,0,0,0,0,0
MCMULLEN COUNTY,311,95 Years +,2,1,1,2,1,1,0,0,0,0,0,0,0,0,0,0,0,0
MADISON COUNTY,313,All Ages,14421,8302,6119,7752,4115,3637,2770,1847,923,81,48,33,345,192,153,3473,2100,1373
MADISON COUNTY,313,< 1 Year,185,105,80,84,44,40,19,12,7,0,0,0,26,20,6,56,29,27
MADISON COUNTY,313,1 Years,188,102,86,88,46,42,20,13,7,0,0,0,26,15,11,54,28,26
MADISON COUNTY,313,2 Years,171,93,78,82,43,39,21,11,10,0,0,0,21,12,9,47,27,20
MADISON COUNTY,313,3 Years,177,88,89,86,43,43,24,12,12,0,0,0,16,6,10,51,27,24
MADISON COUNTY,313,4 Years,180,96,84,82,43,39,26,13,13,0,0,0,15,10,5,57,30,27
MADISON COUNTY,313,5 Years,189,100,89,81,44,37,26,14,12,3,3,0,16,11,5,63,28,35
MADISON COUNTY,313,6 Years,183,96,87,76,39,37,23,12,11,4,3,1,20,14,6,60,28,32
MADISON COUNTY,313,7 Years,190,96,94,81,41,40,25,13,12,2,1,1,21,12,9,61,29,32
MADISON COUNTY,313,8 Years,195,97,98,93,50,43,24,12,12,0,0,0,13,5,8,65,30,35
MADISON COUNTY,313,9 Years,172,87,85,93,48,45,20,9,11,1,1,0,12,5,7,46,24,22
MADISON COUNTY,313,10 Years,178,87,91,86,43,43,23,11,12,5,1,4,7,2,5,57,30,27
MADISON COUNTY,313,11 Years,179,91,88,87,44,43,31,19,12,2,0,2,7,4,3,52,24,28
MADISON COUNTY,313,12 Years,175,82,93,81,34,47,35,17,18,1,1,0,4,3,1,54,27,27
MADISON COUNTY,313,13 Years,169,88,81,85,43,42,30,17,13,1,0,1,4,3,1,49,25,24
MADISON COUNTY,313,14 Years,162,82,80,83,42,41,30,20,10,2,0,2,4,1,3,43,19,24
MADISON COUNTY,313,15 Years,146,64,82,75,34,41,28,11,17,2,0,2,4,0,4,37,19,18
MADISON COUNTY,313,16 Years,178,90,88,75,39,36,42,28,14,2,0,2,4,3,1,55,20,35
MADISON COUNTY,313,17 Years,172,94,78,72,38,34,42,30,12,0,0,0,5,5,0,53,21,32
MADISON COUNTY,313,18 Years,184,100,84,83,44,39,44,27,17,1,1,0,4,3,1,52,25,27
MADISON COUNTY,313,19 Years,197,114,83,70,36,34,57,34,23,1,0,1,3,2,1,66,42,24
MADISON COUNTY,313,20 Years,240,157,83,101,60,41,67,48,19,2,1,1,3,2,1,67,46,21
MADISON COUNTY,313,21 Years,227,153,74,86,51,35,63,51,12,2,2,0,4,3,1,72,46,26
MADISON COUNTY,313,22 Years,235,167,68,79,49,30,72,58,14,1,1,0,3,2,1,80,57,23
MADISON COUNTY,313,23 Years,241,159,82,102,56,46,48,37,11,1,1,0,4,3,1,86,62,24
MADISON COUNTY,313,24 Years,275,186,89,102,56,46,82,65,17,1,1,0,4,4,0,86,60,26
MADISON COUNTY,313,25 Years,300,209,91,115,74,41,80,62,18,0,0,0,4,2,2,101,71,30
MADISON COUNTY,313,26 Years,283,195,88,105,71,34,70,57,13,0,0,0,3,2,1,105,65,40
MADISON COUNTY,313,27 Years,296,217,79,104,70,34,91,82,9,0,0,0,1,0,1,100,65,35
MADISON COUNTY,313,28 Years,276,200,76,107,74,33,71,59,12,0,0,0,1,1,0,97,66,31
MADISON COUNTY,313,29 Years,273,193,80,116,76,40,78,63,15,0,0,0,2,1,1,77,53,24
MADISON COUNTY,313,30 Years,245,179,66,97,64,33,69,57,12,0,0,0,2,1,1,77,57,20
MADISON COUNTY,313,31 Years,241,168,73,107,66,41,57,47,10,0,0,0,0,0,0,77,55,22
MADISON COUNTY,313,32 Years,238,178,60,99,64,35,67,63,4,0,0,0,3,2,1,69,49,20
MADISON COUNTY,313,33 Years,224,164,60,94,59,35,64,54,10,0,0,0,4,2,2,62,49,13
MADISON COUNTY,313,34 Years,237,157,80,103,59,44,59,48,11,3,2,1,3,1,2,69,47,22
MADISON COUNTY,313,35 Years,228,141,87,92,46,46,61,48,13,2,2,0,2,0,2,71,45,26
MADISON COUNTY,313,36 Years,183,121,62,74,39,35,47,35,12,2,1,1,0,0,0,60,46,14
MADISON COUNTY,313,37 Years,205,141,64,85,50,35,51,40,11,2,1,1,1,0,1,66,50,16
MADISON COUNTY,313,38 Years,200,121,79,99,56,43,34,24,10,3,2,1,2,1,1,62,38,24
MADISON COUNTY,313,39 Years,204,131,73,107,63,44,44,31,13,4,1,3,2,2,0,47,34,13
MADISON COUNTY,313,40 Years,172,101,71,106,57,49,32,21,11,1,0,1,1,0,1,32,23,9
MADISON COUNTY,313,41 Years,164,108,56,89,53,36,34,28,6,2,1,1,1,0,1,38,26,12
MADISON COUNTY,313,42 Years,164,107,57,94,59,35,22,18,4,1,1,0,4,3,1,43,26,17
MADISON COUNTY,313,43 Years,164,106,58,94,62,32,27,19,8,2,1,1,1,0,1,40,24,16
MADISON COUNTY,313,44 Years,168,99,69,100,55,45,28,18,10,0,0,0,2,2,0,38,24,14
MADISON COUNTY,313,45 Years,156,95,61,90,52,38,26,17,9,0,0,0,0,0,0,40,26,14
MADISON COUNTY,313,46 Years,159,91,68,90,48,42,22,15,7,0,0,0,4,2,2,43,26,17
MADISON COUNTY,313,47 Years,158,94,64,92,51,41,23,16,7,2,1,1,2,1,1,39,25,14
MADISON COUNTY,313,48 Years,166,91,75,112,58,54,20,11,9,1,1,0,0,0,0,33,21,12
MADISON COUNTY,313,49 Years,162,90,72,96,52,44,24,12,12,1,1,0,2,2,0,39,23,16
MADISON COUNTY,313,50 Years,149,86,63,86,44,42,20,11,9,2,2,0,2,1,1,39,28,11
MADISON COUNTY,313,51 Years,127,63,64,80,37,43,16,8,8,0,0,0,1,1,0,30,17,13
MADISON COUNTY,313,52 Years,134,67,67,91,44,47,20,10,10,0,0,0,1,0,1,22,13,9
MADISON COUNTY,313,53 Years,139,75,64,79,38,41,32,21,11,0,0,0,2,1,1,26,15,11
MADISON COUNTY,313,54 Years,150,75,75,78,34,44,32,22,10,1,1,0,4,1,3,35,17,18
MADISON COUNTY,313,55 Years,132,68,64,83,43,40,23,12,11,2,1,1,1,0,1,23,12,11
MADISON COUNTY,313,56 Years,139,66,73,97,44,53,17,8,9,1,1,0,1,1,0,23,12,11
MADISON COUNTY,313,57 Years,122,53,69,85,35,50,17,8,9,0,0,0,1,0,1,19,10,9
MADISON COUNTY,313,58 Years,124,55,69,84,35,49,21,9,12,0,0,0,0,0,0,19,11,8
MADISON COUNTY,313,59 Years,141,67,74,104,49,55,18,7,11,2,2,0,0,0,0,17,9,8
MADISON COUNTY,313,60 Years,153,81,72,120,64,56,14,7,7,1,1,0,1,0,1,17,9,8
MADISON COUNTY,313,61 Years,153,75,78,104,56,48,29,9,20,3,2,1,0,0,0,17,8,9
MADISON COUNTY,313,62 Years,138,73,65,98,53,45,23,8,15,1,1,0,0,0,0,16,11,5
MADISON COUNTY,313,63 Years,156,77,79,110,53,57,25,14,11,1,1,0,3,1,2,17,8,9
MADISON COUNTY,313,64 Years,150,71,79,104,52,52,26,10,16,2,1,1,0,0,0,18,8,10
MADISON COUNTY,313,65 Years,134,64,70,98,49,49,19,7,12,1,0,1,0,0,0,16,8,8
MADISON COUNTY,313,66 Years,125,59,66,97,45,52,15,9,6,0,0,0,3,0,3,10,5,5
MADISON COUNTY,313,67 Years,139,67,72,104,48,56,26,16,10,0,0,0,1,0,1,8,3,5
MADISON COUNTY,313,68 Years,132,68,64,104,52,52,18,12,6,0,0,0,1,0,1,9,4,5
MADISON COUNTY,313,69 Years,144,72,72,111,58,53,22,9,13,0,0,0,2,1,1,9,4,5
MADISON COUNTY,313,70 Years,141,73,68,115,58,57,19,10,9,0,0,0,0,0,0,7,5,2
MADISON COUNTY,313,71 Years,134,69,65,109,55,54,11,6,5,2,2,0,3,1,2,9,5,4
MADISON COUNTY,313,72 Years,111,57,54,88,45,43,12,7,5,1,1,0,3,1,2,7,3,4
MADISON COUNTY,313,73 Years,102,46,56,80,37,43,18,8,10,0,0,0,1,1,0,3,0,3
MADISON COUNTY,313,74 Years,103,50,53,87,40,47,11,6,5,0,0,0,0,0,0,5,4,1
MADISON COUNTY,313,75 Years,94,42,52,72,30,42,15,8,7,0,0,0,2,2,0,5,2,3
MADISON COUNTY,313,76 Years,91,45,46,68,35,33,12,5,7,0,0,0,3,1,2,8,4,4
MADISON COUNTY,313,77 Years,88,46,42,75,39,36,5,2,3,0,0,0,3,2,1,5,3,2
MADISON COUNTY,313,78 Years,91,47,44,76,39,37,9,4,5,0,0,0,2,1,1,4,3,1
MADISON COUNTY,313,79 Years,85,42,43,64,34,30,13,4,9,0,0,0,3,1,2,5,3,2
MADISON COUNTY,313,80 Years,72,37,35,57,32,25,7,1,6,0,0,0,1,0,1,7,4,3
MADISON COUNTY,313,81 Years,62,25,37,49,20,29,8,3,5,0,0,0,0,0,0,5,2,3
MADISON COUNTY,313,82 Years,60,28,32,48,21,27,7,4,3,0,0,0,1,0,1,4,3,1
MADISON COUNTY,313,83 Years,50,20,30,41,16,25,7,3,4,0,0,0,1,0,1,1,1,0
MADISON COUNTY,313,84 Years,43,18,25,37,16,21,5,2,3,0,0,0,0,0,0,1,0,1
MADISON COUNTY,313,85 Years,39,17,22,31,14,17,5,2,3,0,0,0,0,0,0,3,1,2
MADISON COUNTY,313,86 Years,34,15,19,26,12,14,7,2,5,0,0,0,0,0,0,1,1,0
MADISON COUNTY,313,87 Years,33,16,17,24,12,12,8,3,5,0,0,0,0,0,0,1,1,0
MADISON COUNTY,313,88 Years,27,14,13,21,10,11,4,2,2,0,0,0,0,0,0,2,2,0
MADISON COUNTY,313,89 Years,23,9,14,20,7,13,2,1,1,0,0,0,0,0,0,1,1,0
MADISON COUNTY,313,90 Years,20,8,12,14,6,8,4,1,3,0,0,0,0,0,0,2,1,1
MADISON COUNTY,313,91 Years,17,5,12,13,5,8,4,0,4,0,0,0,0,0,0,0,0,0
MADISON COUNTY,313,92 Years,14,5,9,9,3,6,4,1,3,0,0,0,0,0,0,1,1,0
MADISON COUNTY,313,93 Years,12,3,9,8,2,6,4,1,3,0,0,0,0,0,0,0,0,0
MADISON COUNTY,313,94 Years,11,2,9,6,1,5,3,1,2,1,0,1,0,0,0,1,0,1
MADISON COUNTY,313,95 Years +,29,10,19,17,5,12,10,4,6,0,0,0,1,0,1,1,1,0
MARION COUNTY,315,All Ages,9957,4886,5071,6907,3424,3483,2247,1058,1189,76,37,39,348,175,173,379,192,187
MARION COUNTY,315,< 1 Year,84,47,37,49,28,21,20,11,9,5,3,2,6,3,3,4,2,2
MARION COUNTY,315,1 Years,86,47,39,49,25,24,21,13,8,2,1,1,9,5,4,5,3,2
MARION COUNTY,315,2 Years,98,53,45,54,26,28,22,15,7,4,2,2,13,7,6,5,3,2
MARION COUNTY,315,3 Years,103,54,49,57,26,31,26,17,9,4,2,2,12,7,5,4,2,2
MARION COUNTY,315,4 Years,110,53,57,60,26,34,28,16,12,6,2,4,9,5,4,7,4,3
MARION COUNTY,315,5 Years,111,49,62,60,25,35,30,15,15,3,1,2,8,4,4,10,4,6
MARION COUNTY,315,6 Years,114,50,64,59,25,34,28,13,15,4,1,3,9,4,5,14,7,7
MARION COUNTY,315,7 Years,113,51,62,57,26,31,29,13,16,3,2,1,11,4,7,13,6,7
MARION COUNTY,315,8 Years,121,59,62,66,28,38,37,20,17,2,1,1,6,2,4,10,8,2
MARION COUNTY,315,9 Years,103,53,50,58,25,33,32,20,12,0,0,0,5,2,3,8,6,2
MARION COUNTY,315,10 Years,122,60,62,76,37,39,24,12,12,1,1,0,9,6,3,12,4,8
MARION COUNTY,315,11 Years,106,49,57,70,31,39,22,11,11,1,1,0,4,2,2,9,4,5
MARION COUNTY,315,12 Years,101,53,48,61,32,29,28,15,13,1,1,0,4,2,2,7,3,4
MARION COUNTY,315,13 Years,97,45,52,59,26,33,26,14,12,1,1,0,5,2,3,6,2,4
MARION COUNTY,315,14 Years,90,46,44,55,30,25,25,12,13,1,1,0,4,2,2,5,1,4
MARION COUNTY,315,15 Years,92,47,45,64,29,35,21,14,7,0,0,0,2,2,0,5,2,3
MARION COUNTY,315,16 Years,96,48,48,59,32,27,32,15,17,0,0,0,1,1,0,4,0,4
MARION COUNTY,315,17 Years,94,53,41,58,36,22,26,11,15,0,0,0,6,3,3,4,3,1
MARION COUNTY,315,18 Years,94,49,45,52,29,23,32,14,18,0,0,0,6,4,2,4,2,2
MARION COUNTY,315,19 Years,87,49,38,43,26,17,36,17,19,0,0,0,3,2,1,5,4,1
MARION COUNTY,315,20 Years,102,63,39,56,37,19,32,16,16,2,2,0,4,2,2,8,6,2
MARION COUNTY,315,21 Years,90,48,42,58,35,23,22,8,14,0,0,0,6,3,3,4,2,2
MARION COUNTY,315,22 Years,93,50,43,53,30,23,27,12,15,2,2,0,4,2,2,7,4,3
MARION COUNTY,315,23 Years,97,55,42,47,27,20,35,18,17,0,0,0,4,2,2,11,8,3
MARION COUNTY,315,24 Years,102,49,53,60,26,34,27,12,15,0,0,0,6,3,3,9,8,1
MARION COUNTY,315,25 Years,112,59,53,72,38,34,29,14,15,1,1,0,4,2,2,6,4,2
MARION COUNTY,315,26 Years,121,67,54,82,44,38,30,17,13,1,1,0,3,2,1,5,3,2
MARION COUNTY,315,27 Years,112,55,57,81,41,40,22,9,13,0,0,0,3,2,1,6,3,3
MARION COUNTY,315,28 Years,91,41,50,65,32,33,21,8,13,0,0,0,0,0,0,5,1,4
MARION COUNTY,315,29 Years,81,40,41,47,24,23,28,13,15,0,0,0,2,1,1,4,2,2
MARION COUNTY,315,30 Years,103,51,52,65,34,31,25,11,14,0,0,0,5,3,2,8,3,5
MARION COUNTY,315,31 Years,109,48,61,72,35,37,27,9,18,1,1,0,4,1,3,5,2,3
MARION COUNTY,315,32 Years,106,54,52,79,43,36,22,9,13,0,0,0,3,1,2,2,1,1
MARION COUNTY,315,33 Years,87,42,45,71,35,36,14,5,9,0,0,0,1,1,0,1,1,0
MARION COUNTY,315,34 Years,89,43,46,66,34,32,13,6,7,0,0,0,4,1,3,6,2,4
MARION COUNTY,315,35 Years,105,47,58,61,30,31,31,11,20,2,0,2,5,2,3,6,4,2
MARION COUNTY,315,36 Years,103,51,52,67,35,32,29,13,16,0,0,0,2,1,1,5,2,3
MARION COUNTY,315,37 Years,97,51,46,68,36,32,24,12,12,0,0,0,3,3,0,2,0,2
MARION COUNTY,315,38 Years,109,51,58,76,35,41,27,12,15,0,0,0,5,4,1,1,0,1
MARION COUNTY,315,39 Years,94,47,47,70,34,36,20,10,10,0,0,0,1,1,0,3,2,1
MARION COUNTY,315,40 Years,83,36,47,64,28,36,17,7,10,0,0,0,0,0,0,2,1,1
MARION COUNTY,315,41 Years,103,54,49,72,38,34,21,11,10,2,1,1,4,2,2,4,2,2
MARION COUNTY,315,42 Years,102,51,51,74,39,35,19,9,10,1,1,0,2,1,1,6,1,5
MARION COUNTY,315,43 Years,83,39,44,59,26,33,15,8,7,1,1,0,2,1,1,6,3,3
MARION COUNTY,315,44 Years,89,43,46,66,30,36,15,9,6,1,0,1,3,1,2,4,3,1
MARION COUNTY,315,45 Years,101,46,55,72,37,35,20,5,15,0,0,0,2,1,1,7,3,4
MARION COUNTY,315,46 Years,106,35,71,77,27,50,17,4,13,1,0,1,2,0,2,9,4,5
MARION COUNTY,315,47 Years,116,52,64,83,40,43,22,9,13,3,0,3,3,1,2,5,2,3
MARION COUNTY,315,48 Years,106,54,52,76,41,35,22,11,11,1,0,1,2,1,1,5,1,4
MARION COUNTY,315,49 Years,102,48,54,72,35,37,24,12,12,2,0,2,1,0,1,3,1,2
MARION COUNTY,315,50 Years,105,53,52,80,43,37,20,8,12,1,0,1,2,0,2,2,2,0
MARION COUNTY,315,51 Years,121,60,61,91,46,45,24,10,14,0,0,0,3,1,2,3,3,0
MARION COUNTY,315,52 Years,147,72,75,106,52,54,30,13,17,1,1,0,5,2,3,5,4,1
MARION COUNTY,315,53 Years,151,74,77,113,56,57,31,14,17,1,1,0,4,2,2,2,1,1
MARION COUNTY,315,54 Years,149,75,74,114,57,57,29,15,14,1,0,1,3,2,1,2,1,1
MARION COUNTY,315,55 Years,152,74,78,114,55,59,29,15,14,2,0,2,4,3,1,3,1,2
MARION COUNTY,315,56 Years,173,81,92,131,63,68,33,15,18,1,0,1,3,2,1,5,1,4
MARION COUNTY,315,57 Years,180,78,102,137,67,70,33,8,25,0,0,0,7,3,4,3,0,3
MARION COUNTY,315,58 Years,209,112,97,158,90,68,42,17,25,0,0,0,7,5,2,2,0,2
MARION COUNTY,315,59 Years,200,95,105,147,72,75,45,17,28,0,0,0,4,3,1,4,3,1
MARION COUNTY,315,60 Years,174,79,95,128,61,67,36,13,23,0,0,0,5,2,3,5,3,2
MARION COUNTY,315,61 Years,169,92,77,121,65,56,36,18,18,0,0,0,5,2,3,7,7,0
MARION COUNTY,315,62 Years,161,90,71,118,63,55,33,21,12,0,0,0,6,3,3,4,3,1
MARION COUNTY,315,63 Years,165,82,83,123,62,61,33,17,16,1,1,0,6,2,4,2,0,2
MARION COUNTY,315,64 Years,173,73,100,127,54,73,40,17,23,1,1,0,5,1,4,0,0,0
MARION COUNTY,315,65 Years,156,76,80,112,54,58,37,20,17,0,0,0,4,1,3,3,1,2
MARION COUNTY,315,66 Years,146,73,73,113,57,56,29,14,15,0,0,0,3,2,1,1,0,1
MARION COUNTY,315,67 Years,154,72,82,111,55,56,39,16,23,2,0,2,2,1,1,0,0,0
MARION COUNTY,315,68 Years,162,86,76,115,60,55,41,22,19,1,0,1,4,3,1,1,1,0
MARION COUNTY,315,69 Years,161,87,74,120,66,54,32,16,16,0,0,0,5,2,3,4,3,1
MARION COUNTY,315,70 Years,156,73,83,126,59,67,22,9,13,2,2,0,2,1,1,4,2,2
MARION COUNTY,315,71 Years,164,82,82,133,66,67,24,12,12,1,1,0,4,3,1,2,0,2
MARION COUNTY,315,72 Years,135,66,69,107,51,56,24,12,12,0,0,0,3,2,1,1,1,0
MARION COUNTY,315,73 Years,107,54,53,81,42,39,22,11,11,0,0,0,4,1,3,0,0,0
MARION COUNTY,315,74 Years,102,48,54,80,38,42,19,9,10,0,0,0,2,1,1,1,0,1
MARION COUNTY,315,75 Years,99,48,51,78,37,41,18,9,9,0,0,0,3,2,1,0,0,0
MARION COUNTY,315,76 Years,96,50,46,70,36,34,20,11,9,0,0,0,3,1,2,3,2,1
MARION COUNTY,315,77 Years,102,49,53,79,38,41,20,9,11,0,0,0,2,1,1,1,1,0
MARION COUNTY,315,78 Years,88,45,43,70,37,33,17,8,9,0,0,0,0,0,0,1,0,1
MARION COUNTY,315,79 Years,79,39,40,61,31,30,16,8,8,0,0,0,1,0,1,1,0,1
MARION COUNTY,315,80 Years,73,36,37,56,29,27,13,6,7,0,0,0,3,1,2,1,0,1
MARION COUNTY,315,81 Years,57,23,34,42,17,25,13,6,7,0,0,0,1,0,1,1,0,1
MARION COUNTY,315,82 Years,73,30,43,57,23,34,11,5,6,0,0,0,3,2,1,2,0,2
MARION COUNTY,315,83 Years,52,28,24,36,20,16,11,5,6,1,0,1,1,1,0,3,2,1
MARION COUNTY,315,84 Years,51,24,27,37,19,18,11,4,7,1,0,1,1,1,0,1,0,1
MARION COUNTY,315,85 Years,42,18,24,32,14,18,9,4,5,0,0,0,1,0,1,0,0,0
MARION COUNTY,315,86 Years,41,20,21,31,15,16,9,4,5,0,0,0,0,0,0,1,1,0
MARION COUNTY,315,87 Years,34,15,19,26,12,14,8,3,5,0,0,0,0,0,0,0,0,0
MARION COUNTY,315,88 Years,35,12,23,26,8,18,9,4,5,0,0,0,0,0,0,0,0,0
MARION COUNTY,315,89 Years,28,10,18,23,9,14,5,1,4,0,0,0,0,0,0,0,0,0
MARION COUNTY,315,90 Years,28,13,15,21,10,11,5,2,3,0,0,0,1,1,0,1,0,1
MARION COUNTY,315,91 Years,23,10,13,15,7,8,6,2,4,0,0,0,1,1,0,1,0,1
MARION COUNTY,315,92 Years,17,6,11,12,4,8,4,2,2,0,0,0,1,0,1,0,0,0
MARION COUNTY,315,93 Years,15,6,9,11,4,7,4,2,2,0,0,0,0,0,0,0,0,0
MARION COUNTY,315,94 Years,13,5,8,9,3,6,3,2,1,0,0,0,1,0,1,0,0,0
MARION COUNTY,315,95 Years +,23,7,16,12,3,9,10,4,6,0,0,0,1,0,1,0,0,0
MARTIN COUNTY,317,All Ages,5727,2904,2823,2769,1389,1380,67,34,33,11,4,7,71,40,31,2809,1437,1372
MARTIN COUNTY,317,< 1 Year,79,45,34,37,20,17,1,0,1,0,0,0,2,1,1,39,24,15
MARTIN COUNTY,317,1 Years,88,48,40,42,22,20,1,1,0,0,0,0,2,1,1,43,24,19
MARTIN COUNTY,317,2 Years,90,48,42,37,19,18,1,1,0,0,0,0,2,1,1,50,27,23
MARTIN COUNTY,317,3 Years,106,56,50,45,25,20,0,0,0,0,0,0,3,2,1,58,29,29
MARTIN COUNTY,317,4 Years,108,59,49,43,24,19,0,0,0,0,0,0,3,2,1,62,33,29
MARTIN COUNTY,317,5 Years,100,56,44,42,24,18,0,0,0,0,0,0,2,2,0,56,30,26
MARTIN COUNTY,317,6 Years,87,47,40,34,17,17,0,0,0,0,0,0,2,1,1,51,29,22
MARTIN COUNTY,317,7 Years,83,42,41,34,17,17,0,0,0,0,0,0,1,1,0,48,24,24
MARTIN COUNTY,317,8 Years,93,46,47,37,22,15,4,2,2,0,0,0,0,0,0,52,22,30
MARTIN COUNTY,317,9 Years,87,42,45,32,17,15,3,3,0,0,0,0,2,1,1,50,21,29
MARTIN COUNTY,317,10 Years,80,37,43,27,15,12,3,2,1,0,0,0,1,1,0,49,19,30
MARTIN COUNTY,317,11 Years,86,45,41,30,16,14,2,0,2,0,0,0,3,2,1,51,27,24
MARTIN COUNTY,317,12 Years,83,45,38,30,17,13,3,2,1,0,0,0,1,1,0,49,25,24
MARTIN COUNTY,317,13 Years,87,47,40,33,16,17,2,2,0,0,0,0,0,0,0,52,29,23
MARTIN COUNTY,317,14 Years,86,46,40,36,18,18,3,1,2,0,0,0,0,0,0,47,27,20
MARTIN COUNTY,317,15 Years,86,40,46,37,17,20,0,0,0,0,0,0,1,1,0,48,22,26
MARTIN COUNTY,317,16 Years,72,35,37,31,18,13,0,0,0,0,0,0,2,1,1,39,16,23
MARTIN COUNTY,317,17 Years,86,43,43,38,21,17,0,0,0,0,0,0,2,0,2,46,22,24
MARTIN COUNTY,317,18 Years,85,42,43,40,21,19,1,0,1,0,0,0,3,2,1,41,19,22
MARTIN COUNTY,317,19 Years,75,36,39,32,20,12,2,0,2,0,0,0,3,1,2,38,15,23
MARTIN COUNTY,317,20 Years,76,39,37,36,19,17,1,0,1,0,0,0,1,1,0,38,19,19
MARTIN COUNTY,317,21 Years,75,37,38,38,18,20,0,0,0,0,0,0,0,0,0,37,19,18
MARTIN COUNTY,317,22 Years,80,44,36,37,21,16,0,0,0,1,0,1,0,0,0,42,23,19
MARTIN COUNTY,317,23 Years,79,39,40,36,18,18,0,0,0,1,0,1,0,0,0,42,21,21
MARTIN COUNTY,317,24 Years,84,47,37,32,18,14,0,0,0,0,0,0,2,2,0,50,27,23
MARTIN COUNTY,317,25 Years,113,60,53,54,28,26,0,0,0,0,0,0,2,2,0,57,30,27
MARTIN COUNTY,317,26 Years,96,50,46,34,18,16,0,0,0,0,0,0,3,2,1,59,30,29
MARTIN COUNTY,317,27 Years,80,41,39,31,15,16,1,0,1,0,0,0,2,1,1,46,25,21
MARTIN COUNTY,317,28 Years,93,54,39,24,13,11,3,0,3,0,0,0,1,0,1,65,41,24
MARTIN COUNTY,317,29 Years,84,47,37,22,12,10,2,0,2,0,0,0,0,0,0,60,35,25
MARTIN COUNTY,317,30 Years,69,35,34,22,11,11,1,0,1,0,0,0,0,0,0,46,24,22
MARTIN COUNTY,317,31 Years,88,41,47,23,11,12,2,2,0,0,0,0,0,0,0,63,28,35
MARTIN COUNTY,317,32 Years,83,38,45,27,13,14,3,1,2,0,0,0,0,0,0,53,24,29
MARTIN COUNTY,317,33 Years,88,41,47,32,16,16,2,1,1,0,0,0,0,0,0,54,24,30
MARTIN COUNTY,317,34 Years,85,45,40,34,21,13,1,1,0,1,0,1,0,0,0,49,23,26
MARTIN COUNTY,317,35 Years,72,39,33,34,21,13,1,1,0,0,0,0,1,1,0,36,16,20
MARTIN COUNTY,317,36 Years,55,31,24,31,17,14,0,0,0,0,0,0,0,0,0,24,14,10
MARTIN COUNTY,317,37 Years,39,16,23,21,6,15,0,0,0,0,0,0,1,0,1,17,10,7
MARTIN COUNTY,317,38 Years,51,26,25,27,13,14,1,1,0,0,0,0,0,0,0,23,12,11
MARTIN COUNTY,317,39 Years,59,36,23,26,13,13,1,1,0,0,0,0,0,0,0,32,22,10
MARTIN COUNTY,317,40 Years,53,24,29,24,12,12,0,0,0,0,0,0,0,0,0,29,12,17
MARTIN COUNTY,317,41 Years,50,26,24,22,12,10,1,1,0,0,0,0,0,0,0,27,13,14
MARTIN COUNTY,317,42 Years,50,27,23,23,12,11,0,0,0,0,0,0,0,0,0,27,15,12
MARTIN COUNTY,317,43 Years,50,24,26,28,13,15,0,0,0,0,0,0,0,0,0,22,11,11
MARTIN COUNTY,317,44 Years,58,26,32,28,12,16,1,0,1,0,0,0,0,0,0,29,14,15
MARTIN COUNTY,317,45 Years,61,32,29,32,14,18,0,0,0,0,0,0,0,0,0,29,18,11
MARTIN COUNTY,317,46 Years,67,32,35,32,15,17,1,1,0,0,0,0,1,0,1,33,16,17
MARTIN COUNTY,317,47 Years,65,31,34,35,13,22,2,1,1,0,0,0,0,0,0,28,17,11
MARTIN COUNTY,317,48 Years,58,30,28,38,19,19,0,0,0,0,0,0,1,0,1,19,11,8
MARTIN COUNTY,317,49 Years,63,33,30,30,16,14,0,0,0,0,0,0,0,0,0,33,17,16
MARTIN COUNTY,317,50 Years,71,33,38,30,12,18,0,0,0,0,0,0,0,0,0,41,21,20
MARTIN COUNTY,317,51 Years,60,30,30,23,10,13,0,0,0,0,0,0,0,0,0,37,20,17
MARTIN COUNTY,317,52 Years,69,40,29,30,18,12,0,0,0,0,0,0,1,0,1,38,22,16
MARTIN COUNTY,317,53 Years,65,37,28,34,17,17,0,0,0,0,0,0,0,0,0,31,20,11
MARTIN COUNTY,317,54 Years,80,47,33,44,25,19,0,0,0,0,0,0,1,1,0,35,21,14
MARTIN COUNTY,317,55 Years,72,39,33,35,19,16,1,0,1,0,0,0,1,1,0,35,19,16
MARTIN COUNTY,317,56 Years,71,37,34,42,23,19,2,2,0,0,0,0,2,1,1,25,11,14
MARTIN COUNTY,317,57 Years,64,31,33,44,23,21,1,1,0,0,0,0,2,1,1,17,6,11
MARTIN COUNTY,317,58 Years,72,33,39,44,17,27,0,0,0,0,0,0,0,0,0,28,16,12
MARTIN COUNTY,317,59 Years,55,25,30,37,16,21,0,0,0,0,0,0,0,0,0,18,9,9
MARTIN COUNTY,317,60 Years,67,30,37,46,19,27,0,0,0,0,0,0,0,0,0,21,11,10
MARTIN COUNTY,317,61 Years,68,30,38,45,21,24,1,0,1,0,0,0,0,0,0,22,9,13
MARTIN COUNTY,317,62 Years,62,32,30,39,21,18,1,1,0,0,0,0,1,1,0,21,9,12
MARTIN COUNTY,317,63 Years,60,36,24,37,23,14,1,1,0,1,1,0,1,0,1,20,11,9
MARTIN COUNTY,317,64 Years,61,33,28,43,23,20,0,0,0,1,1,0,0,0,0,17,9,8
MARTIN COUNTY,317,65 Years,55,28,27,40,18,22,0,0,0,1,1,0,1,1,0,13,8,5
MARTIN COUNTY,317,66 Years,50,21,29,33,13,20,0,0,0,1,0,1,2,1,1,14,7,7
MARTIN COUNTY,317,67 Years,46,23,23,28,13,15,0,0,0,0,0,0,2,0,2,16,10,6
MARTIN COUNTY,317,68 Years,52,29,23,36,21,15,0,0,0,0,0,0,1,0,1,15,8,7
MARTIN COUNTY,317,69 Years,50,27,23,33,18,15,0,0,0,1,1,0,1,1,0,15,7,8
MARTIN COUNTY,317,70 Years,47,21,26,30,16,14,0,0,0,1,0,1,1,0,1,15,5,10
MARTIN COUNTY,317,71 Years,47,22,25,30,16,14,1,1,0,1,0,1,1,1,0,14,4,10
MARTIN COUNTY,317,72 Years,42,15,27,22,8,14,1,1,0,0,0,0,0,0,0,19,6,13
MARTIN COUNTY,317,73 Years,51,23,28,31,12,19,0,0,0,0,0,0,0,0,0,20,11,9
MARTIN COUNTY,317,74 Years,48,25,23,30,16,14,2,1,1,0,0,0,1,1,0,15,7,8
MARTIN COUNTY,317,75 Years,39,16,23,22,7,15,1,0,1,0,0,0,0,0,0,16,9,7
MARTIN COUNTY,317,76 Years,31,11,20,22,7,15,0,0,0,0,0,0,0,0,0,9,4,5
MARTIN COUNTY,317,77 Years,28,10,18,18,7,11,1,0,1,0,0,0,0,0,0,9,3,6
MARTIN COUNTY,317,78 Years,27,11,16,18,7,11,0,0,0,1,0,1,0,0,0,8,4,4
MARTIN COUNTY,317,79 Years,29,13,16,20,9,11,0,0,0,0,0,0,0,0,0,9,4,5
MARTIN COUNTY,317,80 Years,25,14,11,18,9,9,0,0,0,0,0,0,0,0,0,7,5,2
MARTIN COUNTY,317,81 Years,27,12,15,18,7,11,0,0,0,0,0,0,0,0,0,9,5,4
MARTIN COUNTY,317,82 Years,21,9,12,13,6,7,0,0,0,0,0,0,0,0,0,8,3,5
MARTIN COUNTY,317,83 Years,19,9,10,13,6,7,0,0,0,0,0,0,0,0,0,6,3,3
MARTIN COUNTY,317,84 Years,15,7,8,13,6,7,0,0,0,0,0,0,0,0,0,2,1,1
MARTIN COUNTY,317,85 Years,13,7,6,10,5,5,0,0,0,0,0,0,0,0,0,3,2,1
MARTIN COUNTY,317,86 Years,12,6,6,10,4,6,0,0,0,0,0,0,0,0,0,2,2,0
MARTIN COUNTY,317,87 Years,11,6,5,9,4,5,0,0,0,0,0,0,0,0,0,2,2,0
MARTIN COUNTY,317,88 Years,13,6,7,9,4,5,1,1,0,0,0,0,0,0,0,3,1,2
MARTIN COUNTY,317,89 Years,9,4,5,6,3,3,0,0,0,0,0,0,0,0,0,3,1,2
MARTIN COUNTY,317,90 Years,10,4,6,7,3,4,1,0,1,0,0,0,0,0,0,2,1,1
MARTIN COUNTY,317,91 Years,7,4,3,5,2,3,0,0,0,0,0,0,0,0,0,2,2,0
MARTIN COUNTY,317,92 Years,5,2,3,4,2,2,1,0,1,0,0,0,0,0,0,0,0,0
MARTIN COUNTY,317,93 Years,8,2,6,5,2,3,1,0,1,0,0,0,0,0,0,2,0,2
MARTIN COUNTY,317,94 Years,7,3,4,4,2,2,0,0,0,0,0,0,1,0,1,2,1,1
MARTIN COUNTY,317,95 Years +,15,5,10,9,3,6,0,0,0,0,0,0,1,0,1,5,2,3
MASON COUNTY,319,All Ages,4263,2134,2129,3099,1521,1578,13,7,6,10,2,8,41,23,18,1100,581,519
MASON COUNTY,319,< 1 Year,41,23,18,23,12,11,0,0,0,0,0,0,0,0,0,18,11,7
MASON COUNTY,319,1 Years,40,21,19,22,12,10,0,0,0,0,0,0,0,0,0,18,9,9
MASON COUNTY,319,2 Years,49,26,23,26,14,12,0,0,0,0,0,0,0,0,0,23,12,11
MASON COUNTY,319,3 Years,47,25,22,24,13,11,0,0,0,0,0,0,0,0,0,23,12,11
MASON COUNTY,319,4 Years,45,22,23,23,11,12,0,0,0,0,0,0,0,0,0,22,11,11
MASON COUNTY,319,5 Years,42,21,21,21,11,10,0,0,0,0,0,0,0,0,0,21,10,11
MASON COUNTY,319,6 Years,48,24,24,29,14,15,0,0,0,0,0,0,0,0,0,19,10,9
MASON COUNTY,319,7 Years,47,23,24,28,12,16,0,0,0,0,0,0,0,0,0,19,11,8
MASON COUNTY,319,8 Years,38,21,17,24,12,12,1,1,0,0,0,0,0,0,0,13,8,5
MASON COUNTY,319,9 Years,38,20,18,28,14,14,0,0,0,0,0,0,0,0,0,10,6,4
MASON COUNTY,319,10 Years,50,25,25,31,16,15,0,0,0,0,0,0,1,0,1,18,9,9
MASON COUNTY,319,11 Years,48,29,19,33,18,15,0,0,0,0,0,0,1,1,0,14,10,4
MASON COUNTY,319,12 Years,45,26,19,28,16,12,0,0,0,0,0,0,1,1,0,16,9,7
MASON COUNTY,319,13 Years,46,22,24,27,13,14,1,1,0,1,0,1,0,0,0,17,8,9
MASON COUNTY,319,14 Years,46,25,21,36,18,18,1,1,0,0,0,0,0,0,0,9,6,3
MASON COUNTY,319,15 Years,49,28,21,30,17,13,0,0,0,0,0,0,1,1,0,18,10,8
MASON COUNTY,319,16 Years,55,30,25,41,22,19,0,0,0,0,0,0,0,0,0,14,8,6
MASON COUNTY,319,17 Years,39,19,20,27,14,13,0,0,0,0,0,0,1,1,0,11,4,7
MASON COUNTY,319,18 Years,47,25,22,27,15,12,0,0,0,0,0,0,2,2,0,18,8,10
MASON COUNTY,319,19 Years,54,24,30,33,16,17,0,0,0,0,0,0,0,0,0,21,8,13
MASON COUNTY,319,20 Years,40,21,19,25,11,14,0,0,0,0,0,0,2,1,1,13,9,4
MASON COUNTY,319,21 Years,40,19,21,19,7,12,1,0,1,1,1,0,0,0,0,19,11,8
MASON COUNTY,319,22 Years,45,22,23,21,9,12,0,0,0,0,0,0,1,0,1,23,13,10
MASON COUNTY,319,23 Years,43,26,17,21,13,8,0,0,0,0,0,0,2,0,2,20,13,7
MASON COUNTY,319,24 Years,45,21,24,26,13,13,0,0,0,0,0,0,1,0,1,18,8,10
MASON COUNTY,319,25 Years,42,26,16,23,13,10,0,0,0,0,0,0,2,2,0,17,11,6
MASON COUNTY,319,26 Years,51,26,25,32,12,20,1,1,0,0,0,0,1,1,0,17,12,5
MASON COUNTY,319,27 Years,42,25,17,25,13,12,1,1,0,0,0,0,0,0,0,16,11,5
MASON COUNTY,319,28 Years,27,17,10,18,11,7,0,0,0,0,0,0,1,1,0,8,5,3
MASON COUNTY,319,29 Years,35,21,14,22,15,7,1,0,1,0,0,0,1,1,0,11,5,6
MASON COUNTY,319,30 Years,39,24,15,27,19,8,0,0,0,0,0,0,0,0,0,12,5,7
MASON COUNTY,319,31 Years,46,25,21,29,12,17,0,0,0,0,0,0,0,0,0,17,13,4
MASON COUNTY,319,32 Years,26,16,10,17,9,8,0,0,0,0,0,0,0,0,0,9,7,2
MASON COUNTY,319,33 Years,31,13,18,17,6,11,0,0,0,0,0,0,0,0,0,14,7,7
MASON COUNTY,319,34 Years,30,18,12,21,13,8,0,0,0,0,0,0,0,0,0,9,5,4
MASON COUNTY,319,35 Years,22,9,13,13,5,8,1,0,1,0,0,0,0,0,0,8,4,4
MASON COUNTY,319,36 Years,32,12,20,23,9,14,1,0,1,0,0,0,0,0,0,8,3,5
MASON COUNTY,319,37 Years,40,18,22,30,13,17,0,0,0,1,0,1,0,0,0,9,5,4
MASON COUNTY,319,38 Years,31,14,17,22,9,13,0,0,0,0,0,0,1,0,1,8,5,3
MASON COUNTY,319,39 Years,31,15,16,23,11,12,0,0,0,0,0,0,0,0,0,8,4,4
MASON COUNTY,319,40 Years,34,11,23,28,8,20,0,0,0,0,0,0,0,0,0,6,3,3
MASON COUNTY,319,41 Years,45,18,27,34,14,20,0,0,0,0,0,0,1,1,0,10,3,7
MASON COUNTY,319,42 Years,53,26,27,37,21,16,0,0,0,1,0,1,0,0,0,15,5,10
MASON COUNTY,319,43 Years,36,22,14,24,18,6,0,0,0,1,0,1,0,0,0,11,4,7
MASON COUNTY,319,44 Years,33,18,15,24,13,11,0,0,0,0,0,0,0,0,0,9,5,4
MASON COUNTY,319,45 Years,41,22,19,30,15,15,1,1,0,1,1,0,0,0,0,9,5,4
MASON COUNTY,319,46 Years,45,21,24,39,19,20,0,0,0,0,0,0,0,0,0,6,2,4
MASON COUNTY,319,47 Years,44,19,25,29,13,16,0,0,0,0,0,0,1,0,1,14,6,8
MASON COUNTY,319,48 Years,51,27,24,36,20,16,0,0,0,0,0,0,2,2,0,13,5,8
MASON COUNTY,319,49 Years,46,25,21,32,17,15,0,0,0,0,0,0,1,1,0,13,7,6
MASON COUNTY,319,50 Years,42,20,22,30,14,16,0,0,0,0,0,0,0,0,0,12,6,6
MASON COUNTY,319,51 Years,47,22,25,29,16,13,1,0,1,0,0,0,0,0,0,17,6,11
MASON COUNTY,319,52 Years,53,29,24,33,18,15,0,0,0,0,0,0,1,0,1,19,11,8
MASON COUNTY,319,53 Years,45,19,26,28,11,17,0,0,0,0,0,0,0,0,0,17,8,9
MASON COUNTY,319,54 Years,43,19,24,29,13,16,0,0,0,0,0,0,0,0,0,14,6,8
MASON COUNTY,319,55 Years,62,28,34,40,17,23,0,0,0,1,0,1,0,0,0,21,11,10
MASON COUNTY,319,56 Years,67,32,35,48,24,24,1,1,0,1,0,1,1,0,1,16,7,9
MASON COUNTY,319,57 Years,72,40,32,49,26,23,0,0,0,0,0,0,2,1,1,21,13,8
MASON COUNTY,319,58 Years,66,42,24,51,35,16,0,0,0,0,0,0,0,0,0,15,7,8
MASON COUNTY,319,59 Years,56,34,22,47,28,19,0,0,0,0,0,0,0,0,0,9,6,3
MASON COUNTY,319,60 Years,70,34,36,55,28,27,0,0,0,0,0,0,0,0,0,15,6,9
MASON COUNTY,319,61 Years,73,37,36,63,33,30,0,0,0,0,0,0,0,0,0,10,4,6
MASON COUNTY,319,62 Years,65,32,33,45,20,25,0,0,0,0,0,0,0,0,0,20,12,8
MASON COUNTY,319,63 Years,58,28,30,46,20,26,0,0,0,0,0,0,1,1,0,11,7,4
MASON COUNTY,319,64 Years,70,36,34,59,29,30,0,0,0,0,0,0,0,0,0,11,7,4
MASON COUNTY,319,65 Years,70,33,37,59,28,31,0,0,0,0,0,0,0,0,0,11,5,6
MASON COUNTY,319,66 Years,68,34,34,61,29,32,0,0,0,0,0,0,0,0,0,7,5,2
MASON COUNTY,319,67 Years,65,31,34,57,25,32,0,0,0,0,0,0,0,0,0,8,6,2
MASON COUNTY,319,68 Years,67,33,34,62,30,32,0,0,0,0,0,0,0,0,0,5,3,2
MASON COUNTY,319,69 Years,74,30,44,66,24,42,0,0,0,0,0,0,1,1,0,7,5,2
MASON COUNTY,319,70 Years,62,31,31,53,25,28,0,0,0,0,0,0,1,1,0,8,5,3
MASON COUNTY,319,71 Years,82,42,40,71,38,33,0,0,0,0,0,0,1,0,1,10,4,6
MASON COUNTY,319,72 Years,64,30,34,52,28,24,0,0,0,0,0,0,1,0,1,11,2,9
MASON COUNTY,319,73 Years,61,32,29,54,29,25,0,0,0,0,0,0,0,0,0,7,3,4
MASON COUNTY,319,74 Years,64,28,36,55,25,30,0,0,0,0,0,0,1,0,1,8,3,5
MASON COUNTY,319,75 Years,58,23,35,52,21,31,0,0,0,1,0,1,0,0,0,5,2,3
MASON COUNTY,319,76 Years,67,31,36,58,26,32,0,0,0,1,0,1,0,0,0,8,5,3
MASON COUNTY,319,77 Years,59,31,28,52,27,25,0,0,0,0,0,0,1,1,0,6,3,3
MASON COUNTY,319,78 Years,63,29,34,55,23,32,0,0,0,0,0,0,0,0,0,8,6,2
MASON COUNTY,319,79 Years,48,25,23,44,22,22,0,0,0,0,0,0,0,0,0,4,3,1
MASON COUNTY,319,80 Years,39,18,21,35,16,19,0,0,0,0,0,0,1,0,1,3,2,1
MASON COUNTY,319,81 Years,43,21,22,38,19,19,0,0,0,0,0,0,0,0,0,5,2,3
MASON COUNTY,319,82 Years,36,21,15,27,16,11,0,0,0,0,0,0,0,0,0,9,5,4
MASON COUNTY,319,83 Years,35,16,19,30,11,19,0,0,0,0,0,0,1,1,0,4,4,0
MASON COUNTY,319,84 Years,29,16,13,25,13,12,0,0,0,0,0,0,1,1,0,3,2,1
MASON COUNTY,319,85 Years,19,9,10,15,6,9,0,0,0,0,0,0,0,0,0,4,3,1
MASON COUNTY,319,86 Years,20,6,14,17,5,12,0,0,0,0,0,0,0,0,0,3,1,2
MASON COUNTY,319,87 Years,14,5,9,12,5,7,0,0,0,0,0,0,0,0,0,2,0,2
MASON COUNTY,319,88 Years,15,6,9,13,6,7,0,0,0,0,0,0,0,0,0,2,0,2
MASON COUNTY,319,89 Years,12,3,9,9,3,6,0,0,0,0,0,0,2,0,2,1,0,1
MASON COUNTY,319,90 Years,16,6,10,13,5,8,0,0,0,0,0,0,1,0,1,2,1,1
MASON COUNTY,319,91 Years,12,5,7,9,3,6,0,0,0,0,0,0,0,0,0,3,2,1
MASON COUNTY,319,92 Years,8,3,5,5,2,3,0,0,0,0,0,0,0,0,0,3,1,2
MASON COUNTY,319,93 Years,7,3,4,5,3,2,0,0,0,0,0,0,0,0,0,2,0,2
MASON COUNTY,319,94 Years,5,2,3,4,2,2,0,0,0,0,0,0,0,0,0,1,0,1
MASON COUNTY,319,95 Years +,12,3,9,11,3,8,1,0,1,0,0,0,0,0,0,0,0,0
MATAGORDA COUNTY,321,All Ages,36550,18211,18339,15921,7912,8009,3934,1817,2117,706,358,348,486,247,239,15503,7877,7626
MATAGORDA COUNTY,321,< 1 Year,511,265,246,137,70,67,49,25,24,3,1,2,2,1,1,320,168,152
MATAGORDA COUNTY,321,1 Years,510,264,246,143,73,70,48,23,25,3,1,2,2,1,1,314,166,148
MATAGORDA COUNTY,321,2 Years,516,264,252,146,72,74,52,24,28,3,1,2,2,1,1,313,166,147
MATAGORDA COUNTY,321,3 Years,522,269,253,149,77,72,55,25,30,4,2,2,2,1,1,312,164,148
MATAGORDA COUNTY,321,4 Years,516,269,247,151,78,73,53,26,27,4,3,1,2,1,1,306,161,145
MATAGORDA COUNTY,321,5 Years,509,263,246,154,81,73,55,25,30,4,3,1,2,1,1,294,153,141
MATAGORDA COUNTY,321,6 Years,494,248,246,153,77,76,49,23,26,4,3,1,2,1,1,286,144,142
MATAGORDA COUNTY,321,7 Years,499,243,256,151,73,78,59,27,32,4,3,1,1,1,0,284,139,145
MATAGORDA COUNTY,321,8 Years,478,222,256,140,75,65,58,22,36,5,2,3,1,0,1,274,123,151
MATAGORDA COUNTY,321,9 Years,493,264,229,142,73,69,49,25,24,6,3,3,16,8,8,280,155,125
MATAGORDA COUNTY,321,10 Years,505,248,257,161,76,85,48,24,24,4,2,2,10,4,6,282,142,140
MATAGORDA COUNTY,321,11 Years,524,266,258,147,72,75,66,35,31,6,4,2,9,4,5,296,151,145
MATAGORDA COUNTY,321,12 Years,497,254,243,138,76,62,50,23,27,9,3,6,9,4,5,291,148,143
MATAGORDA COUNTY,321,13 Years,483,249,234,140,70,70,47,23,24,9,5,4,9,5,4,278,146,132
MATAGORDA COUNTY,321,14 Years,454,233,221,137,66,71,43,23,20,7,4,3,11,7,4,256,133,123
MATAGORDA COUNTY,321,15 Years,499,268,231,167,95,72,50,24,26,11,7,4,12,5,7,259,137,122
MATAGORDA COUNTY,321,16 Years,466,256,210,156,84,72,56,34,22,11,4,7,9,3,6,234,131,103
MATAGORDA COUNTY,321,17 Years,485,263,222,157,81,76,52,33,19,14,7,7,10,6,4,252,136,116
MATAGORDA COUNTY,321,18 Years,478,261,217,141,73,68,52,34,18,14,7,7,12,7,5,259,140,119
MATAGORDA COUNTY,321,19 Years,428,228,200,122,66,56,58,30,28,16,9,7,11,5,6,221,118,103
MATAGORDA COUNTY,321,20 Years,432,234,198,125,63,62,56,33,23,12,7,5,8,4,4,231,127,104
MATAGORDA COUNTY,321,21 Years,423,218,205,127,67,60,61,28,33,9,4,5,10,5,5,216,114,102
MATAGORDA COUNTY,321,22 Years,453,227,226,133,64,69,62,28,34,15,8,7,9,5,4,234,122,112
MATAGORDA COUNTY,321,23 Years,465,250,215,162,84,78,62,28,34,15,9,6,5,3,2,221,126,95
MATAGORDA COUNTY,321,24 Years,487,247,240,167,82,85,67,34,33,14,6,8,7,3,4,232,122,110
MATAGORDA COUNTY,321,25 Years,563,291,272,204,104,100,75,40,35,17,11,6,9,5,4,258,131,127
MATAGORDA COUNTY,321,26 Years,535,271,264,200,94,106,62,37,25,13,6,7,7,5,2,253,129,124
MATAGORDA COUNTY,321,27 Years,505,274,231,186,105,81,61,34,27,10,6,4,8,5,3,240,124,116
MATAGORDA COUNTY,321,28 Years,505,255,250,198,99,99,67,36,31,8,7,1,6,3,3,226,110,116
MATAGORDA COUNTY,321,29 Years,484,226,258,186,97,89,66,27,39,3,2,1,4,2,2,225,98,127
MATAGORDA COUNTY,321,30 Years,485,229,256,192,101,91,54,20,34,7,4,3,7,2,5,225,102,123
MATAGORDA COUNTY,321,31 Years,443,220,223,180,88,92,36,18,18,9,4,5,5,2,3,213,108,105
MATAGORDA COUNTY,321,32 Years,436,221,215,172,90,82,52,26,26,5,2,3,4,2,2,203,101,102
MATAGORDA COUNTY,321,33 Years,450,223,227,203,92,111,42,24,18,4,3,1,7,3,4,194,101,93
MATAGORDA COUNTY,321,34 Years,435,208,227,177,86,91,53,27,26,10,5,5,6,2,4,189,88,101
MATAGORDA COUNTY,321,35 Years,413,205,208,156,76,80,45,20,25,6,3,3,3,1,2,203,105,98
MATAGORDA COUNTY,321,36 Years,423,215,208,172,96,76,35,12,23,5,1,4,4,2,2,207,104,103
MATAGORDA COUNTY,321,37 Years,425,222,203,176,95,81,39,16,23,6,3,3,2,0,2,202,108,94
MATAGORDA COUNTY,321,38 Years,465,246,219,181,101,80,40,14,26,6,2,4,5,3,2,233,126,107
MATAGORDA COUNTY,321,39 Years,416,205,211,146,74,72,35,17,18,8,4,4,5,4,1,222,106,116
MATAGORDA COUNTY,321,40 Years,403,199,204,153,73,80,29,15,14,7,2,5,3,3,0,211,106,105
MATAGORDA COUNTY,321,41 Years,406,201,205,157,80,77,32,14,18,6,1,5,4,2,2,207,104,103
MATAGORDA COUNTY,321,42 Years,394,193,201,150,70,80,40,21,19,6,3,3,4,3,1,194,96,98
MATAGORDA COUNTY,321,43 Years,383,182,201,144,62,82,39,19,20,9,5,4,3,1,2,188,95,93
MATAGORDA COUNTY,321,44 Years,355,159,196,137,58,79,36,13,23,10,6,4,2,0,2,170,82,88
MATAGORDA COUNTY,321,45 Years,371,163,208,142,60,82,31,12,19,9,4,5,3,1,2,186,86,100
MATAGORDA COUNTY,321,46 Years,394,193,201,163,82,81,36,16,20,11,4,7,7,4,3,177,87,90
MATAGORDA COUNTY,321,47 Years,400,195,205,173,87,86,30,17,13,16,6,10,6,4,2,175,81,94
MATAGORDA COUNTY,321,48 Years,397,185,212,184,79,105,30,16,14,11,5,6,2,1,1,170,84,86
MATAGORDA COUNTY,321,49 Years,413,190,223,196,90,106,41,16,25,15,6,9,3,1,2,158,77,81
MATAGORDA COUNTY,321,50 Years,386,185,201,179,84,95,44,18,26,9,4,5,2,1,1,152,78,74
MATAGORDA COUNTY,321,51 Years,413,203,210,171,86,85,52,19,33,14,6,8,2,1,1,174,91,83
MATAGORDA COUNTY,321,52 Years,420,205,215,175,82,93,60,27,33,13,8,5,3,2,1,169,86,83
MATAGORDA COUNTY,321,53 Years,457,233,224,220,108,112,47,21,26,7,5,2,11,4,7,172,95,77
MATAGORDA COUNTY,321,54 Years,506,271,235,246,124,122,52,27,25,12,6,6,11,5,6,185,109,76
MATAGORDA COUNTY,321,55 Years,507,248,259,256,125,131,61,28,33,10,4,6,10,6,4,170,85,85
MATAGORDA COUNTY,321,56 Years,543,251,292,297,146,151,58,21,37,13,7,6,7,4,3,168,73,95
MATAGORDA COUNTY,321,57 Years,500,245,255,272,134,138,57,22,35,11,6,5,6,2,4,154,81,73
MATAGORDA COUNTY,321,58 Years,525,267,258,294,153,141,59,23,36,14,9,5,7,4,3,151,78,73
MATAGORDA COUNTY,321,59 Years,510,258,252,286,147,139,54,22,32,16,8,8,6,4,2,148,77,71
MATAGORDA COUNTY,321,60 Years,507,257,250,298,149,149,52,22,30,17,8,9,9,3,6,131,75,56
MATAGORDA COUNTY,321,61 Years,532,276,256,302,162,140,71,30,41,10,6,4,7,3,4,142,75,67
MATAGORDA COUNTY,321,62 Years,492,251,241,301,153,148,54,22,32,7,4,3,7,4,3,123,68,55
MATAGORDA COUNTY,321,63 Years,483,251,232,280,144,136,51,28,23,11,6,5,6,2,4,135,71,64
MATAGORDA COUNTY,321,64 Years,485,251,234,296,161,135,44,19,25,7,2,5,10,7,3,128,62,66
MATAGORDA COUNTY,321,65 Years,464,225,239,292,143,149,40,15,25,6,2,4,7,4,3,119,61,58
MATAGORDA COUNTY,321,66 Years,433,206,227,262,122,140,46,23,23,8,4,4,6,3,3,111,54,57
MATAGORDA COUNTY,321,67 Years,395,206,189,237,126,111,37,17,20,9,3,6,8,5,3,104,55,49
MATAGORDA COUNTY,321,68 Years,417,235,182,266,149,117,42,22,20,9,5,4,7,4,3,93,55,38
MATAGORDA COUNTY,321,69 Years,375,201,174,236,121,115,38,20,18,8,3,5,7,5,2,86,52,34
MATAGORDA COUNTY,321,70 Years,363,172,191,241,114,127,35,14,21,8,5,3,6,3,3,73,36,37
MATAGORDA COUNTY,321,71 Years,331,153,178,220,108,112,34,11,23,6,4,2,5,3,2,66,27,39
MATAGORDA COUNTY,321,72 Years,293,136,157,187,90,97,35,16,19,3,2,1,3,2,1,65,26,39
MATAGORDA COUNTY,321,73 Years,266,132,134,180,91,89,24,13,11,2,1,1,3,2,1,57,25,32
MATAGORDA COUNTY,321,74 Years,265,123,142,181,83,98,26,10,16,4,4,0,3,3,0,51,23,28
MATAGORDA COUNTY,321,75 Years,255,113,142,171,76,95,27,11,16,3,3,0,4,2,2,50,21,29
MATAGORDA COUNTY,321,76 Years,245,108,137,162,74,88,23,8,15,2,0,2,4,1,3,54,25,29
MATAGORDA COUNTY,321,77 Years,217,101,116,148,73,75,19,7,12,3,2,1,4,3,1,43,16,27
MATAGORDA COUNTY,321,78 Years,206,96,110,139,75,64,18,6,12,3,1,2,2,1,1,44,13,31
MATAGORDA COUNTY,321,79 Years,205,91,114,148,73,75,18,6,12,1,0,1,1,0,1,37,12,25
MATAGORDA COUNTY,321,80 Years,201,96,105,135,72,63,16,6,10,5,1,4,0,0,0,45,17,28
MATAGORDA COUNTY,321,81 Years,189,80,109,128,55,73,20,7,13,5,2,3,0,0,0,36,16,20
MATAGORDA COUNTY,321,82 Years,155,67,88,97,44,53,20,5,15,3,2,1,3,1,2,32,15,17
MATAGORDA COUNTY,321,83 Years,142,57,85,91,39,52,16,5,11,3,1,2,4,1,3,28,11,17
MATAGORDA COUNTY,321,84 Years,127,49,78,84,34,50,14,5,9,4,1,3,3,1,2,22,8,14
MATAGORDA COUNTY,321,85 Years,105,43,62,68,31,37,14,4,10,2,1,1,2,1,1,19,6,13
MATAGORDA COUNTY,321,86 Years,94,41,53,66,30,36,10,4,6,2,1,1,1,1,0,15,5,10
MATAGORDA COUNTY,321,87 Years,88,33,55,59,24,35,12,3,9,4,2,2,1,1,0,12,3,9
MATAGORDA COUNTY,321,88 Years,85,38,47,58,26,32,10,4,6,2,2,0,1,0,1,14,6,8
MATAGORDA COUNTY,321,89 Years,68,28,40,45,20,25,10,3,7,1,1,0,2,1,1,10,3,7
MATAGORDA COUNTY,321,90 Years,56,18,38,40,13,27,8,3,5,1,1,0,1,0,1,6,1,5
MATAGORDA COUNTY,321,91 Years,47,15,32,30,11,19,10,2,8,2,1,1,0,0,0,5,1,4
MATAGORDA COUNTY,321,92 Years,40,14,26,27,9,18,8,3,5,0,0,0,0,0,0,5,2,3
MATAGORDA COUNTY,321,93 Years,34,12,22,23,8,15,5,2,3,0,0,0,1,0,1,5,2,3
MATAGORDA COUNTY,321,94 Years,26,9,17,16,5,11,5,2,3,0,0,0,0,0,0,5,2,3
MATAGORDA COUNTY,321,95 Years +,71,17,54,37,8,29,15,5,10,3,1,2,1,0,1,15,3,12
MAVERICK COUNTY,323,All Ages,57425,28798,28627,1837,1018,819,79,47,32,147,71,76,695,343,352,54667,27319,27348
MAVERICK COUNTY,323,< 1 Year,985,512,473,42,28,14,1,0,1,1,0,1,18,7,11,923,477,446
MAVERICK COUNTY,323,1 Years,979,518,461,36,22,14,0,0,0,2,1,1,21,10,11,920,485,435
MAVERICK COUNTY,323,2 Years,1020,535,485,49,29,20,1,0,1,2,1,1,20,12,8,948,493,455
MAVERICK COUNTY,323,3 Years,1046,542,504,51,27,24,0,0,0,1,0,1,18,10,8,976,505,471
MAVERICK COUNTY,323,4 Years,1052,530,522,51,27,24,1,1,0,1,0,1,20,10,10,979,492,487
MAVERICK COUNTY,323,5 Years,1033,519,514,43,25,18,0,0,0,0,0,0,14,7,7,976,487,489
MAVERICK COUNTY,323,6 Years,994,509,485,34,23,11,0,0,0,0,0,0,15,5,10,945,481,464
MAVERICK COUNTY,323,7 Years,965,493,472,28,20,8,0,0,0,0,0,0,12,4,8,925,469,456
MAVERICK COUNTY,323,8 Years,858,439,419,22,11,11,0,0,0,1,0,1,12,2,10,823,426,397
MAVERICK COUNTY,323,9 Years,878,455,423,23,12,11,1,1,0,1,0,1,10,6,4,843,436,407
MAVERICK COUNTY,323,10 Years,899,463,436,19,11,8,2,2,0,1,0,1,16,9,7,861,441,420
MAVERICK COUNTY,323,11 Years,926,462,464,24,14,10,1,1,0,2,2,0,17,11,6,882,434,448
MAVERICK COUNTY,323,12 Years,969,484,485,30,16,14,1,1,0,4,3,1,16,10,6,918,454,464
MAVERICK COUNTY,323,13 Years,981,490,491,27,16,11,2,0,2,2,1,1,21,13,8,929,460,469
MAVERICK COUNTY,323,14 Years,955,471,484,31,12,19,2,0,2,1,0,1,19,11,8,902,448,454
MAVERICK COUNTY,323,15 Years,932,471,461,27,15,12,0,0,0,2,0,2,14,11,3,889,445,444
MAVERICK COUNTY,323,16 Years,996,514,482,24,12,12,2,0,2,4,2,2,16,9,7,950,491,459
MAVERICK COUNTY,323,17 Years,936,497,439,22,9,13,1,0,1,2,1,1,15,7,8,896,480,416
MAVERICK COUNTY,323,18 Years,922,510,412,14,4,10,1,0,1,1,0,1,11,8,3,895,498,397
MAVERICK COUNTY,323,19 Years,882,478,404,18,8,10,1,1,0,1,0,1,7,3,4,855,466,389
MAVERICK COUNTY,323,20 Years,869,489,380,13,6,7,1,1,0,1,1,0,13,4,9,841,477,364
MAVERICK COUNTY,323,21 Years,871,487,384,11,7,4,1,0,1,1,0,1,16,9,7,842,471,371
MAVERICK COUNTY,323,22 Years,928,522,406,14,9,5,1,0,1,1,1,0,8,7,1,904,505,399
MAVERICK COUNTY,323,23 Years,926,513,413,19,12,7,1,0,1,1,0,1,9,5,4,896,496,400
MAVERICK COUNTY,323,24 Years,964,539,425,21,15,6,0,0,0,2,1,1,13,7,6,928,516,412
MAVERICK COUNTY,323,25 Years,1009,558,451,21,12,9,1,0,1,0,0,0,10,7,3,977,539,438
MAVERICK COUNTY,323,26 Years,942,525,417,16,9,7,1,1,0,0,0,0,11,7,4,914,508,406
MAVERICK COUNTY,323,27 Years,916,507,409,19,12,7,1,0,1,2,1,1,9,5,4,885,489,396
MAVERICK COUNTY,323,28 Years,813,430,383,15,8,7,2,1,1,2,2,0,6,3,3,788,416,372
MAVERICK COUNTY,323,29 Years,780,401,379,10,5,5,0,0,0,2,1,1,10,7,3,758,388,370
MAVERICK COUNTY,323,30 Years,753,394,359,15,7,8,0,0,0,2,1,1,13,5,8,723,381,342
MAVERICK COUNTY,323,31 Years,763,438,325,26,17,9,1,1,0,3,2,1,10,4,6,723,414,309
MAVERICK COUNTY,323,32 Years,739,422,317,32,21,11,2,1,1,4,1,3,10,7,3,691,392,299
MAVERICK COUNTY,323,33 Years,715,395,320,36,22,14,2,2,0,2,1,1,12,8,4,663,362,301
MAVERICK COUNTY,323,34 Years,704,378,326,33,17,16,1,0,1,2,2,0,11,5,6,657,354,303
MAVERICK COUNTY,323,35 Years,675,341,334,27,15,12,3,3,0,1,1,0,12,3,9,632,319,313
MAVERICK COUNTY,323,36 Years,636,315,321,28,16,12,3,3,0,5,3,2,8,3,5,592,290,302
MAVERICK COUNTY,323,37 Years,651,318,333,26,16,10,1,1,0,3,2,1,6,3,3,615,296,319
MAVERICK COUNTY,323,38 Years,654,322,332,22,12,10,0,0,0,1,0,1,10,4,6,621,306,315
MAVERICK COUNTY,323,39 Years,629,322,307,24,15,9,1,0,1,3,2,1,7,3,4,594,302,292
MAVERICK COUNTY,323,40 Years,613,305,308,17,10,7,1,0,1,3,2,1,6,3,3,586,290,296
MAVERICK COUNTY,323,41 Years,618,278,340,15,8,7,2,1,1,2,0,2,8,3,5,591,266,325
MAVERICK COUNTY,323,42 Years,642,307,335,21,10,11,0,0,0,2,1,1,9,5,4,610,291,319
MAVERICK COUNTY,323,43 Years,667,312,355,18,7,11,0,0,0,4,2,2,3,2,1,642,301,341
MAVERICK COUNTY,323,44 Years,670,317,353,24,12,12,1,1,0,1,1,0,5,3,2,639,300,339
MAVERICK COUNTY,323,45 Years,686,335,351,19,14,5,1,1,0,1,1,0,7,2,5,658,317,341
MAVERICK COUNTY,323,46 Years,661,305,356,19,10,9,0,0,0,5,4,1,4,1,3,633,290,343
MAVERICK COUNTY,323,47 Years,639,291,348,18,10,8,1,1,0,3,3,0,3,1,2,614,276,338
MAVERICK COUNTY,323,48 Years,627,298,329,18,11,7,1,1,0,2,0,2,5,3,2,601,283,318
MAVERICK COUNTY,323,49 Years,653,320,333,13,6,7,2,2,0,3,0,3,10,3,7,625,309,316
MAVERICK COUNTY,323,50 Years,627,305,322,13,5,8,1,1,0,2,0,2,10,5,5,601,294,307
MAVERICK COUNTY,323,51 Years,600,280,320,14,6,8,1,1,0,3,2,1,9,3,6,573,268,305
MAVERICK COUNTY,323,52 Years,591,274,317,27,14,13,1,1,0,4,2,2,4,2,2,555,255,300
MAVERICK COUNTY,323,53 Years,589,292,297,20,12,8,2,1,1,2,1,1,6,1,5,559,277,282
MAVERICK COUNTY,323,54 Years,596,292,304,18,9,9,1,0,1,4,2,2,5,2,3,568,279,289
MAVERICK COUNTY,323,55 Years,575,272,303,14,8,6,1,1,0,5,3,2,5,4,1,550,256,294
MAVERICK COUNTY,323,56 Years,537,252,285,17,10,7,0,0,0,3,1,2,5,4,1,512,237,275
MAVERICK COUNTY,323,57 Years,546,267,279,17,8,9,1,1,0,3,1,2,7,3,4,518,254,264
MAVERICK COUNTY,323,58 Years,552,275,277,13,7,6,1,1,0,3,1,2,4,3,1,531,263,268
MAVERICK COUNTY,323,59 Years,544,251,293,15,8,7,0,0,0,4,1,3,4,1,3,521,241,280
MAVERICK COUNTY,323,60 Years,513,232,281,13,6,7,1,1,0,4,2,2,2,1,1,493,222,271
MAVERICK COUNTY,323,61 Years,521,222,299,17,6,11,2,1,1,0,0,0,2,0,2,500,215,285
MAVERICK COUNTY,323,62 Years,515,245,270,22,11,11,1,1,0,2,0,2,5,0,5,485,233,252
MAVERICK COUNTY,323,63 Years,543,250,293,21,10,11,2,2,0,3,1,2,2,0,2,515,237,278
MAVERICK COUNTY,323,64 Years,529,236,293,22,11,11,3,2,1,1,1,0,2,1,1,501,221,280
MAVERICK COUNTY,323,65 Years,521,241,280,20,11,9,1,1,0,1,1,0,2,1,1,497,227,270
MAVERICK COUNTY,323,66 Years,492,235,257,19,9,10,0,0,0,1,1,0,5,0,5,467,225,242
MAVERICK COUNTY,323,67 Years,506,239,267,21,8,13,1,0,1,0,0,0,2,1,1,482,230,252
MAVERICK COUNTY,323,68 Years,496,235,261,20,8,12,0,0,0,0,0,0,1,0,1,475,227,248
MAVERICK COUNTY,323,69 Years,425,195,230,22,12,10,0,0,0,2,1,1,2,1,1,399,181,218
MAVERICK COUNTY,323,70 Years,414,175,239,16,8,8,0,0,0,2,1,1,1,0,1,395,166,229
MAVERICK COUNTY,323,71 Years,409,182,227,17,11,6,0,0,0,1,0,1,1,0,1,390,171,219
MAVERICK COUNTY,323,72 Years,380,177,203,16,13,3,0,0,0,1,1,0,6,2,4,357,161,196
MAVERICK COUNTY,323,73 Years,364,160,204,17,9,8,0,0,0,1,0,1,4,2,2,342,149,193
MAVERICK COUNTY,323,74 Years,316,143,173,15,8,7,0,0,0,1,0,1,4,3,1,296,132,164
MAVERICK COUNTY,323,75 Years,301,138,163,18,11,7,2,2,0,0,0,0,2,1,1,279,124,155
MAVERICK COUNTY,323,76 Years,278,104,174,17,9,8,0,0,0,0,0,0,1,0,1,260,95,165
MAVERICK COUNTY,323,77 Years,263,117,146,16,11,5,0,0,0,1,1,0,1,0,1,245,105,140
MAVERICK COUNTY,323,78 Years,239,113,126,13,9,4,1,0,1,0,0,0,1,0,1,224,104,120
MAVERICK COUNTY,323,79 Years,210,90,120,12,7,5,1,0,1,0,0,0,1,0,1,196,83,113
MAVERICK COUNTY,323,80 Years,207,89,118,7,2,5,1,0,1,0,0,0,3,0,3,196,87,109
MAVERICK COUNTY,323,81 Years,196,87,109,8,6,2,1,0,1,0,0,0,2,0,2,185,81,104
MAVERICK COUNTY,323,82 Years,178,83,95,8,6,2,0,0,0,0,0,0,1,1,0,169,76,93
MAVERICK COUNTY,323,83 Years,171,79,92,8,7,1,0,0,0,0,0,0,1,1,0,162,71,91
MAVERICK COUNTY,323,84 Years,160,64,96,8,4,4,0,0,0,0,0,0,1,1,0,151,59,92
MAVERICK COUNTY,323,85 Years,127,49,78,11,4,7,0,0,0,0,0,0,0,0,0,116,45,71
MAVERICK COUNTY,323,86 Years,113,40,73,7,3,4,1,0,1,0,0,0,0,0,0,105,37,68
MAVERICK COUNTY,323,87 Years,114,44,70,7,4,3,1,0,1,0,0,0,0,0,0,106,40,66
MAVERICK COUNTY,323,88 Years,118,46,72,5,2,3,1,1,0,0,0,0,2,1,1,110,42,68
MAVERICK COUNTY,323,89 Years,100,40,60,5,4,1,1,1,0,0,0,0,0,0,0,94,35,59
MAVERICK COUNTY,323,90 Years,79,29,50,2,2,0,0,0,0,0,0,0,2,1,1,75,26,49
MAVERICK COUNTY,323,91 Years,57,19,38,3,2,1,0,0,0,0,0,0,0,0,0,54,17,37
MAVERICK COUNTY,323,92 Years,49,18,31,3,1,2,0,0,0,0,0,0,0,0,0,46,17,29
MAVERICK COUNTY,323,93 Years,43,13,30,2,1,1,0,0,0,0,0,0,1,0,1,40,12,28
MAVERICK COUNTY,323,94 Years,29,11,18,2,2,0,0,0,0,0,0,0,0,0,0,27,9,18
MAVERICK COUNTY,323,95 Years +,71,22,49,4,1,3,0,0,0,0,0,0,0,0,0,67,21,46
MEDINA COUNTY,325,All Ages,52268,27207,25061,22699,11398,11301,962,824,138,292,160,132,698,357,341,27617,14468,13149
MEDINA COUNTY,325,< 1 Year,656,348,308,227,124,103,1,1,0,2,1,1,26,14,12,400,208,192
MEDINA COUNTY,325,1 Years,651,341,310,221,116,105,2,1,1,2,1,1,25,13,12,401,210,191
MEDINA COUNTY,325,2 Years,660,334,326,231,117,114,2,1,1,2,1,1,17,8,9,408,207,201
MEDINA COUNTY,325,3 Years,665,341,324,236,119,117,2,1,1,2,1,1,15,7,8,410,213,197
MEDINA COUNTY,325,4 Years,646,332,314,229,115,114,1,1,0,1,1,0,11,7,4,404,208,196
MEDINA COUNTY,325,5 Years,626,339,287,223,119,104,1,1,0,1,1,0,11,5,6,390,213,177
MEDINA COUNTY,325,6 Years,592,317,275,206,106,100,0,0,0,2,2,0,10,5,5,374,204,170
MEDINA COUNTY,325,7 Years,607,322,285,214,108,106,1,1,0,1,0,1,13,6,7,378,207,171
MEDINA COUNTY,325,8 Years,659,353,306,229,120,109,1,0,1,1,0,1,11,6,5,417,227,190
MEDINA COUNTY,325,9 Years,690,347,343,237,134,103,3,0,3,1,1,0,12,3,9,437,209,228
MEDINA COUNTY,325,10 Years,643,307,336,216,114,102,1,1,0,2,1,1,10,5,5,414,186,228
MEDINA COUNTY,325,11 Years,687,339,348,229,110,119,5,1,4,1,0,1,9,7,2,443,221,222
MEDINA COUNTY,325,12 Years,716,373,343,241,125,116,4,2,2,2,1,1,8,3,5,461,242,219
MEDINA COUNTY,325,13 Years,687,338,349,229,115,114,3,1,2,0,0,0,9,3,6,446,219,227
MEDINA COUNTY,325,14 Years,681,329,352,229,114,115,5,3,2,1,1,0,13,10,3,433,201,232
MEDINA COUNTY,325,15 Years,753,370,383,249,119,130,11,5,6,1,0,1,15,7,8,477,239,238
MEDINA COUNTY,325,16 Years,716,379,337,255,127,128,6,4,2,3,2,1,15,11,4,437,235,202
MEDINA COUNTY,325,17 Years,713,370,343,243,120,123,17,14,3,3,2,1,16,10,6,434,224,210
MEDINA COUNTY,325,18 Years,766,454,312,242,135,107,23,20,3,7,6,1,13,8,5,481,285,196
MEDINA COUNTY,325,19 Years,710,428,282,205,103,102,45,40,5,4,3,1,11,6,5,445,276,169
MEDINA COUNTY,325,20 Years,755,481,274,207,115,92,66,63,3,5,4,1,12,6,6,465,293,172
MEDINA COUNTY,325,21 Years,735,456,279,212,126,86,54,52,2,9,6,3,9,4,5,451,268,183
MEDINA COUNTY,325,22 Years,725,427,298,231,134,97,25,22,3,6,4,2,12,6,6,451,261,190
MEDINA COUNTY,325,23 Years,774,464,310,230,117,113,40,38,2,15,14,1,11,5,6,478,290,188
MEDINA COUNTY,325,24 Years,802,497,305,273,145,128,30,28,2,21,21,0,10,7,3,468,296,172
MEDINA COUNTY,325,25 Years,849,514,335,284,156,128,54,52,2,21,21,0,9,5,4,481,280,201
MEDINA COUNTY,325,26 Years,811,458,353,285,147,138,28,28,0,12,12,0,9,5,4,477,266,211
MEDINA COUNTY,325,27 Years,754,445,309,257,137,120,17,17,0,8,8,0,9,4,5,463,279,184
MEDINA COUNTY,325,28 Years,791,500,291,262,161,101,46,45,1,0,0,0,8,5,3,475,289,186
MEDINA COUNTY,325,29 Years,689,410,279,247,150,97,17,16,1,1,0,1,8,6,2,416,238,178
MEDINA COUNTY,325,30 Years,671,378,293,242,124,118,64,62,2,0,0,0,2,1,1,363,191,172
MEDINA COUNTY,325,31 Years,601,308,293,191,97,94,11,10,1,0,0,0,3,0,3,396,201,195
MEDINA COUNTY,325,32 Years,613,349,264,212,124,88,5,3,2,3,2,1,5,1,4,388,219,169
MEDINA COUNTY,325,33 Years,610,337,273,224,122,102,5,4,1,3,2,1,2,0,2,376,209,167
MEDINA COUNTY,325,34 Years,619,323,296,249,123,126,15,14,1,4,1,3,7,3,4,344,182,162
MEDINA COUNTY,325,35 Years,570,274,296,242,105,137,18,18,0,3,1,2,8,4,4,299,146,153
MEDINA COUNTY,325,36 Years,625,323,302,262,125,137,5,4,1,2,1,1,6,3,3,350,190,160
MEDINA COUNTY,325,37 Years,532,270,262,228,110,118,3,3,0,3,1,2,5,2,3,293,154,139
MEDINA COUNTY,325,38 Years,649,361,288,249,129,120,6,5,1,2,2,0,6,3,3,386,222,164
MEDINA COUNTY,325,39 Years,572,302,270,232,119,113,25,24,1,1,0,1,5,1,4,309,158,151
MEDINA COUNTY,325,40 Years,540,255,285,242,119,123,5,3,2,3,0,3,5,4,1,285,129,156
MEDINA COUNTY,325,41 Years,561,291,270,225,119,106,27,26,1,3,1,2,9,6,3,297,139,158
MEDINA COUNTY,325,42 Years,567,294,273,239,131,108,13,13,0,1,0,1,3,1,2,311,149,162
MEDINA COUNTY,325,43 Years,568,305,263,245,128,117,5,5,0,3,2,1,3,1,2,312,169,143
MEDINA COUNTY,325,44 Years,584,281,303,243,103,140,17,15,2,0,0,0,7,3,4,317,160,157
MEDINA COUNTY,325,45 Years,614,285,329,269,118,151,5,2,3,3,0,3,9,4,5,328,161,167
MEDINA COUNTY,325,46 Years,650,341,309,283,129,154,36,34,2,3,1,2,6,2,4,322,175,147
MEDINA COUNTY,325,47 Years,700,386,314,304,160,144,20,19,1,3,2,1,5,1,4,368,204,164
MEDINA COUNTY,325,48 Years,679,334,345,301,145,156,6,4,2,9,1,8,5,3,2,358,181,177
MEDINA COUNTY,325,49 Years,675,328,347,307,140,167,5,4,1,5,1,4,6,5,1,352,178,174
MEDINA COUNTY,325,50 Years,613,295,318,283,139,144,12,9,3,4,1,3,10,2,8,304,144,160
MEDINA COUNTY,325,51 Years,566,273,293,262,124,138,3,2,1,4,2,2,7,4,3,290,141,149
MEDINA COUNTY,325,52 Years,654,338,316,313,159,154,5,1,4,4,2,2,6,4,2,326,172,154
MEDINA COUNTY,325,53 Years,667,341,326,313,159,154,13,9,4,5,2,3,8,3,5,328,168,160
MEDINA COUNTY,325,54 Years,681,365,316,323,175,148,10,8,2,2,1,1,9,4,5,337,177,160
MEDINA COUNTY,325,55 Years,720,397,323,354,184,170,11,8,3,2,0,2,10,5,5,343,200,143
MEDINA COUNTY,325,56 Years,701,358,343,358,175,183,4,1,3,5,1,4,10,7,3,324,174,150
MEDINA COUNTY,325,57 Years,724,360,364,380,195,185,7,4,3,6,1,5,10,4,6,321,156,165
MEDINA COUNTY,325,58 Years,773,369,404,411,202,209,19,14,5,6,2,4,8,4,4,329,147,182
MEDINA COUNTY,325,59 Years,673,343,330,368,183,185,2,0,2,4,2,2,6,4,2,293,154,139
MEDINA COUNTY,325,60 Years,679,307,372,367,169,198,3,0,3,4,0,4,10,2,8,295,136,159
MEDINA COUNTY,325,61 Years,696,342,354,391,187,204,3,1,2,6,2,4,8,2,6,288,150,138
MEDINA COUNTY,325,62 Years,679,323,356,402,194,208,2,0,2,3,1,2,6,2,4,266,126,140
MEDINA COUNTY,325,63 Years,630,309,321,374,189,185,2,1,1,1,0,1,10,5,5,243,114,129
MEDINA COUNTY,325,64 Years,575,281,294,333,166,167,2,1,1,2,0,2,6,3,3,232,111,121
MEDINA COUNTY,325,65 Years,592,288,304,347,169,178,3,0,3,4,1,3,4,2,2,234,116,118
MEDINA COUNTY,325,66 Years,583,276,307,339,163,176,3,0,3,5,1,4,7,6,1,229,106,123
MEDINA COUNTY,325,67 Years,564,270,294,329,161,168,3,1,2,3,0,3,5,3,2,224,105,119
MEDINA COUNTY,325,68 Years,533,258,275,312,153,159,5,3,2,2,0,2,4,2,2,210,100,110
MEDINA COUNTY,325,69 Years,572,291,281,339,171,168,4,2,2,2,0,2,8,6,2,219,112,107
MEDINA COUNTY,325,70 Years,598,298,300,357,172,185,4,2,2,1,0,1,9,6,3,227,118,109
MEDINA COUNTY,325,71 Years,578,279,299,351,173,178,2,1,1,5,1,4,5,3,2,215,101,114
MEDINA COUNTY,325,72 Years,451,228,223,280,147,133,2,1,1,2,1,1,2,1,1,165,78,87
MEDINA COUNTY,325,73 Years,417,211,206,260,135,125,0,0,0,2,2,0,3,3,0,152,71,81
MEDINA COUNTY,325,74 Years,410,189,221,251,119,132,1,1,0,1,0,1,7,5,2,150,64,86
MEDINA COUNTY,325,75 Years,388,174,214,248,112,136,3,2,1,1,0,1,4,1,3,132,59,73
MEDINA COUNTY,325,76 Years,338,153,185,208,98,110,1,1,0,2,0,2,4,2,2,123,52,71
MEDINA COUNTY,325,77 Years,290,136,154,185,89,96,1,1,0,2,0,2,5,3,2,97,43,54
MEDINA COUNTY,325,78 Years,274,148,126,165,81,84,7,7,0,0,0,0,3,2,1,99,58,41
MEDINA COUNTY,325,79 Years,257,125,132,152,81,71,4,4,0,2,0,2,6,2,4,93,38,55
MEDINA COUNTY,325,80 Years,247,112,135,153,78,75,0,0,0,2,0,2,5,0,5,87,34,53
MEDINA COUNTY,325,81 Years,207,89,118,129,61,68,1,0,1,1,0,1,3,1,2,73,27,46
MEDINA COUNTY,325,82 Years,215,100,115,134,65,69,3,2,1,1,0,1,4,3,1,73,30,43
MEDINA COUNTY,325,83 Years,183,87,96,118,57,61,3,1,2,2,2,0,1,1,0,59,26,33
MEDINA COUNTY,325,84 Years,168,74,94,110,50,60,1,0,1,1,0,1,2,1,1,54,23,31
MEDINA COUNTY,325,85 Years,154,75,79,97,46,51,0,0,0,0,0,0,1,1,0,56,28,28
MEDINA COUNTY,325,86 Years,132,58,74,87,37,50,1,1,0,1,1,0,0,0,0,43,19,24
MEDINA COUNTY,325,87 Years,124,50,74,86,33,53,1,1,0,0,0,0,2,1,1,35,15,20
MEDINA COUNTY,325,88 Years,113,41,72,77,28,49,0,0,0,0,0,0,1,0,1,35,13,22
MEDINA COUNTY,325,89 Years,98,42,56,65,30,35,1,1,0,0,0,0,1,0,1,31,11,20
MEDINA COUNTY,325,90 Years,75,29,46,52,20,32,0,0,0,0,0,0,1,0,1,22,9,13
MEDINA COUNTY,325,91 Years,64,26,38,43,15,28,1,1,0,1,1,0,0,0,0,19,9,10
MEDINA COUNTY,325,92 Years,46,16,30,30,10,20,0,0,0,0,0,0,1,1,0,15,5,10
MEDINA COUNTY,325,93 Years,36,13,23,22,8,14,0,0,0,0,0,0,1,1,0,13,4,9
MEDINA COUNTY,325,94 Years,33,9,24,20,5,15,0,0,0,0,0,0,0,0,0,13,4,9
MEDINA COUNTY,325,95 Years +,88,23,65,53,13,40,2,1,1,0,0,0,1,0,1,32,9,23
MENARD COUNTY,327,All Ages,2141,1070,1071,1216,588,628,9,7,2,3,2,1,12,5,7,901,468,433
MENARD COUNTY,327,< 1 Year,21,11,10,5,3,2,0,0,0,0,0,0,0,0,0,16,8,8
MENARD COUNTY,327,1 Years,19,10,9,5,4,1,0,0,0,0,0,0,0,0,0,14,6,8
MENARD COUNTY,327,2 Years,18,11,7,4,2,2,0,0,0,0,0,0,0,0,0,14,9,5
MENARD COUNTY,327,3 Years,21,14,7,5,4,1,0,0,0,0,0,0,0,0,0,16,10,6
MENARD COUNTY,327,4 Years,25,16,9,7,3,4,0,0,0,0,0,0,0,0,0,18,13,5
MENARD COUNTY,327,5 Years,26,16,10,7,4,3,0,0,0,0,0,0,0,0,0,19,12,7
MENARD COUNTY,327,6 Years,24,13,11,8,3,5,0,0,0,0,0,0,0,0,0,16,10,6
MENARD COUNTY,327,7 Years,18,9,9,5,2,3,0,0,0,0,0,0,0,0,0,13,7,6
MENARD COUNTY,327,8 Years,22,13,9,7,5,2,0,0,0,0,0,0,0,0,0,15,8,7
MENARD COUNTY,327,9 Years,27,16,11,14,9,5,0,0,0,0,0,0,0,0,0,13,7,6
MENARD COUNTY,327,10 Years,28,13,15,14,8,6,0,0,0,0,0,0,0,0,0,14,5,9
MENARD COUNTY,327,11 Years,22,8,14,10,4,6,0,0,0,0,0,0,0,0,0,12,4,8
MENARD COUNTY,327,12 Years,27,15,12,12,9,3,0,0,0,0,0,0,0,0,0,15,6,9
MENARD COUNTY,327,13 Years,29,20,9,17,13,4,0,0,0,0,0,0,0,0,0,12,7,5
MENARD COUNTY,327,14 Years,20,15,5,9,8,1,0,0,0,0,0,0,0,0,0,11,7,4
MENARD COUNTY,327,15 Years,20,12,8,10,6,4,0,0,0,0,0,0,0,0,0,10,6,4
MENARD COUNTY,327,16 Years,18,8,10,8,3,5,0,0,0,0,0,0,0,0,0,10,5,5
MENARD COUNTY,327,17 Years,19,10,9,8,3,5,0,0,0,0,0,0,0,0,0,11,7,4
MENARD COUNTY,327,18 Years,21,12,9,9,6,3,0,0,0,0,0,0,0,0,0,12,6,6
MENARD COUNTY,327,19 Years,23,11,12,10,6,4,0,0,0,0,0,0,0,0,0,13,5,8
MENARD COUNTY,327,20 Years,22,14,8,11,5,6,0,0,0,0,0,0,0,0,0,11,9,2
MENARD COUNTY,327,21 Years,18,12,6,7,4,3,0,0,0,0,0,0,0,0,0,11,8,3
MENARD COUNTY,327,22 Years,22,10,12,8,4,4,0,0,0,0,0,0,0,0,0,14,6,8
MENARD COUNTY,327,23 Years,26,12,14,8,4,4,0,0,0,0,0,0,0,0,0,18,8,10
MENARD COUNTY,327,24 Years,15,8,7,8,4,4,0,0,0,0,0,0,0,0,0,7,4,3
MENARD COUNTY,327,25 Years,24,12,12,8,4,4,0,0,0,0,0,0,1,0,1,15,8,7
MENARD COUNTY,327,26 Years,23,11,12,8,4,4,0,0,0,0,0,0,1,0,1,14,7,7
MENARD COUNTY,327,27 Years,19,8,11,8,3,5,0,0,0,0,0,0,0,0,0,11,5,6
MENARD COUNTY,327,28 Years,15,10,5,5,3,2,0,0,0,0,0,0,0,0,0,10,7,3
MENARD COUNTY,327,29 Years,16,9,7,2,2,0,1,0,1,0,0,0,0,0,0,13,7,6
MENARD COUNTY,327,30 Years,15,8,7,6,2,4,1,0,1,0,0,0,0,0,0,8,6,2
MENARD COUNTY,327,31 Years,19,8,11,11,4,7,0,0,0,0,0,0,0,0,0,8,4,4
MENARD COUNTY,327,32 Years,16,11,5,8,5,3,0,0,0,0,0,0,0,0,0,8,6,2
MENARD COUNTY,327,33 Years,16,12,4,8,5,3,0,0,0,0,0,0,0,0,0,8,7,1
MENARD COUNTY,327,34 Years,21,10,11,12,4,8,0,0,0,1,1,0,0,0,0,8,5,3
MENARD COUNTY,327,35 Years,20,9,11,10,4,6,0,0,0,0,0,0,1,0,1,9,5,4
MENARD COUNTY,327,36 Years,21,10,11,9,4,5,1,1,0,0,0,0,1,0,1,10,5,5
MENARD COUNTY,327,37 Years,23,10,13,12,4,8,0,0,0,0,0,0,0,0,0,11,6,5
MENARD COUNTY,327,38 Years,19,7,12,8,2,6,0,0,0,0,0,0,0,0,0,11,5,6
MENARD COUNTY,327,39 Years,13,6,7,7,3,4,0,0,0,0,0,0,1,1,0,5,2,3
MENARD COUNTY,327,40 Years,14,7,7,6,2,4,0,0,0,0,0,0,0,0,0,8,5,3
MENARD COUNTY,327,41 Years,12,5,7,6,3,3,0,0,0,0,0,0,0,0,0,6,2,4
MENARD COUNTY,327,42 Years,19,7,12,11,3,8,0,0,0,0,0,0,1,1,0,7,3,4
MENARD COUNTY,327,43 Years,22,11,11,14,6,8,0,0,0,0,0,0,1,1,0,7,4,3
MENARD COUNTY,327,44 Years,15,7,8,11,6,5,0,0,0,0,0,0,0,0,0,4,1,3
MENARD COUNTY,327,45 Years,16,6,10,13,6,7,0,0,0,0,0,0,0,0,0,3,0,3
MENARD COUNTY,327,46 Years,14,5,9,12,4,8,0,0,0,0,0,0,0,0,0,2,1,1
MENARD COUNTY,327,47 Years,15,4,11,9,2,7,0,0,0,0,0,0,0,0,0,6,2,4
MENARD COUNTY,327,48 Years,17,7,10,7,2,5,0,0,0,0,0,0,0,0,0,10,5,5
MENARD COUNTY,327,49 Years,23,9,14,11,5,6,1,1,0,0,0,0,0,0,0,11,3,8
MENARD COUNTY,327,50 Years,21,11,10,10,5,5,0,0,0,0,0,0,0,0,0,11,6,5
MENARD COUNTY,327,51 Years,24,12,12,17,8,9,0,0,0,0,0,0,0,0,0,7,4,3
MENARD COUNTY,327,52 Years,19,7,12,11,4,7,0,0,0,0,0,0,0,0,0,8,3,5
MENARD COUNTY,327,53 Years,18,8,10,8,2,6,0,0,0,0,0,0,0,0,0,10,6,4
MENARD COUNTY,327,54 Years,23,14,9,12,7,5,0,0,0,0,0,0,0,0,0,11,7,4
MENARD COUNTY,327,55 Years,32,10,22,19,6,13,0,0,0,0,0,0,0,0,0,13,4,9
MENARD COUNTY,327,56 Years,38,18,20,24,11,13,0,0,0,0,0,0,0,0,0,14,7,7
MENARD COUNTY,327,57 Years,38,20,18,25,13,12,0,0,0,1,1,0,0,0,0,12,6,6
MENARD COUNTY,327,58 Years,36,17,19,27,13,14,0,0,0,1,0,1,0,0,0,8,4,4
MENARD COUNTY,327,59 Years,43,22,21,28,15,13,0,0,0,0,0,0,0,0,0,15,7,8
MENARD COUNTY,327,60 Years,33,17,16,21,11,10,1,1,0,0,0,0,0,0,0,11,5,6
MENARD COUNTY,327,61 Years,32,15,17,24,10,14,1,1,0,0,0,0,0,0,0,7,4,3
MENARD COUNTY,327,62 Years,35,20,15,22,14,8,0,0,0,0,0,0,0,0,0,13,6,7
MENARD COUNTY,327,63 Years,34,17,17,23,12,11,0,0,0,0,0,0,0,0,0,11,5,6
MENARD COUNTY,327,64 Years,35,17,18,23,9,14,1,1,0,0,0,0,1,1,0,10,6,4
MENARD COUNTY,327,65 Years,33,15,18,24,10,14,0,0,0,0,0,0,1,0,1,8,5,3
MENARD COUNTY,327,66 Years,28,18,10,20,13,7,0,0,0,0,0,0,1,0,1,7,5,2
MENARD COUNTY,327,67 Years,36,18,18,27,13,14,0,0,0,0,0,0,0,0,0,9,5,4
MENARD COUNTY,327,68 Years,37,14,23,28,10,18,1,1,0,0,0,0,0,0,0,8,3,5
MENARD COUNTY,327,69 Years,41,18,23,26,9,17,1,1,0,0,0,0,0,0,0,14,8,6
MENARD COUNTY,327,70 Years,36,19,17,24,12,12,0,0,0,0,0,0,0,0,0,12,7,5
MENARD COUNTY,327,71 Years,35,17,18,25,11,14,0,0,0,0,0,0,0,0,0,10,6,4
MENARD COUNTY,327,72 Years,28,13,15,21,10,11,0,0,0,0,0,0,0,0,0,7,3,4
MENARD COUNTY,327,73 Years,31,18,13,23,14,9,0,0,0,0,0,0,0,0,0,8,4,4
MENARD COUNTY,327,74 Years,35,21,14,24,14,10,0,0,0,0,0,0,0,0,0,11,7,4
MENARD COUNTY,327,75 Years,33,18,15,25,14,11,0,0,0,0,0,0,0,0,0,8,4,4
MENARD COUNTY,327,76 Years,28,15,13,18,10,8,0,0,0,0,0,0,1,1,0,9,4,5
MENARD COUNTY,327,77 Years,24,11,13,15,7,8,0,0,0,0,0,0,0,0,0,9,4,5
MENARD COUNTY,327,78 Years,26,15,11,21,11,10,0,0,0,0,0,0,0,0,0,5,4,1
MENARD COUNTY,327,79 Years,20,11,9,18,9,9,0,0,0,0,0,0,0,0,0,2,2,0
MENARD COUNTY,327,80 Years,20,11,9,13,8,5,0,0,0,0,0,0,0,0,0,7,3,4
MENARD COUNTY,327,81 Years,22,9,13,15,7,8,0,0,0,0,0,0,0,0,0,7,2,5
MENARD COUNTY,327,82 Years,17,7,10,13,6,7,0,0,0,0,0,0,0,0,0,4,1,3
MENARD COUNTY,327,83 Years,13,4,9,10,4,6,0,0,0,0,0,0,0,0,0,3,0,3
MENARD COUNTY,327,84 Years,19,5,14,13,4,9,0,0,0,0,0,0,0,0,0,6,1,5
MENARD COUNTY,327,85 Years,17,7,10,12,5,7,0,0,0,0,0,0,0,0,0,5,2,3
MENARD COUNTY,327,86 Years,12,6,6,10,5,5,0,0,0,0,0,0,0,0,0,2,1,1
MENARD COUNTY,327,87 Years,14,7,7,10,4,6,0,0,0,0,0,0,0,0,0,4,3,1
MENARD COUNTY,327,88 Years,11,6,5,8,4,4,0,0,0,0,0,0,0,0,0,3,2,1
MENARD COUNTY,327,89 Years,11,4,7,7,3,4,0,0,0,0,0,0,1,0,1,3,1,2
MENARD COUNTY,327,90 Years,10,3,7,6,2,4,0,0,0,0,0,0,0,0,0,4,1,3
MENARD COUNTY,327,91 Years,9,4,5,5,2,3,0,0,0,0,0,0,0,0,0,4,2,2
MENARD COUNTY,327,92 Years,10,4,6,5,2,3,0,0,0,0,0,0,0,0,0,5,2,3
MENARD COUNTY,327,93 Years,6,2,4,4,2,2,0,0,0,0,0,0,0,0,0,2,0,2
MENARD COUNTY,327,94 Years,7,3,4,4,2,2,0,0,0,0,0,0,0,0,0,3,1,2
MENARD COUNTY,327,95 Years +,13,4,9,10,3,7,0,0,0,0,0,0,0,0,0,3,1,2
MIDLAND COUNTY,329,All Ages,171954,87806,84148,75602,38041,37561,10453,5409,5044,3103,1604,1499,3086,1596,1490,79710,41156,38554
MIDLAND COUNTY,329,< 1 Year,2669,1379,1290,1010,522,488,185,99,86,45,25,20,87,46,41,1342,687,655
MIDLAND COUNTY,329,1 Years,2756,1410,1346,1028,530,498,182,94,88,42,22,20,91,43,48,1413,721,692
MIDLAND COUNTY,329,2 Years,2858,1478,1380,1061,552,509,173,90,83,49,25,24,100,51,49,1475,760,715
MIDLAND COUNTY,329,3 Years,2952,1516,1436,1068,551,517,173,88,85,48,24,24,98,48,50,1565,805,760
MIDLAND COUNTY,329,4 Years,2990,1526,1464,1071,545,526,163,82,81,61,31,30,97,50,47,1598,818,780
MIDLAND COUNTY,329,5 Years,2899,1475,1424,1035,516,519,158,81,77,56,29,27,84,43,41,1566,806,760
MIDLAND COUNTY,329,6 Years,2787,1419,1368,984,493,491,147,71,76,60,32,28,84,45,39,1512,778,734
MIDLAND COUNTY,329,7 Years,2679,1390,1289,923,467,456,145,73,72,53,29,24,69,36,33,1489,785,704
MIDLAND COUNTY,329,8 Years,2547,1323,1224,851,449,402,139,64,75,43,23,20,62,31,31,1452,756,696
MIDLAND COUNTY,329,9 Years,2714,1419,1295,900,471,429,157,88,69,36,27,9,74,34,40,1547,799,748
MIDLAND COUNTY,329,10 Years,2753,1415,1338,912,482,430,161,77,84,36,20,16,71,29,42,1573,807,766
MIDLAND COUNTY,329,11 Years,2678,1385,1293,839,433,406,175,83,92,36,18,18,71,33,38,1557,818,739
MIDLAND COUNTY,329,12 Years,2547,1329,1218,812,429,383,180,107,73,45,25,20,64,29,35,1446,739,707
MIDLAND COUNTY,329,13 Years,2466,1270,1196,784,426,358,166,90,76,40,20,20,66,34,32,1410,700,710
MIDLAND COUNTY,329,14 Years,2421,1263,1158,770,411,359,161,82,79,49,23,26,63,40,23,1378,707,671
MIDLAND COUNTY,329,15 Years,2333,1206,1127,745,384,361,162,84,78,36,18,18,46,30,16,1344,690,654
MIDLAND COUNTY,329,16 Years,2385,1233,1152,763,407,356,157,82,75,51,34,17,58,30,28,1356,680,676
MIDLAND COUNTY,329,17 Years,2449,1255,1194,801,408,393,155,72,83,55,32,23,65,34,31,1373,709,664
MIDLAND COUNTY,329,18 Years,2398,1238,1160,781,411,370,158,76,82,51,28,23,50,30,20,1358,693,665
MIDLAND COUNTY,329,19 Years,2252,1208,1044,723,389,334,137,70,67,45,19,26,42,29,13,1305,701,604
MIDLAND COUNTY,329,20 Years,2228,1191,1037,696,384,312,117,58,59,38,18,20,40,27,13,1337,704,633
MIDLAND COUNTY,329,21 Years,2308,1255,1053,767,422,345,138,72,66,47,27,20,28,13,15,1328,721,607
MIDLAND COUNTY,329,22 Years,2441,1333,1108,871,458,413,122,62,60,40,21,19,38,23,15,1370,769,601
MIDLAND COUNTY,329,23 Years,2707,1441,1266,1044,557,487,129,69,60,32,16,16,35,26,9,1467,773,694
MIDLAND COUNTY,329,24 Years,2903,1565,1338,1184,639,545,135,78,57,49,31,18,38,27,11,1497,790,707
MIDLAND COUNTY,329,25 Years,3045,1643,1402,1274,699,575,162,93,69,34,19,15,43,29,14,1532,803,729
MIDLAND COUNTY,329,26 Years,3262,1745,1517,1398,767,631,186,95,91,37,21,16,48,29,19,1593,833,760
MIDLAND COUNTY,329,27 Years,3474,1857,1617,1454,790,664,225,106,119,41,21,20,61,31,30,1693,909,784
MIDLAND COUNTY,329,28 Years,3233,1680,1553,1373,721,652,205,113,92,27,7,20,42,18,24,1586,821,765
MIDLAND COUNTY,329,29 Years,3017,1553,1464,1291,651,640,145,90,55,22,14,8,42,24,18,1517,774,743
MIDLAND COUNTY,329,30 Years,2948,1547,1401,1235,638,597,145,92,53,34,19,15,37,17,20,1497,781,716
MIDLAND COUNTY,329,31 Years,3080,1627,1453,1309,675,634,176,97,79,38,18,20,45,23,22,1512,814,698
MIDLAND COUNTY,329,32 Years,3075,1593,1482,1378,718,660,195,100,95,37,18,19,34,15,19,1431,742,689
MIDLAND COUNTY,329,33 Years,2966,1557,1409,1320,698,622,168,95,73,49,26,23,32,13,19,1397,725,672
MIDLAND COUNTY,329,34 Years,2915,1579,1336,1274,670,604,161,92,69,63,30,33,43,14,29,1374,773,601
MIDLAND COUNTY,329,35 Years,2898,1533,1365,1301,689,612,142,84,58,73,44,29,39,14,25,1343,702,641
MIDLAND COUNTY,329,36 Years,2776,1437,1339,1202,625,577,148,79,69,46,25,21,54,24,30,1326,684,642
MIDLAND COUNTY,329,37 Years,2562,1347,1215,1119,582,537,133,66,67,44,22,22,44,26,18,1222,651,571
MIDLAND COUNTY,329,38 Years,2488,1330,1158,1107,605,502,149,71,78,46,25,21,29,18,11,1157,611,546
MIDLAND COUNTY,329,39 Years,2216,1181,1035,972,536,436,125,65,60,44,18,26,24,11,13,1051,551,500
MIDLAND COUNTY,329,40 Years,2173,1125,1048,921,480,441,108,63,45,48,18,30,24,8,16,1072,556,516
MIDLAND COUNTY,329,41 Years,2080,1120,960,855,431,424,112,67,45,43,21,22,29,22,7,1041,579,462
MIDLAND COUNTY,329,42 Years,1927,1048,879,777,407,370,116,65,51,54,28,26,31,17,14,949,531,418
MIDLAND COUNTY,329,43 Years,1987,1051,936,823,414,409,111,57,54,40,20,20,26,15,11,987,545,442
MIDLAND COUNTY,329,44 Years,1908,999,909,775,404,371,89,48,41,48,27,21,24,15,9,972,505,467
MIDLAND COUNTY,329,45 Years,1874,991,883,772,403,369,114,68,46,32,12,20,18,8,10,938,500,438
MIDLAND COUNTY,329,46 Years,1911,1006,905,819,422,397,111,69,42,37,16,21,17,7,10,927,492,435
MIDLAND COUNTY,329,47 Years,1882,916,966,833,403,430,111,47,64,58,21,37,23,14,9,857,431,426
MIDLAND COUNTY,329,48 Years,1828,938,890,822,434,388,112,55,57,67,31,36,28,13,15,799,405,394
MIDLAND COUNTY,329,49 Years,1795,910,885,814,406,408,116,64,52,52,25,27,21,7,14,792,408,384
MIDLAND COUNTY,329,50 Years,1710,865,845,760,373,387,118,67,51,39,20,19,18,9,9,775,396,379
MIDLAND COUNTY,329,51 Years,1644,830,814,762,365,397,113,66,47,38,20,18,16,11,5,715,368,347
MIDLAND COUNTY,329,52 Years,1668,858,810,765,381,384,111,64,47,43,24,19,15,13,2,734,376,358
MIDLAND COUNTY,329,53 Years,1701,884,817,797,396,401,122,71,51,36,25,11,16,8,8,730,384,346
MIDLAND COUNTY,329,54 Years,1771,876,895,875,411,464,139,73,66,38,22,16,22,11,11,697,359,338
MIDLAND COUNTY,329,55 Years,1900,948,952,993,487,506,139,70,69,37,17,20,25,10,15,706,364,342
MIDLAND COUNTY,329,56 Years,1926,945,981,1078,525,553,127,66,61,36,18,18,17,7,10,668,329,339
MIDLAND COUNTY,329,57 Years,1919,900,1019,1090,494,596,138,70,68,39,19,20,22,10,12,630,307,323
MIDLAND COUNTY,329,58 Years,1953,967,986,1136,552,584,131,68,63,53,29,24,24,9,15,609,309,300
MIDLAND COUNTY,329,59 Years,1881,926,955,1143,549,594,128,65,63,35,24,11,24,8,16,551,280,271
MIDLAND COUNTY,329,60 Years,1837,924,913,1144,554,590,125,67,58,25,19,6,22,12,10,521,272,249
MIDLAND COUNTY,329,61 Years,1827,924,903,1111,555,556,128,63,65,33,17,16,30,18,12,525,271,254
MIDLAND COUNTY,329,62 Years,1757,849,908,1063,514,549,121,57,64,35,16,19,25,13,12,513,249,264
MIDLAND COUNTY,329,63 Years,1631,796,835,1039,504,535,107,48,59,35,16,19,22,12,10,428,216,212
MIDLAND COUNTY,329,64 Years,1527,751,776,942,459,483,120,64,56,35,16,19,28,17,11,402,195,207
MIDLAND COUNTY,329,65 Years,1410,684,726,875,436,439,103,55,48,37,17,20,30,17,13,365,159,206
MIDLAND COUNTY,329,66 Years,1279,624,655,809,396,413,108,53,55,19,9,10,21,11,10,322,155,167
MIDLAND COUNTY,329,67 Years,1186,555,631,743,354,389,96,46,50,26,14,12,27,11,16,294,130,164
MIDLAND COUNTY,329,68 Years,1106,517,589,673,322,351,76,35,41,32,16,16,20,9,11,305,135,170
MIDLAND COUNTY,329,69 Years,985,470,515,618,299,319,64,35,29,29,15,14,17,10,7,257,111,146
MIDLAND COUNTY,329,70 Years,915,429,486,586,286,300,60,22,38,19,7,12,16,8,8,234,106,128
MIDLAND COUNTY,329,71 Years,896,412,484,601,279,322,52,22,30,14,6,8,21,9,12,208,96,112
MIDLAND COUNTY,329,72 Years,724,346,378,464,223,241,51,28,23,13,8,5,14,7,7,182,80,102
MIDLAND COUNTY,329,73 Years,656,283,373,426,186,240,42,17,25,10,6,4,12,8,4,166,66,100
MIDLAND COUNTY,329,74 Years,647,280,367,435,192,243,40,16,24,6,4,2,9,5,4,157,63,94
MIDLAND COUNTY,329,75 Years,625,272,353,417,186,231,43,22,21,7,4,3,8,3,5,150,57,93
MIDLAND COUNTY,329,76 Years,578,237,341,388,157,231,41,19,22,10,7,3,9,5,4,130,49,81
MIDLAND COUNTY,329,77 Years,511,208,303,331,134,197,37,13,24,7,5,2,8,4,4,128,52,76
MIDLAND COUNTY,329,78 Years,490,185,305,334,125,209,37,14,23,7,4,3,9,5,4,103,37,66
MIDLAND COUNTY,329,79 Years,459,174,285,311,117,194,28,14,14,8,3,5,9,4,5,103,36,67
MIDLAND COUNTY,329,80 Years,468,177,291,335,120,215,26,12,14,5,1,4,7,3,4,95,41,54
MIDLAND COUNTY,329,81 Years,437,169,268,310,117,193,31,8,23,6,2,4,4,1,3,86,41,45
MIDLAND COUNTY,329,82 Years,425,179,246,298,120,178,29,13,16,5,2,3,4,2,2,89,42,47
MIDLAND COUNTY,329,83 Years,410,169,241,288,117,171,27,10,17,3,2,1,5,2,3,87,38,49
MIDLAND COUNTY,329,84 Years,361,143,218,267,113,154,21,5,16,2,1,1,2,0,2,69,24,45
MIDLAND COUNTY,329,85 Years,334,123,211,253,102,151,19,4,15,2,1,1,3,1,2,57,15,42
MIDLAND COUNTY,329,86 Years,316,110,206,239,85,154,22,6,16,2,0,2,3,1,2,50,18,32
MIDLAND COUNTY,329,87 Years,284,103,181,216,77,139,17,5,12,3,1,2,5,2,3,43,18,25
MIDLAND COUNTY,329,88 Years,248,95,153,189,73,116,12,4,8,2,1,1,3,1,2,42,16,26
MIDLAND COUNTY,329,89 Years,233,80,153,174,61,113,14,3,11,3,1,2,2,2,0,40,13,27
MIDLAND COUNTY,329,90 Years,207,76,131,163,63,100,8,3,5,2,0,2,3,1,2,31,9,22
MIDLAND COUNTY,329,91 Years,174,65,109,137,52,85,7,3,4,2,0,2,3,1,2,25,9,16
MIDLAND COUNTY,329,92 Years,139,48,91,107,39,68,10,2,8,2,0,2,1,0,1,19,7,12
MIDLAND COUNTY,329,93 Years,107,34,73,83,26,57,6,2,4,2,1,1,2,0,2,14,5,9
MIDLAND COUNTY,329,94 Years,80,26,54,60,18,42,5,2,3,2,1,1,2,1,1,11,4,7
MIDLAND COUNTY,329,95 Years +,172,55,117,133,43,90,14,4,10,2,0,2,2,1,1,21,7,14
MILAM COUNTY,331,All Ages,25208,12485,12723,15277,7521,7756,2242,1039,1203,114,53,61,398,201,197,7177,3671,3506
MILAM COUNTY,331,< 1 Year,295,152,143,131,71,60,25,13,12,0,0,0,12,4,8,127,64,63
MILAM COUNTY,331,1 Years,302,156,146,132,74,58,28,13,15,1,0,1,13,7,6,128,62,66
MILAM COUNTY,331,2 Years,323,166,157,141,77,64,31,14,17,2,1,1,13,7,6,136,67,69
MILAM COUNTY,331,3 Years,343,175,168,142,75,67,37,18,19,3,1,2,16,10,6,145,71,74
MILAM COUNTY,331,4 Years,343,175,168,137,69,68,38,20,18,2,1,1,17,9,8,149,76,73
MILAM COUNTY,331,5 Years,338,172,166,131,65,66,37,19,18,2,1,1,15,8,7,153,79,74
MILAM COUNTY,331,6 Years,332,171,161,131,69,62,34,15,19,1,1,0,10,4,6,156,82,74
MILAM COUNTY,331,7 Years,329,169,160,123,65,58,33,14,19,2,1,1,11,7,4,160,82,78
MILAM COUNTY,331,8 Years,343,181,162,127,79,48,35,17,18,3,2,1,10,6,4,168,77,91
MILAM COUNTY,331,9 Years,347,186,161,144,81,63,33,18,15,1,0,1,8,4,4,161,83,78
MILAM COUNTY,331,10 Years,355,192,163,157,86,71,42,21,21,1,1,0,7,5,2,148,79,69
MILAM COUNTY,331,11 Years,364,180,184,158,79,79,41,20,21,2,1,1,7,6,1,156,74,82
MILAM COUNTY,331,12 Years,327,174,153,157,77,80,32,19,13,1,0,1,9,6,3,128,72,56
MILAM COUNTY,331,13 Years,354,179,175,167,81,86,31,18,13,2,0,2,7,3,4,147,77,70
MILAM COUNTY,331,14 Years,347,179,168,164,84,80,24,12,12,1,0,1,7,5,2,151,78,73
MILAM COUNTY,331,15 Years,346,193,153,160,91,69,30,16,14,0,0,0,8,6,2,148,80,68
MILAM COUNTY,331,16 Years,364,204,160,176,98,78,27,15,12,0,0,0,9,4,5,152,87,65
MILAM COUNTY,331,17 Years,361,195,166,174,96,78,35,21,14,0,0,0,6,3,3,146,75,71
MILAM COUNTY,331,18 Years,305,164,141,140,78,62,29,17,12,1,1,0,6,2,4,129,66,63
MILAM COUNTY,331,19 Years,244,132,112,118,67,51,18,9,9,0,0,0,6,2,4,102,54,48
MILAM COUNTY,331,20 Years,227,122,105,113,66,47,21,9,12,0,0,0,6,5,1,87,42,45
MILAM COUNTY,331,21 Years,259,134,125,131,74,57,25,13,12,0,0,0,8,5,3,95,42,53
MILAM COUNTY,331,22 Years,271,145,126,138,76,62,28,16,12,2,0,2,7,4,3,96,49,47
MILAM COUNTY,331,23 Years,288,148,140,143,70,73,36,19,17,5,3,2,5,3,2,99,53,46
MILAM COUNTY,331,24 Years,312,145,167,147,66,81,40,21,19,2,2,0,6,3,3,117,53,64
MILAM COUNTY,331,25 Years,322,153,169,154,75,79,41,20,21,1,0,1,7,1,6,119,57,62
MILAM COUNTY,331,26 Years,331,157,174,179,85,94,33,11,22,0,0,0,6,3,3,113,58,55
MILAM COUNTY,331,27 Years,289,125,164,156,69,87,26,7,19,1,1,0,3,1,2,103,47,56
MILAM COUNTY,331,28 Years,262,123,139,137,65,72,26,10,16,2,2,0,3,2,1,94,44,50
MILAM COUNTY,331,29 Years,271,123,148,139,58,81,25,9,16,1,1,0,2,1,1,104,54,50
MILAM COUNTY,331,30 Years,257,126,131,150,69,81,21,7,14,1,1,0,1,0,1,84,49,35
MILAM COUNTY,331,31 Years,239,116,123,141,70,71,22,9,13,1,0,1,4,2,2,71,35,36
MILAM COUNTY,331,32 Years,254,128,126,145,68,77,18,7,11,0,0,0,3,2,1,88,51,37
MILAM COUNTY,331,33 Years,266,129,137,141,66,75,20,9,11,1,0,1,3,2,1,101,52,49
MILAM COUNTY,331,34 Years,266,143,123,137,84,53,16,6,10,2,0,2,1,0,1,110,53,57
MILAM COUNTY,331,35 Years,288,149,139,160,86,74,18,7,11,4,2,2,2,1,1,104,53,51
MILAM COUNTY,331,36 Years,259,133,126,147,71,76,17,7,10,2,1,1,1,1,0,92,53,39
MILAM COUNTY,331,37 Years,257,129,128,153,74,79,16,6,10,0,0,0,1,0,1,87,49,38
MILAM COUNTY,331,38 Years,264,130,134,155,74,81,20,9,11,1,0,1,3,2,1,85,45,40
MILAM COUNTY,331,39 Years,252,111,141,153,62,91,16,6,10,1,0,1,3,2,1,79,41,38
MILAM COUNTY,331,40 Years,260,117,143,156,69,87,17,4,13,1,1,0,2,1,1,84,42,42
MILAM COUNTY,331,41 Years,259,121,138,150,72,78,22,8,14,1,1,0,0,0,0,86,40,46
MILAM COUNTY,331,42 Years,295,147,148,161,83,78,30,13,17,2,2,0,2,0,2,100,49,51
MILAM COUNTY,331,43 Years,257,121,136,154,70,84,22,10,12,1,0,1,3,0,3,77,41,36
MILAM COUNTY,331,44 Years,263,120,143,153,70,83,25,10,15,1,0,1,2,0,2,82,40,42
MILAM COUNTY,331,45 Years,255,125,130,167,82,85,20,7,13,1,1,0,1,0,1,66,35,31
MILAM COUNTY,331,46 Years,276,138,138,189,91,98,22,11,11,2,0,2,3,2,1,60,34,26
MILAM COUNTY,331,47 Years,301,167,134,196,112,84,22,11,11,2,1,1,2,1,1,79,42,37
MILAM COUNTY,331,48 Years,292,148,144,185,95,90,23,9,14,3,0,3,3,2,1,78,42,36
MILAM COUNTY,331,49 Years,277,127,150,178,83,95,20,8,12,3,1,2,4,2,2,72,33,39
MILAM COUNTY,331,50 Years,278,138,140,191,96,95,16,7,9,2,1,1,3,2,1,66,32,34
MILAM COUNTY,331,51 Years,287,142,145,193,97,96,26,10,16,2,2,0,2,1,1,64,32,32
MILAM COUNTY,331,52 Years,304,141,163,198,95,103,28,10,18,3,2,1,3,1,2,72,33,39
MILAM COUNTY,331,53 Years,304,157,147,203,103,100,24,11,13,2,1,1,2,1,1,73,41,32
MILAM COUNTY,331,54 Years,314,154,160,215,106,109,27,11,16,1,0,1,1,1,0,70,36,34
MILAM COUNTY,331,55 Years,359,174,185,249,123,126,30,11,19,3,2,1,5,3,2,72,35,37
MILAM COUNTY,331,56 Years,324,153,171,226,105,121,32,12,20,3,1,2,5,2,3,58,33,25
MILAM COUNTY,331,57 Years,345,176,169,235,118,117,42,25,17,2,1,1,3,1,2,63,31,32
MILAM COUNTY,331,58 Years,364,173,191,252,122,130,45,21,24,1,1,0,3,1,2,63,28,35
MILAM COUNTY,331,59 Years,327,164,163,234,110,124,37,19,18,1,1,0,5,4,1,50,30,20
MILAM COUNTY,331,60 Years,347,169,178,241,110,131,29,16,13,1,1,0,5,2,3,71,40,31
MILAM COUNTY,331,61 Years,359,171,188,268,125,143,29,14,15,2,2,0,3,2,1,57,28,29
MILAM COUNTY,331,62 Years,372,190,182,274,133,141,30,16,14,1,0,1,5,2,3,62,39,23
MILAM COUNTY,331,63 Years,353,165,188,264,125,139,32,11,21,0,0,0,6,2,4,51,27,24
MILAM COUNTY,331,64 Years,363,176,187,284,142,142,31,15,16,0,0,0,3,0,3,45,19,26
MILAM COUNTY,331,65 Years,341,157,184,274,122,152,23,9,14,0,0,0,2,1,1,42,25,17
MILAM COUNTY,331,66 Years,334,156,178,266,124,142,21,7,14,1,0,1,3,2,1,43,23,20
MILAM COUNTY,331,67 Years,358,167,191,287,130,157,25,14,11,1,1,0,4,2,2,41,20,21
MILAM COUNTY,331,68 Years,322,157,165,255,124,131,26,15,11,1,1,0,3,1,2,37,16,21
MILAM COUNTY,331,69 Years,302,149,153,235,116,119,23,12,11,3,0,3,2,0,2,39,21,18
MILAM COUNTY,331,70 Years,299,155,144,234,118,116,25,13,12,2,1,1,2,1,1,36,22,14
MILAM COUNTY,331,71 Years,338,165,173,270,127,143,23,12,11,1,1,0,2,1,1,42,24,18
MILAM COUNTY,331,72 Years,264,136,128,210,112,98,21,10,11,1,0,1,1,0,1,31,14,17
MILAM COUNTY,331,73 Years,268,139,129,211,110,101,18,8,10,2,1,1,1,1,0,36,19,17
MILAM COUNTY,331,74 Years,240,117,123,190,94,96,18,8,10,1,0,1,4,2,2,27,13,14
MILAM COUNTY,331,75 Years,228,114,114,187,93,94,19,10,9,0,0,0,4,2,2,18,9,9
MILAM COUNTY,331,76 Years,207,103,104,168,84,84,16,8,8,0,0,0,4,1,3,19,10,9
MILAM COUNTY,331,77 Years,189,92,97,152,78,74,15,6,9,0,0,0,2,0,2,20,8,12
MILAM COUNTY,331,78 Years,172,82,90,138,66,72,11,3,8,1,1,0,1,1,0,21,11,10
MILAM COUNTY,331,79 Years,156,71,85,124,56,68,15,6,9,0,0,0,1,0,1,16,9,7
MILAM COUNTY,331,80 Years,161,76,85,125,60,65,12,6,6,1,0,1,2,1,1,21,9,12
MILAM COUNTY,331,81 Years,154,61,93,120,50,70,14,6,8,1,0,1,3,1,2,16,4,12
MILAM COUNTY,331,82 Years,140,68,72,110,52,58,11,6,5,0,0,0,1,0,1,18,10,8
MILAM COUNTY,331,83 Years,118,58,60,91,42,49,10,6,4,0,0,0,0,0,0,17,10,7
MILAM COUNTY,331,84 Years,114,49,65,89,38,51,13,6,7,0,0,0,0,0,0,12,5,7
MILAM COUNTY,331,85 Years,97,43,54,75,33,42,10,5,5,2,0,2,1,0,1,9,5,4
MILAM COUNTY,331,86 Years,90,37,53,69,28,41,8,4,4,1,0,1,1,1,0,11,4,7
MILAM COUNTY,331,87 Years,83,33,50,63,26,37,9,4,5,0,0,0,1,0,1,10,3,7
MILAM COUNTY,331,88 Years,75,32,43,57,24,33,8,3,5,0,0,0,1,0,1,9,5,4
MILAM COUNTY,331,89 Years,71,30,41,54,23,31,8,3,5,0,0,0,0,0,0,9,4,5
MILAM COUNTY,331,90 Years,56,21,35,40,14,26,7,3,4,0,0,0,1,0,1,8,4,4
MILAM COUNTY,331,91 Years,46,17,29,32,11,21,7,3,4,0,0,0,1,1,0,6,2,4
MILAM COUNTY,331,92 Years,38,15,23,25,9,16,4,1,3,1,0,1,1,1,0,7,4,3
MILAM COUNTY,331,93 Years,34,16,18,23,9,14,4,2,2,1,1,0,0,0,0,6,4,2
MILAM COUNTY,331,94 Years,26,12,14,19,8,11,4,1,3,0,0,0,0,0,0,3,3,0
MILAM COUNTY,331,95 Years +,56,19,37,39,13,26,8,2,6,0,0,0,1,0,1,8,4,4
MILLS COUNTY,333,All Ages,4931,2442,2489,3843,1857,1986,26,11,15,8,5,3,71,44,27,983,525,458
MILLS COUNTY,333,< 1 Year,48,28,20,28,16,12,0,0,0,0,0,0,0,0,0,20,12,8
MILLS COUNTY,333,1 Years,50,30,20,29,19,10,0,0,0,0,0,0,0,0,0,21,11,10
MILLS COUNTY,333,2 Years,48,27,21,29,17,12,0,0,0,0,0,0,0,0,0,19,10,9
MILLS COUNTY,333,3 Years,60,34,26,33,19,14,0,0,0,0,0,0,3,2,1,24,13,11
MILLS COUNTY,333,4 Years,61,35,26,35,20,15,0,0,0,0,0,0,3,2,1,23,13,10
MILLS COUNTY,333,5 Years,66,37,29,40,20,20,0,0,0,0,0,0,3,2,1,23,15,8
MILLS COUNTY,333,6 Years,57,33,24,35,20,15,0,0,0,0,0,0,2,1,1,20,12,8
MILLS COUNTY,333,7 Years,57,31,26,33,16,17,0,0,0,0,0,0,0,0,0,24,15,9
MILLS COUNTY,333,8 Years,64,32,32,39,15,24,0,0,0,0,0,0,1,1,0,24,16,8
MILLS COUNTY,333,9 Years,55,32,23,36,21,15,0,0,0,0,0,0,2,2,0,17,9,8
MILLS COUNTY,333,10 Years,68,28,40,47,20,27,0,0,0,0,0,0,1,1,0,20,7,13
MILLS COUNTY,333,11 Years,65,28,37,45,22,23,0,0,0,0,0,0,1,1,0,19,5,14
MILLS COUNTY,333,12 Years,64,35,29,46,27,19,1,1,0,0,0,0,1,1,0,16,6,10
MILLS COUNTY,333,13 Years,54,25,29,38,18,20,0,0,0,0,0,0,2,1,1,14,6,8
MILLS COUNTY,333,14 Years,54,29,25,37,19,18,0,0,0,0,0,0,2,2,0,15,8,7
MILLS COUNTY,333,15 Years,51,28,23,37,19,18,1,1,0,0,0,0,2,2,0,11,6,5
MILLS COUNTY,333,16 Years,51,31,20,40,23,17,0,0,0,1,1,0,0,0,0,10,7,3
MILLS COUNTY,333,17 Years,61,35,26,48,28,20,1,0,1,1,1,0,0,0,0,11,6,5
MILLS COUNTY,333,18 Years,57,30,27,40,23,17,4,2,2,0,0,0,0,0,0,13,5,8
MILLS COUNTY,333,19 Years,53,24,29,33,16,17,4,2,2,0,0,0,1,0,1,15,6,9
MILLS COUNTY,333,20 Years,47,18,29,29,13,16,5,1,4,0,0,0,0,0,0,13,4,9
MILLS COUNTY,333,21 Years,52,26,26,31,15,16,3,2,1,0,0,0,0,0,0,18,9,9
MILLS COUNTY,333,22 Years,54,29,25,30,15,15,1,1,0,0,0,0,0,0,0,23,13,10
MILLS COUNTY,333,23 Years,51,25,26,32,14,18,0,0,0,0,0,0,1,0,1,18,11,7
MILLS COUNTY,333,24 Years,61,29,32,37,16,21,1,0,1,0,0,0,3,3,0,20,10,10
MILLS COUNTY,333,25 Years,66,38,28,46,24,22,0,0,0,0,0,0,1,1,0,19,13,6
MILLS COUNTY,333,26 Years,64,35,29,50,25,25,0,0,0,0,0,0,0,0,0,14,10,4
MILLS COUNTY,333,27 Years,46,19,27,35,12,23,0,0,0,0,0,0,0,0,0,11,7,4
MILLS COUNTY,333,28 Years,39,19,20,25,12,13,0,0,0,0,0,0,2,0,2,12,7,5
MILLS COUNTY,333,29 Years,36,18,18,27,11,16,0,0,0,0,0,0,0,0,0,9,7,2
MILLS COUNTY,333,30 Years,39,18,21,28,10,18,0,0,0,0,0,0,0,0,0,11,8,3
MILLS COUNTY,333,31 Years,35,18,17,26,14,12,0,0,0,1,0,1,0,0,0,8,4,4
MILLS COUNTY,333,32 Years,31,17,14,25,14,11,0,0,0,0,0,0,0,0,0,6,3,3
MILLS COUNTY,333,33 Years,39,18,21,32,14,18,0,0,0,0,0,0,0,0,0,7,4,3
MILLS COUNTY,333,34 Years,37,19,18,28,14,14,0,0,0,0,0,0,0,0,0,9,5,4
MILLS COUNTY,333,35 Years,43,16,27,31,9,22,0,0,0,1,0,1,0,0,0,11,7,4
MILLS COUNTY,333,36 Years,47,14,33,40,12,28,0,0,0,0,0,0,1,0,1,6,2,4
MILLS COUNTY,333,37 Years,45,17,28,37,13,24,0,0,0,0,0,0,0,0,0,8,4,4
MILLS COUNTY,333,38 Years,51,26,25,42,21,21,0,0,0,0,0,0,1,1,0,8,4,4
MILLS COUNTY,333,39 Years,52,26,26,38,16,22,0,0,0,0,0,0,1,1,0,13,9,4
MILLS COUNTY,333,40 Years,44,20,24,35,15,20,0,0,0,0,0,0,0,0,0,9,5,4
MILLS COUNTY,333,41 Years,46,24,22,37,19,18,0,0,0,1,1,0,1,1,0,7,3,4
MILLS COUNTY,333,42 Years,47,21,26,36,16,20,1,0,1,1,1,0,1,1,0,8,3,5
MILLS COUNTY,333,43 Years,33,14,19,24,11,13,1,0,1,0,0,0,0,0,0,8,3,5
MILLS COUNTY,333,44 Years,39,21,18,29,16,13,0,0,0,0,0,0,0,0,0,10,5,5
MILLS COUNTY,333,45 Years,45,22,23,34,16,18,0,0,0,0,0,0,1,1,0,10,5,5
MILLS COUNTY,333,46 Years,44,18,26,30,13,17,0,0,0,0,0,0,0,0,0,14,5,9
MILLS COUNTY,333,47 Years,57,22,35,42,16,26,0,0,0,0,0,0,2,1,1,13,5,8
MILLS COUNTY,333,48 Years,64,32,32,49,24,25,0,0,0,0,0,0,2,2,0,13,6,7
MILLS COUNTY,333,49 Years,59,34,25,48,28,20,0,0,0,0,0,0,1,1,0,10,5,5
MILLS COUNTY,333,50 Years,53,26,27,44,20,24,0,0,0,0,0,0,0,0,0,9,6,3
MILLS COUNTY,333,51 Years,62,32,30,52,26,26,0,0,0,0,0,0,0,0,0,10,6,4
MILLS COUNTY,333,52 Years,63,31,32,48,25,23,0,0,0,0,0,0,1,0,1,14,6,8
MILLS COUNTY,333,53 Years,70,38,32,52,26,26,0,0,0,0,0,0,1,1,0,17,11,6
MILLS COUNTY,333,54 Years,61,31,30,49,24,25,0,0,0,0,0,0,2,1,1,10,6,4
MILLS COUNTY,333,55 Years,61,30,31,48,21,27,1,1,0,0,0,0,1,0,1,11,8,3
MILLS COUNTY,333,56 Years,66,32,34,55,25,30,1,0,1,0,0,0,2,1,1,8,6,2
MILLS COUNTY,333,57 Years,75,36,39,62,29,33,0,0,0,0,0,0,1,0,1,12,7,5
MILLS COUNTY,333,58 Years,64,33,31,58,30,28,0,0,0,0,0,0,1,0,1,5,3,2
MILLS COUNTY,333,59 Years,56,24,32,50,22,28,0,0,0,0,0,0,0,0,0,6,2,4
MILLS COUNTY,333,60 Years,69,31,38,61,27,34,0,0,0,0,0,0,1,0,1,7,4,3
MILLS COUNTY,333,61 Years,74,33,41,62,27,35,0,0,0,1,0,1,2,1,1,9,5,4
MILLS COUNTY,333,62 Years,83,36,47,72,30,42,0,0,0,0,0,0,1,0,1,10,6,4
MILLS COUNTY,333,63 Years,86,46,40,75,40,35,0,0,0,0,0,0,1,0,1,10,6,4
MILLS COUNTY,333,64 Years,74,36,38,66,32,34,1,0,1,0,0,0,0,0,0,7,4,3
MILLS COUNTY,333,65 Years,74,35,39,64,29,35,0,0,0,1,1,0,0,0,0,9,5,4
MILLS COUNTY,333,66 Years,71,29,42,61,26,35,0,0,0,0,0,0,1,0,1,9,3,6
MILLS COUNTY,333,67 Years,77,42,35,68,38,30,0,0,0,0,0,0,1,1,0,8,3,5
MILLS COUNTY,333,68 Years,78,37,41,69,33,36,0,0,0,0,0,0,1,1,0,8,3,5
MILLS COUNTY,333,69 Years,78,34,44,68,30,38,0,0,0,0,0,0,1,1,0,9,3,6
MILLS COUNTY,333,70 Years,67,35,32,62,33,29,0,0,0,0,0,0,1,0,1,4,2,2
MILLS COUNTY,333,71 Years,67,36,31,63,33,30,0,0,0,0,0,0,0,0,0,4,3,1
MILLS COUNTY,333,72 Years,64,33,31,61,32,29,0,0,0,0,0,0,1,0,1,2,1,1
MILLS COUNTY,333,73 Years,70,31,39,63,28,35,0,0,0,0,0,0,1,0,1,6,3,3
MILLS COUNTY,333,74 Years,72,39,33,68,37,31,0,0,0,0,0,0,1,1,0,3,1,2
MILLS COUNTY,333,75 Years,72,40,32,66,37,29,0,0,0,0,0,0,0,0,0,6,3,3
MILLS COUNTY,333,76 Years,64,34,30,62,33,29,0,0,0,0,0,0,0,0,0,2,1,1
MILLS COUNTY,333,77 Years,54,33,21,48,30,18,0,0,0,0,0,0,0,0,0,6,3,3
MILLS COUNTY,333,78 Years,42,26,16,37,22,15,0,0,0,0,0,0,1,1,0,4,3,1
MILLS COUNTY,333,79 Years,49,22,27,41,18,23,0,0,0,0,0,0,1,1,0,7,3,4
MILLS COUNTY,333,80 Years,41,20,21,37,17,20,0,0,0,0,0,0,1,1,0,3,2,1
MILLS COUNTY,333,81 Years,35,18,17,33,16,17,0,0,0,0,0,0,1,1,0,1,1,0
MILLS COUNTY,333,82 Years,31,16,15,27,15,12,0,0,0,0,0,0,0,0,0,4,1,3
MILLS COUNTY,333,83 Years,22,11,11,18,9,9,0,0,0,0,0,0,0,0,0,4,2,2
MILLS COUNTY,333,84 Years,27,11,16,23,9,14,0,0,0,0,0,0,0,0,0,4,2,2
MILLS COUNTY,333,85 Years,29,14,15,23,10,13,0,0,0,0,0,0,0,0,0,6,4,2
MILLS COUNTY,333,86 Years,27,13,14,23,11,12,0,0,0,0,0,0,0,0,0,4,2,2
MILLS COUNTY,333,87 Years,26,9,17,23,8,15,0,0,0,0,0,0,0,0,0,3,1,2
MILLS COUNTY,333,88 Years,19,6,13,18,5,13,0,0,0,0,0,0,1,1,0,0,0,0
MILLS COUNTY,333,89 Years,16,4,12,13,3,10,0,0,0,0,0,0,1,0,1,2,1,1
MILLS COUNTY,333,90 Years,16,5,11,13,2,11,0,0,0,0,0,0,0,0,0,3,3,0
MILLS COUNTY,333,91 Years,18,7,11,16,6,10,0,0,0,0,0,0,0,0,0,2,1,1
MILLS COUNTY,333,92 Years,11,5,6,9,5,4,0,0,0,0,0,0,0,0,0,2,0,2
MILLS COUNTY,333,93 Years,12,6,6,10,5,5,0,0,0,0,0,0,0,0,0,2,1,1
MILLS COUNTY,333,94 Years,8,4,4,6,3,3,0,0,0,0,0,0,0,0,0,2,1,1
MILLS COUNTY,333,95 Years +,20,7,13,15,4,11,0,0,0,0,0,0,1,0,1,4,3,1
MITCHELL COUNTY,335,All Ages,8263,4937,3326,4006,2117,1889,882,773,109,29,18,11,108,56,52,3238,1973,1265
MITCHELL COUNTY,335,< 1 Year,96,49,47,37,19,18,2,1,1,1,1,0,3,2,1,53,26,27
MITCHELL COUNTY,335,1 Years,95,49,46,36,19,17,2,1,1,2,1,1,3,2,1,52,26,26
MITCHELL COUNTY,335,2 Years,92,45,47,38,21,17,1,1,0,0,0,0,2,1,1,51,22,29
MITCHELL COUNTY,335,3 Years,88,41,47,39,20,19,1,0,1,0,0,0,0,0,0,48,21,27
MITCHELL COUNTY,335,4 Years,86,38,48,36,18,18,1,0,1,0,0,0,2,1,1,47,19,28
MITCHELL COUNTY,335,5 Years,90,42,48,36,19,17,0,0,0,0,0,0,3,1,2,51,22,29
MITCHELL COUNTY,335,6 Years,94,48,46,37,22,15,0,0,0,1,0,1,4,2,2,52,24,28
MITCHELL COUNTY,335,7 Years,96,46,50,38,20,18,0,0,0,0,0,0,4,2,2,54,24,30
MITCHELL COUNTY,335,8 Years,83,41,42,36,13,23,1,0,1,0,0,0,3,1,2,43,27,16
MITCHELL COUNTY,335,9 Years,85,37,48,41,17,24,3,0,3,0,0,0,1,0,1,40,20,20
MITCHELL COUNTY,335,10 Years,85,41,44,39,20,19,2,1,1,0,0,0,3,1,2,41,19,22
MITCHELL COUNTY,335,11 Years,85,42,43,39,21,18,3,0,3,1,1,0,1,0,1,41,20,21
MITCHELL COUNTY,335,12 Years,81,41,40,40,21,19,2,1,1,0,0,0,1,0,1,38,19,19
MITCHELL COUNTY,335,13 Years,68,40,28,28,17,11,3,2,1,0,0,0,2,1,1,35,20,15
MITCHELL COUNTY,335,14 Years,85,45,40,42,21,21,5,2,3,0,0,0,1,1,0,37,21,16
MITCHELL COUNTY,335,15 Years,80,42,38,36,18,18,6,2,4,1,0,1,1,1,0,36,21,15
MITCHELL COUNTY,335,16 Years,79,41,38,41,21,20,8,5,3,0,0,0,0,0,0,30,15,15
MITCHELL COUNTY,335,17 Years,89,44,45,49,24,25,4,3,1,0,0,0,0,0,0,36,17,19
MITCHELL COUNTY,335,18 Years,112,72,40,50,28,22,9,8,1,0,0,0,3,2,1,50,34,16
MITCHELL COUNTY,335,19 Years,117,80,37,48,32,16,19,16,3,1,1,0,1,1,0,48,30,18
MITCHELL COUNTY,335,20 Years,155,117,38,57,38,19,25,24,1,1,1,0,0,0,0,72,54,18
MITCHELL COUNTY,335,21 Years,162,127,35,57,36,21,43,42,1,0,0,0,2,1,1,60,48,12
MITCHELL COUNTY,335,22 Years,175,135,40,57,38,19,45,44,1,0,0,0,4,3,1,69,50,19
MITCHELL COUNTY,335,23 Years,180,128,52,62,35,27,36,35,1,1,0,1,2,2,0,79,56,23
MITCHELL COUNTY,335,24 Years,189,137,52,70,44,26,36,33,3,1,1,0,1,1,0,81,58,23
MITCHELL COUNTY,335,25 Years,169,130,39,53,36,17,49,45,4,1,1,0,0,0,0,66,48,18
MITCHELL COUNTY,335,26 Years,167,128,39,51,34,17,39,37,2,1,0,1,3,2,1,73,55,18
MITCHELL COUNTY,335,27 Years,159,125,34,59,43,16,28,26,2,1,1,0,1,0,1,70,55,15
MITCHELL COUNTY,335,28 Years,160,125,35,48,35,13,38,36,2,0,0,0,0,0,0,74,54,20
MITCHELL COUNTY,335,29 Years,136,105,31,48,32,16,29,27,2,0,0,0,3,3,0,56,43,13
MITCHELL COUNTY,335,30 Years,117,87,30,29,18,11,33,31,2,0,0,0,1,1,0,54,37,17
MITCHELL COUNTY,335,31 Years,116,85,31,37,22,15,25,24,1,0,0,0,1,1,0,53,38,15
MITCHELL COUNTY,335,32 Years,106,77,29,36,20,16,21,21,0,0,0,0,2,0,2,47,36,11
MITCHELL COUNTY,335,33 Years,120,82,38,41,25,16,23,23,0,1,1,0,4,2,2,51,31,20
MITCHELL COUNTY,335,34 Years,122,88,34,40,24,16,22,22,0,1,0,1,1,0,1,58,42,16
MITCHELL COUNTY,335,35 Years,115,80,35,42,22,20,19,19,0,1,0,1,3,3,0,50,36,14
MITCHELL COUNTY,335,36 Years,116,84,32,45,26,19,22,22,0,1,1,0,0,0,0,48,35,13
MITCHELL COUNTY,335,37 Years,113,72,41,48,22,26,19,19,0,0,0,0,0,0,0,46,31,15
MITCHELL COUNTY,335,38 Years,126,80,46,58,28,30,18,17,1,0,0,0,1,0,1,49,35,14
MITCHELL COUNTY,335,39 Years,115,79,36,56,33,23,12,10,2,0,0,0,2,1,1,45,35,10
MITCHELL COUNTY,335,40 Years,95,67,28,51,31,20,10,9,1,0,0,0,1,0,1,33,27,6
MITCHELL COUNTY,335,41 Years,100,66,34,50,25,25,12,12,0,0,0,0,2,2,0,36,27,9
MITCHELL COUNTY,335,42 Years,97,72,25,39,24,15,15,15,0,0,0,0,1,1,0,42,32,10
MITCHELL COUNTY,335,43 Years,103,75,28,43,25,18,18,18,0,1,1,0,1,1,0,40,30,10
MITCHELL COUNTY,335,44 Years,108,79,29,54,33,21,14,12,2,1,1,0,0,0,0,39,33,6
MITCHELL COUNTY,335,45 Years,89,57,32,41,21,20,9,8,1,2,2,0,0,0,0,37,26,11
MITCHELL COUNTY,335,46 Years,88,56,32,38,21,17,8,8,0,1,1,0,0,0,0,41,26,15
MITCHELL COUNTY,335,47 Years,107,63,44,51,26,25,8,7,1,1,1,0,0,0,0,47,29,18
MITCHELL COUNTY,335,48 Years,106,58,48,53,28,25,12,10,2,0,0,0,0,0,0,41,20,21
MITCHELL COUNTY,335,49 Years,86,52,34,44,23,21,8,6,2,0,0,0,0,0,0,34,23,11
MITCHELL COUNTY,335,50 Years,79,54,25,38,24,14,9,9,0,0,0,0,3,2,1,29,19,10
MITCHELL COUNTY,335,51 Years,85,47,38,43,23,20,6,4,2,0,0,0,2,1,1,34,19,15
MITCHELL COUNTY,335,52 Years,96,56,40,52,30,22,12,9,3,1,0,1,1,0,1,30,17,13
MITCHELL COUNTY,335,53 Years,94,54,40,50,28,22,10,7,3,1,0,1,1,1,0,32,18,14
MITCHELL COUNTY,335,54 Years,81,44,37,43,22,21,8,6,2,0,0,0,1,0,1,29,16,13
MITCHELL COUNTY,335,55 Years,85,47,38,53,29,24,1,1,0,0,0,0,1,0,1,30,17,13
MITCHELL COUNTY,335,56 Years,82,42,40,55,28,27,3,1,2,1,0,1,0,0,0,23,13,10
MITCHELL COUNTY,335,57 Years,74,38,36,44,22,22,1,1,0,0,0,0,0,0,0,29,15,14
MITCHELL COUNTY,335,58 Years,93,51,42,66,34,32,1,1,0,0,0,0,1,1,0,25,15,10
MITCHELL COUNTY,335,59 Years,89,47,42,62,34,28,2,0,2,0,0,0,1,0,1,24,13,11
MITCHELL COUNTY,335,60 Years,91,41,50,62,30,32,1,0,1,0,0,0,1,0,1,27,11,16
MITCHELL COUNTY,335,61 Years,76,35,41,54,23,31,2,1,1,0,0,0,1,1,0,19,10,9
MITCHELL COUNTY,335,62 Years,77,37,40,54,26,28,3,1,2,0,0,0,0,0,0,20,10,10
MITCHELL COUNTY,335,63 Years,91,47,44,64,33,31,2,0,2,1,1,0,2,1,1,22,12,10
MITCHELL COUNTY,335,64 Years,98,49,49,71,34,37,3,2,1,1,1,0,1,1,0,22,11,11
MITCHELL COUNTY,335,65 Years,89,44,45,61,31,30,3,2,1,0,0,0,0,0,0,25,11,14
MITCHELL COUNTY,335,66 Years,91,46,45,62,31,31,4,2,2,0,0,0,1,0,1,24,13,11
MITCHELL COUNTY,335,67 Years,88,34,54,57,25,32,3,2,1,0,0,0,2,0,2,26,7,19
MITCHELL COUNTY,335,68 Years,83,38,45,57,27,30,3,1,2,0,0,0,1,0,1,22,10,12
MITCHELL COUNTY,335,69 Years,72,35,37,48,22,26,1,0,1,0,0,0,1,1,0,22,12,10
MITCHELL COUNTY,335,70 Years,72,35,37,49,23,26,1,1,0,0,0,0,0,0,0,22,11,11
MITCHELL COUNTY,335,71 Years,77,38,39,59,28,31,0,0,0,0,0,0,0,0,0,18,10,8
MITCHELL COUNTY,335,72 Years,66,30,36,49,19,30,1,0,1,0,0,0,0,0,0,16,11,5
MITCHELL COUNTY,335,73 Years,64,29,35,46,20,26,1,1,0,1,0,1,1,0,1,15,8,7
MITCHELL COUNTY,335,74 Years,62,26,36,41,16,25,4,1,3,0,0,0,1,1,0,16,8,8
MITCHELL COUNTY,335,75 Years,57,23,34,39,15,24,3,2,1,0,0,0,0,0,0,15,6,9
MITCHELL COUNTY,335,76 Years,55,28,27,40,24,16,2,1,1,0,0,0,0,0,0,13,3,10
MITCHELL COUNTY,335,77 Years,52,21,31,35,15,20,2,1,1,0,0,0,2,1,1,13,4,9
MITCHELL COUNTY,335,78 Years,38,16,22,25,8,17,1,1,0,0,0,0,1,1,0,11,6,5
MITCHELL COUNTY,335,79 Years,40,17,23,28,12,16,3,2,1,0,0,0,0,0,0,9,3,6
MITCHELL COUNTY,335,80 Years,39,15,24,29,12,17,0,0,0,0,0,0,0,0,0,10,3,7
MITCHELL COUNTY,335,81 Years,41,20,21,29,15,14,1,1,0,0,0,0,0,0,0,11,4,7
MITCHELL COUNTY,335,82 Years,39,20,19,23,12,11,3,2,1,0,0,0,1,1,0,12,5,7
MITCHELL COUNTY,335,83 Years,32,13,19,22,7,15,1,1,0,0,0,0,1,0,1,8,5,3
MITCHELL COUNTY,335,84 Years,24,8,16,16,5,11,0,0,0,0,0,0,1,0,1,7,3,4
MITCHELL COUNTY,335,85 Years,26,11,15,14,8,6,2,1,1,0,0,0,0,0,0,10,2,8
MITCHELL COUNTY,335,86 Years,25,11,14,16,8,8,0,0,0,0,0,0,2,0,2,7,3,4
MITCHELL COUNTY,335,87 Years,30,11,19,20,8,12,3,1,2,0,0,0,2,0,2,5,2,3
MITCHELL COUNTY,335,88 Years,21,6,15,16,4,12,0,0,0,0,0,0,1,0,1,4,2,2
MITCHELL COUNTY,335,89 Years,16,6,10,12,4,8,0,0,0,0,0,0,0,0,0,4,2,2
MITCHELL COUNTY,335,90 Years,19,8,11,13,6,7,0,0,0,0,0,0,0,0,0,6,2,4
MITCHELL COUNTY,335,91 Years,16,5,11,12,4,8,0,0,0,0,0,0,0,0,0,4,1,3
MITCHELL COUNTY,335,92 Years,14,3,11,10,3,7,1,0,1,0,0,0,0,0,0,3,0,3
MITCHELL COUNTY,335,93 Years,13,5,8,7,3,4,3,1,2,0,0,0,0,0,0,3,1,2
MITCHELL COUNTY,335,94 Years,9,3,6,5,2,3,1,0,1,0,0,0,0,0,0,3,1,2
MITCHELL COUNTY,335,95 Years +,19,3,16,11,1,10,3,1,2,0,0,0,0,0,0,5,1,4
MONTAGUE COUNTY,337,All Ages,19630,9690,9940,16846,8300,8546,71,46,25,62,27,35,400,179,221,2251,1138,1113
MONTAGUE COUNTY,337,< 1 Year,222,115,107,165,83,82,10,5,5,0,0,0,6,3,3,41,24,17
MONTAGUE COUNTY,337,1 Years,232,115,117,171,84,87,6,2,4,1,0,1,6,2,4,48,27,21
MONTAGUE COUNTY,337,2 Years,249,123,126,182,89,93,5,3,2,0,0,0,5,2,3,57,29,28
MONTAGUE COUNTY,337,3 Years,251,127,124,182,91,91,0,0,0,0,0,0,7,4,3,62,32,30
MONTAGUE COUNTY,337,4 Years,240,122,118,176,89,87,0,0,0,0,0,0,9,6,3,55,27,28
MONTAGUE COUNTY,337,5 Years,239,125,114,177,91,86,4,2,2,0,0,0,7,5,2,51,27,24
MONTAGUE COUNTY,337,6 Years,237,121,116,176,91,85,4,2,2,2,0,2,5,2,3,50,26,24
MONTAGUE COUNTY,337,7 Years,251,136,115,191,106,85,0,0,0,0,0,0,5,2,3,55,28,27
MONTAGUE COUNTY,337,8 Years,271,145,126,202,117,85,2,1,1,0,0,0,5,3,2,62,24,38
MONTAGUE COUNTY,337,9 Years,244,128,116,184,98,86,2,2,0,0,0,0,4,2,2,54,26,28
MONTAGUE COUNTY,337,10 Years,249,130,119,195,100,95,1,1,0,0,0,0,8,4,4,45,25,20
MONTAGUE COUNTY,337,11 Years,244,135,109,192,104,88,1,1,0,0,0,0,7,3,4,44,27,17
MONTAGUE COUNTY,337,12 Years,217,120,97,163,89,74,1,0,1,2,2,0,6,3,3,45,26,19
MONTAGUE COUNTY,337,13 Years,232,128,104,176,93,83,2,2,0,1,1,0,6,4,2,47,28,19
MONTAGUE COUNTY,337,14 Years,251,130,121,189,93,96,1,1,0,1,0,1,9,4,5,51,32,19
MONTAGUE COUNTY,337,15 Years,232,127,105,175,94,81,1,0,1,1,1,0,7,2,5,48,30,18
MONTAGUE COUNTY,337,16 Years,248,143,105,182,102,80,1,1,0,1,0,1,9,4,5,55,36,19
MONTAGUE COUNTY,337,17 Years,242,121,121,192,92,100,1,1,0,1,1,0,7,4,3,41,23,18
MONTAGUE COUNTY,337,18 Years,197,89,108,153,74,79,1,0,1,1,1,0,4,2,2,38,12,26
MONTAGUE COUNTY,337,19 Years,191,99,92,147,76,71,1,0,1,1,1,0,7,5,2,35,17,18
MONTAGUE COUNTY,337,20 Years,189,93,96,153,74,79,2,0,2,1,1,0,5,3,2,28,15,13
MONTAGUE COUNTY,337,21 Years,179,84,95,144,69,75,2,1,1,1,1,0,6,4,2,26,9,17
MONTAGUE COUNTY,337,22 Years,175,79,96,141,67,74,1,1,0,0,0,0,8,3,5,25,8,17
MONTAGUE COUNTY,337,23 Years,181,84,97,144,68,76,1,0,1,0,0,0,8,3,5,28,13,15
MONTAGUE COUNTY,337,24 Years,198,99,99,156,80,76,2,2,0,0,0,0,4,1,3,36,16,20
MONTAGUE COUNTY,337,25 Years,222,113,109,177,89,88,1,1,0,1,0,1,10,5,5,33,18,15
MONTAGUE COUNTY,337,26 Years,238,117,121,197,100,97,3,3,0,0,0,0,7,3,4,31,11,20
MONTAGUE COUNTY,337,27 Years,210,112,98,163,93,70,1,1,0,1,1,0,3,1,2,42,16,26
MONTAGUE COUNTY,337,28 Years,240,121,119,205,103,102,0,0,0,0,0,0,1,0,1,34,18,16
MONTAGUE COUNTY,337,29 Years,249,118,131,213,102,111,0,0,0,0,0,0,2,2,0,34,14,20
MONTAGUE COUNTY,337,30 Years,226,97,129,193,81,112,0,0,0,0,0,0,3,1,2,30,15,15
MONTAGUE COUNTY,337,31 Years,212,93,119,176,77,99,0,0,0,0,0,0,5,2,3,31,14,17
MONTAGUE COUNTY,337,32 Years,223,124,99,194,107,87,0,0,0,0,0,0,4,2,2,25,15,10
MONTAGUE COUNTY,337,33 Years,203,107,96,168,88,80,1,1,0,0,0,0,1,0,1,33,18,15
MONTAGUE COUNTY,337,34 Years,209,99,110,172,80,92,2,2,0,1,0,1,1,0,1,33,17,16
MONTAGUE COUNTY,337,35 Years,217,110,107,179,89,90,1,1,0,1,1,0,8,6,2,28,13,15
MONTAGUE COUNTY,337,36 Years,208,104,104,172,83,89,0,0,0,2,2,0,3,3,0,31,16,15
MONTAGUE COUNTY,337,37 Years,220,107,113,192,93,99,0,0,0,2,1,1,4,2,2,22,11,11
MONTAGUE COUNTY,337,38 Years,218,116,102,186,100,86,0,0,0,2,0,2,3,1,2,27,15,12
MONTAGUE COUNTY,337,39 Years,187,98,89,159,84,75,0,0,0,1,0,1,2,0,2,25,14,11
MONTAGUE COUNTY,337,40 Years,206,107,99,177,90,87,0,0,0,2,1,1,2,0,2,25,16,9
MONTAGUE COUNTY,337,41 Years,197,93,104,167,77,90,0,0,0,1,1,0,3,0,3,26,15,11
MONTAGUE COUNTY,337,42 Years,196,97,99,168,83,85,0,0,0,2,1,1,4,2,2,22,11,11
MONTAGUE COUNTY,337,43 Years,207,96,111,176,82,94,0,0,0,1,1,0,1,1,0,29,12,17
MONTAGUE COUNTY,337,44 Years,214,103,111,178,90,88,1,1,0,1,0,1,5,2,3,29,10,19
MONTAGUE COUNTY,337,45 Years,230,132,98,195,119,76,1,1,0,1,0,1,4,1,3,29,11,18
MONTAGUE COUNTY,337,46 Years,210,113,97,185,102,83,0,0,0,1,0,1,3,2,1,21,9,12
MONTAGUE COUNTY,337,47 Years,235,123,112,210,114,96,0,0,0,2,0,2,3,0,3,20,9,11
MONTAGUE COUNTY,337,48 Years,215,106,109,194,98,96,1,0,1,1,0,1,1,0,1,18,8,10
MONTAGUE COUNTY,337,49 Years,235,109,126,199,97,102,1,1,0,3,0,3,5,3,2,27,8,19
MONTAGUE COUNTY,337,50 Years,209,94,115,179,84,95,1,1,0,4,0,4,3,1,2,22,8,14
MONTAGUE COUNTY,337,51 Years,237,123,114,214,113,101,0,0,0,1,0,1,3,2,1,19,8,11
MONTAGUE COUNTY,337,52 Years,270,138,132,243,126,117,0,0,0,0,0,0,6,3,3,21,9,12
MONTAGUE COUNTY,337,53 Years,265,131,134,235,121,114,0,0,0,0,0,0,4,0,4,26,10,16
MONTAGUE COUNTY,337,54 Years,245,116,129,219,108,111,0,0,0,0,0,0,2,0,2,24,8,16
MONTAGUE COUNTY,337,55 Years,264,130,134,238,118,120,0,0,0,1,1,0,5,2,3,20,9,11
MONTAGUE COUNTY,337,56 Years,293,154,139,258,135,123,1,1,0,1,1,0,10,4,6,23,13,10
MONTAGUE COUNTY,337,57 Years,305,147,158,270,129,141,1,1,0,1,0,1,8,3,5,25,14,11
MONTAGUE COUNTY,337,58 Years,320,159,161,288,142,146,0,0,0,1,1,0,6,3,3,25,13,12
MONTAGUE COUNTY,337,59 Years,282,137,145,257,123,134,0,0,0,0,0,0,8,3,5,17,11,6
MONTAGUE COUNTY,337,60 Years,291,143,148,270,131,139,0,0,0,1,1,0,2,0,2,18,11,7
MONTAGUE COUNTY,337,61 Years,303,146,157,274,131,143,1,1,0,1,0,1,8,3,5,19,11,8
MONTAGUE COUNTY,337,62 Years,272,135,137,249,119,130,0,0,0,1,1,0,7,4,3,15,11,4
MONTAGUE COUNTY,337,63 Years,277,131,146,258,121,137,1,1,0,0,0,0,6,2,4,12,7,5
MONTAGUE COUNTY,337,64 Years,269,124,145,252,114,138,0,0,0,1,0,1,5,3,2,11,7,4
MONTAGUE COUNTY,337,65 Years,241,111,130,232,106,126,0,0,0,1,1,0,2,1,1,6,3,3
MONTAGUE COUNTY,337,66 Years,249,123,126,240,118,122,0,0,0,1,0,1,3,2,1,5,3,2
MONTAGUE COUNTY,337,67 Years,244,123,121,235,118,117,1,1,0,0,0,0,2,1,1,6,3,3
MONTAGUE COUNTY,337,68 Years,249,113,136,240,109,131,0,0,0,1,1,0,2,1,1,6,2,4
MONTAGUE COUNTY,337,69 Years,265,114,151,252,110,142,0,0,0,0,0,0,5,2,3,8,2,6
MONTAGUE COUNTY,337,70 Years,272,126,146,258,121,137,0,0,0,0,0,0,5,2,3,9,3,6
MONTAGUE COUNTY,337,71 Years,260,134,126,243,123,120,0,0,0,1,1,0,7,4,3,9,6,3
MONTAGUE COUNTY,337,72 Years,228,112,116,215,104,111,0,0,0,1,1,0,5,2,3,7,5,2
MONTAGUE COUNTY,337,73 Years,207,90,117,200,86,114,0,0,0,0,0,0,2,0,2,5,4,1
MONTAGUE COUNTY,337,74 Years,216,104,112,207,99,108,0,0,0,0,0,0,3,1,2,6,4,2
MONTAGUE COUNTY,337,75 Years,205,95,110,196,88,108,0,0,0,0,0,0,3,2,1,6,5,1
MONTAGUE COUNTY,337,76 Years,193,91,102,182,83,99,0,0,0,0,0,0,4,2,2,7,6,1
MONTAGUE COUNTY,337,77 Years,160,85,75,153,80,73,0,0,0,0,0,0,3,3,0,4,2,2
MONTAGUE COUNTY,337,78 Years,134,68,66,126,64,62,0,0,0,0,0,0,2,1,1,6,3,3
MONTAGUE COUNTY,337,79 Years,138,69,69,135,66,69,0,0,0,0,0,0,0,0,0,3,3,0
MONTAGUE COUNTY,337,80 Years,150,65,85,147,64,83,0,0,0,0,0,0,2,1,1,1,0,1
MONTAGUE COUNTY,337,81 Years,143,66,77,139,64,75,0,0,0,0,0,0,2,0,2,2,2,0
MONTAGUE COUNTY,337,82 Years,130,57,73,121,52,69,0,0,0,0,0,0,4,1,3,5,4,1
MONTAGUE COUNTY,337,83 Years,109,46,63,102,44,58,0,0,0,0,0,0,3,0,3,4,2,2
MONTAGUE COUNTY,337,84 Years,99,47,52,96,46,50,0,0,0,0,0,0,1,0,1,2,1,1
MONTAGUE COUNTY,337,85 Years,94,41,53,90,41,49,0,0,0,0,0,0,2,0,2,2,0,2
MONTAGUE COUNTY,337,86 Years,84,35,49,78,34,44,0,0,0,1,0,1,1,0,1,4,1,3
MONTAGUE COUNTY,337,87 Years,70,30,40,66,29,37,0,0,0,1,0,1,1,0,1,2,1,1
MONTAGUE COUNTY,337,88 Years,58,22,36,54,20,34,0,0,0,0,0,0,1,1,0,3,1,2
MONTAGUE COUNTY,337,89 Years,51,20,31,49,20,29,0,0,0,0,0,0,0,0,0,2,0,2
MONTAGUE COUNTY,337,90 Years,41,16,25,40,16,24,0,0,0,0,0,0,0,0,0,1,0,1
MONTAGUE COUNTY,337,91 Years,36,14,22,34,13,21,0,0,0,0,0,0,1,0,1,1,1,0
MONTAGUE COUNTY,337,92 Years,28,10,18,27,10,17,0,0,0,0,0,0,1,0,1,0,0,0
MONTAGUE COUNTY,337,93 Years,21,6,15,20,6,14,0,0,0,0,0,0,1,0,1,0,0,0
MONTAGUE COUNTY,337,94 Years,18,4,14,16,4,12,0,0,0,1,0,1,1,0,1,0,0,0
MONTAGUE COUNTY,337,95 Years +,47,12,35,46,12,34,0,0,0,1,0,1,0,0,0,0,0,0
MONTGOMERY COUNTY,339,All Ages,594453,294210,300243,389735,192113,197622,28369,13974,14395,16896,7736,9160,13006,6287,6719,146447,74100,72347
MONTGOMERY COUNTY,339,< 1 Year,7204,3621,3583,3605,1808,1797,392,199,193,165,86,79,284,145,139,2758,1383,1375
MONTGOMERY COUNTY,339,1 Years,7504,3793,3711,3766,1915,1851,402,204,198,171,90,81,289,147,142,2876,1437,1439
MONTGOMERY COUNTY,339,2 Years,7788,3968,3820,3989,2025,1964,386,192,194,187,99,88,302,151,151,2924,1501,1423
MONTGOMERY COUNTY,339,3 Years,8014,4102,3912,4177,2123,2054,380,195,185,196,104,92,313,157,156,2948,1523,1425
MONTGOMERY COUNTY,339,4 Years,8055,4111,3944,4261,2155,2106,367,191,176,222,121,101,326,166,160,2879,1478,1401
MONTGOMERY COUNTY,339,5 Years,7951,4023,3928,4241,2134,2107,355,187,168,208,110,98,308,158,150,2839,1434,1405
MONTGOMERY COUNTY,339,6 Years,7933,4016,3917,4274,2149,2125,349,185,164,197,103,94,291,149,142,2822,1430,1392
MONTGOMERY COUNTY,339,7 Years,8087,4091,3996,4321,2160,2161,357,193,164,193,94,99,268,131,137,2948,1513,1435
MONTGOMERY COUNTY,339,8 Years,7996,4190,3806,4243,2244,1999,352,172,180,194,110,84,242,124,118,2965,1540,1425
MONTGOMERY COUNTY,339,9 Years,8654,4466,4188,4666,2438,2228,396,197,199,206,108,98,288,149,139,3098,1574,1524
MONTGOMERY COUNTY,339,10 Years,8954,4586,4368,4865,2538,2327,444,222,222,217,111,106,286,141,145,3142,1574,1568
MONTGOMERY COUNTY,339,11 Years,9015,4585,4430,4911,2513,2398,439,236,203,224,120,104,274,141,133,3167,1575,1592
MONTGOMERY COUNTY,339,12 Years,8925,4599,4326,4840,2539,2301,469,222,247,233,110,123,285,150,135,3098,1578,1520
MONTGOMERY COUNTY,339,13 Years,8824,4488,4336,4805,2460,2345,415,217,198,210,114,96,310,141,169,3084,1556,1528
MONTGOMERY COUNTY,339,14 Years,8832,4572,4260,4901,2553,2348,445,236,209,227,116,111,312,157,155,2947,1510,1437
MONTGOMERY COUNTY,339,15 Years,8843,4593,4250,4959,2588,2371,489,251,238,223,97,126,272,143,129,2900,1514,1386
MONTGOMERY COUNTY,339,16 Years,8740,4487,4253,4879,2531,2348,492,249,243,227,95,132,275,156,119,2867,1456,1411
MONTGOMERY COUNTY,339,17 Years,8690,4470,4220,4821,2484,2337,493,277,216,243,101,142,268,141,127,2865,1467,1398
MONTGOMERY COUNTY,339,18 Years,8136,4198,3938,4552,2387,2165,455,238,217,219,100,119,250,123,127,2660,1350,1310
MONTGOMERY COUNTY,339,19 Years,7252,3789,3463,3976,2076,1900,452,229,223,165,79,86,233,114,119,2426,1291,1135
MONTGOMERY COUNTY,339,20 Years,6886,3592,3294,3807,1967,1840,443,233,210,166,84,82,220,109,111,2250,1199,1051
MONTGOMERY COUNTY,339,21 Years,7046,3652,3394,3900,2041,1859,432,224,208,177,82,95,230,113,117,2307,1192,1115
MONTGOMERY COUNTY,339,22 Years,7301,3685,3616,4125,2091,2034,463,237,226,202,98,104,241,123,118,2270,1136,1134
MONTGOMERY COUNTY,339,23 Years,7615,3786,3829,4544,2265,2279,430,221,209,200,95,105,240,112,128,2201,1093,1108
MONTGOMERY COUNTY,339,24 Years,7969,3943,4026,4815,2362,2453,459,234,225,245,104,141,217,99,118,2233,1144,1089
MONTGOMERY COUNTY,339,25 Years,8390,4205,4185,5168,2560,2608,485,262,223,272,130,142,203,85,118,2262,1168,1094
MONTGOMERY COUNTY,339,26 Years,8343,4202,4141,5284,2663,2621,457,234,223,226,107,119,181,87,94,2195,1111,1084
MONTGOMERY COUNTY,339,27 Years,7780,3943,3837,4795,2420,2375,420,225,195,224,104,120,168,94,74,2173,1100,1073
MONTGOMERY COUNTY,339,28 Years,7724,3943,3781,4841,2479,2362,387,192,195,261,106,155,139,65,74,2096,1101,995
MONTGOMERY COUNTY,339,29 Years,7529,3825,3704,4763,2428,2335,370,181,189,258,97,161,119,55,64,2019,1064,955
MONTGOMERY COUNTY,339,30 Years,7414,3705,3709,4764,2370,2394,333,163,170,240,116,124,165,71,94,1912,985,927
MONTGOMERY COUNTY,339,31 Years,7690,3830,3860,5033,2454,2579,344,157,187,245,131,114,156,69,87,1912,1019,893
MONTGOMERY COUNTY,339,32 Years,7670,3815,3855,4952,2424,2528,359,172,187,224,133,91,121,56,65,2014,1030,984
MONTGOMERY COUNTY,339,33 Years,7766,3970,3796,4911,2488,2423,404,217,187,261,146,115,130,57,73,2060,1062,998
MONTGOMERY COUNTY,339,34 Years,7756,3877,3879,5024,2481,2543,372,185,187,283,123,160,136,70,66,1941,1018,923
MONTGOMERY COUNTY,339,35 Years,7984,3991,3993,5089,2530,2559,373,175,198,314,147,167,121,61,60,2087,1078,1009
MONTGOMERY COUNTY,339,36 Years,8214,4133,4081,5204,2580,2624,381,200,181,331,161,170,125,63,62,2173,1129,1044
MONTGOMERY COUNTY,339,37 Years,8166,4097,4069,5137,2545,2592,442,238,204,320,127,193,137,67,70,2130,1120,1010
MONTGOMERY COUNTY,339,38 Years,8181,4112,4069,5186,2559,2627,457,217,240,297,137,160,150,68,82,2091,1131,960
MONTGOMERY COUNTY,339,39 Years,7905,3947,3958,4961,2462,2499,405,195,210,312,150,162,141,75,66,2086,1065,1021
MONTGOMERY COUNTY,339,40 Years,7769,3746,4023,4848,2335,2513,406,207,199,307,127,180,118,49,69,2090,1028,1062
MONTGOMERY COUNTY,339,41 Years,7836,3863,3973,4870,2426,2444,413,198,215,341,156,185,131,65,66,2081,1018,1063
MONTGOMERY COUNTY,339,42 Years,7734,3847,3887,4784,2397,2387,392,185,207,284,134,150,133,58,75,2141,1073,1068
MONTGOMERY COUNTY,339,43 Years,7877,3932,3945,4958,2504,2454,371,184,187,290,115,175,118,47,71,2140,1082,1058
MONTGOMERY COUNTY,339,44 Years,7779,3781,3998,4859,2403,2456,408,195,213,314,111,203,125,49,76,2073,1023,1050
MONTGOMERY COUNTY,339,45 Years,7798,3777,4021,4803,2371,2432,410,187,223,346,147,199,107,50,57,2132,1022,1110
MONTGOMERY COUNTY,339,46 Years,8136,3977,4159,5263,2590,2673,405,207,198,355,155,200,110,42,68,2003,983,1020
MONTGOMERY COUNTY,339,47 Years,8468,4158,4310,5659,2807,2852,415,198,217,322,130,192,129,62,67,1943,961,982
MONTGOMERY COUNTY,339,48 Years,8462,4166,4296,5692,2815,2877,405,205,200,299,121,178,152,73,79,1914,952,962
MONTGOMERY COUNTY,339,49 Years,8060,3961,4099,5429,2682,2747,362,178,184,293,130,163,140,66,74,1836,905,931
MONTGOMERY COUNTY,339,50 Years,7776,3819,3957,5244,2600,2644,362,174,188,273,115,158,135,64,71,1762,866,896
MONTGOMERY COUNTY,339,51 Years,7634,3830,3804,5241,2626,2615,341,177,164,246,114,132,111,54,57,1695,859,836
MONTGOMERY COUNTY,339,52 Years,7534,3723,3811,5265,2571,2694,348,167,181,244,109,135,107,50,57,1570,826,744
MONTGOMERY COUNTY,339,53 Years,7824,3819,4005,5528,2703,2825,354,165,189,245,97,148,117,53,64,1580,801,779
MONTGOMERY COUNTY,339,54 Years,7957,3934,4023,5724,2835,2889,357,171,186,228,90,138,128,59,69,1520,779,741
MONTGOMERY COUNTY,339,55 Years,7967,3903,4064,5861,2906,2955,373,150,223,208,87,121,118,46,72,1407,714,693
MONTGOMERY COUNTY,339,56 Years,7925,3914,4011,5934,2954,2980,342,147,195,199,80,119,128,48,80,1322,685,637
MONTGOMERY COUNTY,339,57 Years,7939,3888,4051,5986,2943,3043,347,163,184,187,73,114,132,60,72,1287,649,638
MONTGOMERY COUNTY,339,58 Years,7820,3879,3941,6017,2999,3018,323,152,171,176,83,93,131,63,68,1173,582,591
MONTGOMERY COUNTY,339,59 Years,7566,3686,3880,5926,2901,3025,304,137,167,168,77,91,128,67,61,1040,504,536
MONTGOMERY COUNTY,339,60 Years,7657,3781,3876,6043,2985,3058,312,137,175,168,70,98,121,69,52,1013,520,493
MONTGOMERY COUNTY,339,61 Years,7324,3647,3677,5783,2884,2899,330,153,177,172,70,102,110,57,53,929,483,446
MONTGOMERY COUNTY,339,62 Years,7070,3438,3632,5574,2734,2840,340,161,179,144,63,81,135,60,75,877,420,457
MONTGOMERY COUNTY,339,63 Years,6789,3229,3560,5405,2576,2829,311,145,166,128,59,69,109,53,56,836,396,440
MONTGOMERY COUNTY,339,64 Years,6357,3061,3296,5157,2494,2663,265,121,144,135,65,70,94,43,51,706,338,368
MONTGOMERY COUNTY,339,65 Years,6131,2941,3190,4953,2396,2557,257,113,144,158,69,89,110,44,66,653,319,334
MONTGOMERY COUNTY,339,66 Years,5972,2832,3140,4890,2336,2554,253,110,143,147,57,90,96,45,51,586,284,302
MONTGOMERY COUNTY,339,67 Years,5559,2611,2948,4568,2161,2407,228,98,130,137,48,89,84,45,39,542,259,283
MONTGOMERY COUNTY,339,68 Years,5314,2530,2784,4377,2090,2287,218,101,117,128,54,74,75,35,40,516,250,266
MONTGOMERY COUNTY,339,69 Years,5140,2425,2715,4323,2038,2285,183,89,94,100,45,55,68,28,40,466,225,241
MONTGOMERY COUNTY,339,70 Years,5315,2502,2813,4505,2133,2372,200,112,88,118,42,76,58,22,36,434,193,241
MONTGOMERY COUNTY,339,71 Years,5104,2468,2636,4369,2116,2253,191,99,92,104,46,58,55,28,27,385,179,206
MONTGOMERY COUNTY,339,72 Years,3999,1886,2113,3423,1624,1799,133,65,68,84,36,48,49,21,28,310,140,170
MONTGOMERY COUNTY,339,73 Years,3779,1745,2034,3220,1498,1722,129,67,62,85,31,54,37,13,24,308,136,172
MONTGOMERY COUNTY,339,74 Years,3665,1681,1984,3146,1458,1688,117,50,67,86,40,46,31,13,18,285,120,165
MONTGOMERY COUNTY,339,75 Years,3504,1585,1919,3035,1389,1646,111,47,64,59,24,35,34,15,19,265,110,155
MONTGOMERY COUNTY,339,76 Years,3221,1409,1812,2806,1240,1566,103,43,60,51,19,32,27,12,15,234,95,139
MONTGOMERY COUNTY,339,77 Years,2812,1272,1540,2442,1108,1334,92,39,53,44,20,24,22,9,13,212,96,116
MONTGOMERY COUNTY,339,78 Years,2473,1117,1356,2134,959,1175,72,29,43,48,26,22,20,9,11,199,94,105
MONTGOMERY COUNTY,339,79 Years,2320,1047,1273,1962,886,1076,70,32,38,62,39,23,24,8,16,202,82,120
MONTGOMERY COUNTY,339,80 Years,2105,925,1180,1830,803,1027,56,27,29,36,23,13,19,7,12,164,65,99
MONTGOMERY COUNTY,339,81 Years,1901,814,1087,1670,719,951,47,14,33,33,17,16,14,7,7,137,57,80
MONTGOMERY COUNTY,339,82 Years,1687,717,970,1462,631,831,42,12,30,26,16,10,14,5,9,143,53,90
MONTGOMERY COUNTY,339,83 Years,1565,653,912,1370,578,792,44,18,26,18,9,9,12,5,7,121,43,78
MONTGOMERY COUNTY,339,84 Years,1429,577,852,1251,516,735,51,17,34,18,4,14,16,5,11,93,35,58
MONTGOMERY COUNTY,339,85 Years,1231,480,751,1090,423,667,45,15,30,18,10,8,10,4,6,68,28,40
MONTGOMERY COUNTY,339,86 Years,1113,450,663,985,400,585,33,13,20,15,8,7,8,3,5,72,26,46
MONTGOMERY COUNTY,339,87 Years,977,386,591,866,344,522,24,9,15,11,6,5,9,3,6,67,24,43
MONTGOMERY COUNTY,339,88 Years,901,315,586,794,280,514,25,9,16,9,4,5,7,3,4,66,19,47
MONTGOMERY COUNTY,339,89 Years,738,266,472,647,233,414,22,8,14,9,5,4,5,2,3,55,18,37
MONTGOMERY COUNTY,339,90 Years,637,223,414,566,200,366,16,4,12,8,3,5,5,2,3,42,14,28
MONTGOMERY COUNTY,339,91 Years,505,158,347,453,142,311,13,3,10,8,3,5,3,1,2,28,9,19
MONTGOMERY COUNTY,339,92 Years,403,124,279,361,110,251,12,3,9,5,1,4,4,2,2,21,8,13
MONTGOMERY COUNTY,339,93 Years,346,97,249,311,89,222,9,2,7,3,1,2,3,1,2,20,4,16
MONTGOMERY COUNTY,339,94 Years,245,71,174,219,64,155,7,2,5,3,2,1,1,0,1,15,3,12
MONTGOMERY COUNTY,339,95 Years +,578,143,435,499,119,380,25,6,19,8,4,4,3,0,3,43,14,29
MOORE COUNTY,341,All Ages,21331,10965,10366,6840,3380,3460,431,273,158,2047,1026,1021,393,232,161,11620,6054,5566
MOORE COUNTY,341,< 1 Year,320,161,159,59,29,30,21,11,10,28,12,16,2,1,1,210,108,102
MOORE COUNTY,341,1 Years,332,163,169,63,29,34,23,9,14,19,8,11,3,1,2,224,116,108
MOORE COUNTY,341,2 Years,347,173,174,71,31,40,21,9,12,29,12,17,3,2,1,223,119,104
MOORE COUNTY,341,3 Years,371,182,189,77,34,43,17,6,11,41,17,24,4,2,2,232,123,109
MOORE COUNTY,341,4 Years,382,187,195,80,38,42,16,8,8,64,25,39,4,1,3,218,115,103
MOORE COUNTY,341,5 Years,375,182,193,76,38,38,14,7,7,70,30,40,4,2,2,211,105,106
MOORE COUNTY,341,6 Years,352,174,178,75,36,39,18,9,9,54,28,26,4,2,2,201,99,102
MOORE COUNTY,341,7 Years,329,168,161,73,36,37,11,6,5,47,27,20,4,2,2,194,97,97
MOORE COUNTY,341,8 Years,303,171,132,71,42,29,7,3,4,40,35,5,3,2,1,182,89,93
MOORE COUNTY,341,9 Years,357,187,170,84,41,43,5,2,3,43,21,22,5,5,0,220,118,102
MOORE COUNTY,341,10 Years,386,194,192,71,37,34,4,2,2,54,31,23,7,2,5,250,122,128
MOORE COUNTY,341,11 Years,381,208,173,91,48,43,2,2,0,55,31,24,7,3,4,226,124,102
MOORE COUNTY,341,12 Years,365,192,173,89,48,41,3,2,1,41,19,22,8,5,3,224,118,106
MOORE COUNTY,341,13 Years,375,193,182,87,46,41,4,2,2,45,26,19,7,5,2,232,114,118
MOORE COUNTY,341,14 Years,348,182,166,73,38,35,4,2,2,38,19,19,7,5,2,226,118,108
MOORE COUNTY,341,15 Years,344,180,164,76,41,35,3,2,1,38,19,19,6,3,3,221,115,106
MOORE COUNTY,341,16 Years,333,176,157,79,44,35,5,5,0,42,18,24,6,2,4,201,107,94
MOORE COUNTY,341,17 Years,339,185,154,77,42,35,4,2,2,44,18,26,7,2,5,207,121,86
MOORE COUNTY,341,18 Years,306,164,142,70,43,27,1,0,1,35,14,21,6,3,3,194,104,90
MOORE COUNTY,341,19 Years,292,159,133,67,38,29,2,1,1,34,13,21,6,4,2,183,103,80
MOORE COUNTY,341,20 Years,294,162,132,65,32,33,2,1,1,31,13,18,7,5,2,189,111,78
MOORE COUNTY,341,21 Years,309,165,144,64,32,32,6,2,4,45,24,21,4,3,1,190,104,86
MOORE COUNTY,341,22 Years,298,166,132,65,37,28,4,2,2,29,18,11,2,2,0,198,107,91
MOORE COUNTY,341,23 Years,322,175,147,75,39,36,5,3,2,33,16,17,3,2,1,206,115,91
MOORE COUNTY,341,24 Years,304,155,149,75,35,40,3,3,0,35,15,20,6,5,1,185,97,88
MOORE COUNTY,341,25 Years,318,164,154,89,42,47,5,5,0,27,8,19,5,4,1,192,105,87
MOORE COUNTY,341,26 Years,324,167,157,95,45,50,7,6,1,34,16,18,3,2,1,185,98,87
MOORE COUNTY,341,27 Years,322,170,152,91,44,47,13,9,4,39,20,19,3,3,0,176,94,82
MOORE COUNTY,341,28 Years,345,189,156,82,46,36,17,15,2,55,30,25,3,3,0,188,95,93
MOORE COUNTY,341,29 Years,325,189,136,81,42,39,15,14,1,47,34,13,2,0,2,180,99,81
MOORE COUNTY,341,30 Years,301,191,110,77,43,34,14,14,0,48,40,8,4,4,0,158,90,68
MOORE COUNTY,341,31 Years,301,167,134,76,40,36,15,12,3,42,21,21,7,5,2,161,89,72
MOORE COUNTY,341,32 Years,283,158,125,69,37,32,17,12,5,24,12,12,9,8,1,164,89,75
MOORE COUNTY,341,33 Years,273,146,127,68,34,34,6,5,1,33,17,16,7,5,2,159,85,74
MOORE COUNTY,341,34 Years,295,151,144,76,41,35,4,3,1,33,15,18,7,5,2,175,87,88
MOORE COUNTY,341,35 Years,311,150,161,83,39,44,3,2,1,44,26,18,6,2,4,175,81,94
MOORE COUNTY,341,36 Years,310,144,166,89,46,43,6,3,3,39,21,18,7,2,5,169,72,97
MOORE COUNTY,341,37 Years,270,130,140,73,31,42,7,5,2,31,13,18,7,6,1,152,75,77
MOORE COUNTY,341,38 Years,257,126,131,72,33,39,3,3,0,36,15,21,7,7,0,139,68,71
MOORE COUNTY,341,39 Years,252,128,124,79,39,40,3,3,0,30,10,20,10,6,4,130,70,60
MOORE COUNTY,341,40 Years,271,132,139,80,37,43,3,3,0,31,13,18,11,5,6,146,74,72
MOORE COUNTY,341,41 Years,248,130,118,72,32,40,3,2,1,34,16,18,5,4,1,134,76,58
MOORE COUNTY,341,42 Years,249,128,121,77,40,37,3,2,1,35,13,22,5,4,1,129,69,60
MOORE COUNTY,341,43 Years,263,129,134,71,34,37,3,1,2,34,15,19,5,2,3,150,77,73
MOORE COUNTY,341,44 Years,231,116,115,67,34,33,3,2,1,19,11,8,5,1,4,137,68,69
MOORE COUNTY,341,45 Years,240,124,116,63,31,32,5,4,1,27,13,14,4,2,2,141,74,67
MOORE COUNTY,341,46 Years,223,115,108,72,37,35,3,2,1,20,11,9,6,2,4,122,63,59
MOORE COUNTY,341,47 Years,251,129,122,81,41,40,3,2,1,24,8,16,6,4,2,137,74,63
MOORE COUNTY,341,48 Years,262,137,125,90,46,44,3,2,1,18,9,9,3,2,1,148,78,70
MOORE COUNTY,341,49 Years,249,124,125,89,39,50,3,2,1,12,7,5,2,1,1,143,75,68
MOORE COUNTY,341,50 Years,235,112,123,72,30,42,3,2,1,13,6,7,6,5,1,141,69,72
MOORE COUNTY,341,51 Years,227,113,114,68,34,34,4,2,2,11,5,6,5,5,0,139,67,72
MOORE COUNTY,341,52 Years,231,131,100,75,43,32,6,4,2,6,2,4,4,4,0,140,78,62
MOORE COUNTY,341,53 Years,238,127,111,78,42,36,2,1,1,12,8,4,6,2,4,140,74,66
MOORE COUNTY,341,54 Years,256,126,130,100,50,50,2,1,1,25,9,16,5,4,1,124,62,62
MOORE COUNTY,341,55 Years,272,138,134,100,52,48,3,2,1,15,6,9,1,1,0,153,77,76
MOORE COUNTY,341,56 Years,243,124,119,100,57,43,4,3,1,12,6,6,4,1,3,123,57,66
MOORE COUNTY,341,57 Years,229,121,108,107,55,52,2,2,0,12,6,6,5,1,4,103,57,46
MOORE COUNTY,341,58 Years,241,123,118,112,54,58,4,3,1,12,9,3,7,4,3,106,53,53
MOORE COUNTY,341,59 Years,219,104,115,103,47,56,4,1,3,9,6,3,7,5,2,96,45,51
MOORE COUNTY,341,60 Years,227,118,109,114,58,56,4,2,2,8,5,3,4,2,2,97,51,46
MOORE COUNTY,341,61 Years,218,113,105,108,52,56,2,2,0,5,3,2,5,2,3,98,54,44
MOORE COUNTY,341,62 Years,218,106,112,105,48,57,1,0,1,5,3,2,6,3,3,101,52,49
MOORE COUNTY,341,63 Years,230,121,109,113,56,57,3,2,1,7,5,2,5,1,4,102,57,45
MOORE COUNTY,341,64 Years,198,107,91,106,52,54,2,1,1,5,4,1,6,4,2,79,46,33
MOORE COUNTY,341,65 Years,174,91,83,103,53,50,0,0,0,2,1,1,4,1,3,65,36,29
MOORE COUNTY,341,66 Years,176,85,91,104,53,51,0,0,0,4,2,2,3,0,3,65,30,35
MOORE COUNTY,341,67 Years,162,81,81,100,50,50,0,0,0,3,1,2,4,2,2,55,28,27
MOORE COUNTY,341,68 Years,158,83,75,84,40,44,2,2,0,3,3,0,3,3,0,66,35,31
MOORE COUNTY,341,69 Years,147,71,76,88,40,48,2,2,0,2,1,1,3,2,1,52,26,26
MOORE COUNTY,341,70 Years,141,65,76,85,35,50,1,1,0,1,1,0,5,4,1,49,24,25
MOORE COUNTY,341,71 Years,133,63,70,79,38,41,0,0,0,2,0,2,7,6,1,45,19,26
MOORE COUNTY,341,72 Years,108,50,58,62,31,31,0,0,0,3,0,3,4,2,2,39,17,22
MOORE COUNTY,341,73 Years,103,50,53,67,33,34,1,1,0,2,0,2,2,1,1,31,15,16
MOORE COUNTY,341,74 Years,101,48,53,75,37,38,1,1,0,0,0,0,1,0,1,24,10,14
MOORE COUNTY,341,75 Years,87,40,47,60,28,32,0,0,0,2,1,1,1,0,1,24,11,13
MOORE COUNTY,341,76 Years,87,40,47,62,30,32,1,0,1,1,1,0,1,0,1,22,9,13
MOORE COUNTY,341,77 Years,85,39,46,58,26,32,1,1,0,3,2,1,1,1,0,22,9,13
MOORE COUNTY,341,78 Years,84,44,40,55,27,28,2,2,0,2,2,0,1,1,0,24,12,12
MOORE COUNTY,341,79 Years,81,36,45,59,26,33,1,1,0,0,0,0,1,1,0,20,8,12
MOORE COUNTY,341,80 Years,71,30,41,53,24,29,0,0,0,0,0,0,0,0,0,18,6,12
MOORE COUNTY,341,81 Years,64,27,37,46,22,24,1,0,1,0,0,0,1,0,1,16,5,11
MOORE COUNTY,341,82 Years,59,27,32,43,19,24,0,0,0,1,0,1,0,0,0,15,8,7
MOORE COUNTY,341,83 Years,61,27,34,44,19,25,0,0,0,2,1,1,2,0,2,13,7,6
MOORE COUNTY,341,84 Years,45,22,23,32,14,18,0,0,0,1,1,0,1,1,0,11,6,5
MOORE COUNTY,341,85 Years,43,20,23,33,14,19,0,0,0,0,0,0,0,0,0,10,6,4
MOORE COUNTY,341,86 Years,45,23,22,33,14,19,0,0,0,1,1,0,1,0,1,10,8,2
MOORE COUNTY,341,87 Years,36,17,19,24,9,15,0,0,0,1,0,1,2,1,1,9,7,2
MOORE COUNTY,341,88 Years,35,17,18,24,11,13,0,0,0,1,0,1,2,1,1,8,5,3
MOORE COUNTY,341,89 Years,25,8,17,20,7,13,0,0,0,1,0,1,1,0,1,3,1,2
MOORE COUNTY,341,90 Years,26,10,16,20,8,12,0,0,0,0,0,0,0,0,0,6,2,4
MOORE COUNTY,341,91 Years,16,5,11,12,4,8,0,0,0,0,0,0,0,0,0,4,1,3
MOORE COUNTY,341,92 Years,15,5,10,11,3,8,0,0,0,1,1,0,0,0,0,3,1,2
MOORE COUNTY,341,93 Years,10,5,5,7,2,5,0,0,0,0,0,0,1,1,0,2,2,0
MOORE COUNTY,341,94 Years,12,5,7,7,2,5,0,0,0,0,0,0,1,0,1,4,3,1
MOORE COUNTY,341,95 Years +,21,9,12,14,4,10,0,0,0,1,1,0,0,0,0,6,4,2
MORRIS COUNTY,343,All Ages,12335,6030,6305,7998,3846,4152,2685,1329,1356,39,20,19,431,223,208,1182,612,570
MORRIS COUNTY,343,< 1 Year,158,89,69,82,48,34,28,15,13,0,0,0,19,13,6,29,13,16
MORRIS COUNTY,343,1 Years,153,87,66,77,44,33,29,16,13,0,0,0,19,13,6,28,14,14
MORRIS COUNTY,343,2 Years,159,89,70,78,43,35,33,21,12,0,0,0,22,12,10,26,13,13
MORRIS COUNTY,343,3 Years,152,84,68,74,39,35,32,21,11,0,0,0,21,11,10,25,13,12
MORRIS COUNTY,343,4 Years,154,84,70,78,40,38,36,22,14,0,0,0,17,10,7,23,12,11
MORRIS COUNTY,343,5 Years,153,79,74,80,41,39,37,22,15,0,0,0,13,6,7,23,10,13
MORRIS COUNTY,343,6 Years,158,87,71,88,48,40,40,24,16,0,0,0,8,4,4,22,11,11
MORRIS COUNTY,343,7 Years,156,89,67,87,46,41,38,25,13,0,0,0,9,6,3,22,12,10
MORRIS COUNTY,343,8 Years,167,86,81,88,45,43,40,23,17,0,0,0,13,8,5,26,10,16
MORRIS COUNTY,343,9 Years,151,83,68,76,39,37,32,21,11,0,0,0,14,8,6,29,15,14
MORRIS COUNTY,343,10 Years,141,78,63,74,40,34,32,20,12,0,0,0,10,4,6,25,14,11
MORRIS COUNTY,343,11 Years,162,86,76,92,47,45,32,18,14,0,0,0,11,6,5,27,15,12
MORRIS COUNTY,343,12 Years,166,80,86,98,48,50,24,10,14,0,0,0,9,3,6,35,19,16
MORRIS COUNTY,343,13 Years,129,64,65,72,38,34,32,17,15,0,0,0,4,1,3,21,8,13
MORRIS COUNTY,343,14 Years,162,86,76,96,51,45,34,18,16,1,1,0,9,6,3,22,10,12
MORRIS COUNTY,343,15 Years,150,90,60,78,44,34,40,26,14,0,0,0,7,5,2,25,15,10
MORRIS COUNTY,343,16 Years,124,66,58,70,38,32,26,14,12,0,0,0,9,4,5,19,10,9
MORRIS COUNTY,343,17 Years,131,74,57,78,42,36,33,22,11,0,0,0,5,2,3,15,8,7
MORRIS COUNTY,343,18 Years,128,67,61,69,36,33,26,14,12,2,1,1,8,3,5,23,13,10
MORRIS COUNTY,343,19 Years,123,63,60,60,31,29,22,11,11,1,1,0,12,5,7,28,15,13
MORRIS COUNTY,343,20 Years,122,65,57,66,34,32,26,16,10,0,0,0,7,4,3,23,11,12
MORRIS COUNTY,343,21 Years,119,57,62,60,27,33,28,15,13,2,0,2,7,4,3,22,11,11
MORRIS COUNTY,343,22 Years,134,69,65,66,32,34,42,21,21,1,0,1,6,4,2,19,12,7
MORRIS COUNTY,343,23 Years,138,68,70,70,34,36,46,22,24,0,0,0,3,1,2,19,11,8
MORRIS COUNTY,343,24 Years,136,66,70,66,29,37,40,21,19,1,1,0,4,2,2,25,13,12
MORRIS COUNTY,343,25 Years,146,74,72,73,34,39,43,26,17,1,1,0,5,3,2,24,10,14
MORRIS COUNTY,343,26 Years,169,85,84,94,43,51,47,27,20,1,1,0,3,1,2,24,13,11
MORRIS COUNTY,343,27 Years,153,74,79,87,39,48,40,21,19,1,1,0,4,2,2,21,11,10
MORRIS COUNTY,343,28 Years,140,68,72,82,36,46,43,24,19,1,1,0,1,1,0,13,6,7
MORRIS COUNTY,343,29 Years,148,70,78,86,36,50,38,20,18,2,2,0,4,2,2,18,10,8
MORRIS COUNTY,343,30 Years,136,75,61,85,50,35,32,18,14,0,0,0,5,2,3,14,5,9
MORRIS COUNTY,343,31 Years,121,69,52,77,46,31,30,17,13,0,0,0,4,2,2,10,4,6
MORRIS COUNTY,343,32 Years,118,55,63,76,37,39,29,13,16,0,0,0,1,1,0,12,4,8
MORRIS COUNTY,343,33 Years,120,61,59,80,38,42,26,15,11,0,0,0,2,2,0,12,6,6
MORRIS COUNTY,343,34 Years,133,63,70,91,40,51,24,14,10,0,0,0,2,2,0,16,7,9
MORRIS COUNTY,343,35 Years,147,70,77,98,42,56,28,15,13,0,0,0,4,3,1,17,10,7
MORRIS COUNTY,343,36 Years,142,74,68,93,46,47,31,17,14,0,0,0,5,2,3,13,9,4
MORRIS COUNTY,343,37 Years,148,76,72,97,48,49,33,17,16,1,1,0,4,2,2,13,8,5
MORRIS COUNTY,343,38 Years,132,65,67,90,44,46,28,13,15,1,1,0,1,0,1,12,7,5
MORRIS COUNTY,343,39 Years,132,68,64,87,47,40,32,13,19,1,1,0,1,0,1,11,7,4
MORRIS COUNTY,343,40 Years,121,55,66,80,36,44,28,12,16,0,0,0,2,1,1,11,6,5
MORRIS COUNTY,343,41 Years,107,49,58,72,32,40,20,9,11,0,0,0,2,1,1,13,7,6
MORRIS COUNTY,343,42 Years,118,48,70,76,33,43,29,9,20,0,0,0,0,0,0,13,6,7
MORRIS COUNTY,343,43 Years,143,63,80,85,38,47,33,12,21,0,0,0,5,2,3,20,11,9
MORRIS COUNTY,343,44 Years,137,58,79,91,40,51,28,9,19,0,0,0,2,1,1,16,8,8
MORRIS COUNTY,343,45 Years,143,63,80,94,44,50,28,10,18,0,0,0,3,3,0,18,6,12
MORRIS COUNTY,343,46 Years,144,65,79,96,39,57,32,16,16,0,0,0,3,2,1,13,8,5
MORRIS COUNTY,343,47 Years,148,77,71,97,51,46,35,18,17,1,1,0,2,1,1,13,6,7
MORRIS COUNTY,343,48 Years,160,71,89,109,45,64,33,17,16,1,1,0,2,0,2,15,8,7
MORRIS COUNTY,343,49 Years,136,61,75,87,38,49,31,14,17,1,1,0,0,0,0,17,8,9
MORRIS COUNTY,343,50 Years,126,55,71,80,38,42,27,9,18,1,0,1,5,3,2,13,5,8
MORRIS COUNTY,343,51 Years,119,62,57,71,36,35,28,11,17,0,0,0,7,6,1,13,9,4
MORRIS COUNTY,343,52 Years,130,63,67,87,44,43,27,9,18,0,0,0,5,2,3,11,8,3
MORRIS COUNTY,343,53 Years,150,71,79,106,55,51,35,11,24,0,0,0,3,1,2,6,4,2
MORRIS COUNTY,343,54 Years,152,77,75,109,56,53,31,14,17,2,1,1,3,2,1,7,4,3
MORRIS COUNTY,343,55 Years,155,76,79,109,54,55,30,14,16,1,0,1,1,1,0,14,7,7
MORRIS COUNTY,343,56 Years,158,67,91,109,49,60,38,13,25,0,0,0,4,1,3,7,4,3
MORRIS COUNTY,343,57 Years,177,75,102,123,54,69,41,14,27,3,1,2,2,1,1,8,5,3
MORRIS COUNTY,343,58 Years,175,81,94,128,63,65,39,15,24,1,0,1,1,0,1,6,3,3
MORRIS COUNTY,343,59 Years,195,93,102,130,63,67,49,23,26,0,0,0,3,0,3,13,7,6
MORRIS COUNTY,343,60 Years,175,82,93,120,58,62,47,21,26,0,0,0,2,0,2,6,3,3
MORRIS COUNTY,343,61 Years,177,76,101,130,54,76,39,19,20,0,0,0,3,0,3,5,3,2
MORRIS COUNTY,343,62 Years,192,88,104,138,60,78,35,17,18,1,0,1,5,2,3,13,9,4
MORRIS COUNTY,343,63 Years,186,86,100,146,67,79,30,13,17,0,0,0,2,1,1,8,5,3
MORRIS COUNTY,343,64 Years,173,83,90,132,64,68,32,14,18,1,0,1,2,1,1,6,4,2
MORRIS COUNTY,343,65 Years,181,102,79,133,77,56,36,17,19,1,1,0,2,1,1,9,6,3
MORRIS COUNTY,343,66 Years,180,89,91,134,67,67,37,16,21,0,0,0,3,2,1,6,4,2
MORRIS COUNTY,343,67 Years,157,77,80,117,57,60,31,15,16,0,0,0,2,1,1,7,4,3
MORRIS COUNTY,343,68 Years,144,72,72,109,57,52,30,14,16,0,0,0,1,0,1,4,1,3
MORRIS COUNTY,343,69 Years,164,70,94,123,53,70,31,13,18,1,0,1,5,2,3,4,2,2
MORRIS COUNTY,343,70 Years,163,73,90,121,55,66,37,17,20,0,0,0,4,1,3,1,0,1
MORRIS COUNTY,343,71 Years,145,73,72,109,54,55,29,16,13,2,0,2,2,1,1,3,2,1
MORRIS COUNTY,343,72 Years,122,59,63,91,45,46,27,13,14,0,0,0,1,0,1,3,1,2
MORRIS COUNTY,343,73 Years,128,56,72,103,44,59,19,10,9,0,0,0,3,1,2,3,1,2
MORRIS COUNTY,343,74 Years,123,53,70,99,43,56,22,10,12,0,0,0,1,0,1,1,0,1
MORRIS COUNTY,343,75 Years,121,57,64,97,43,54,22,13,9,0,0,0,1,0,1,1,1,0
MORRIS COUNTY,343,76 Years,117,59,58,90,40,50,22,14,8,1,1,0,1,1,0,3,3,0
MORRIS COUNTY,343,77 Years,119,55,64,93,41,52,17,9,8,0,0,0,4,2,2,5,3,2
MORRIS COUNTY,343,78 Years,97,40,57,74,33,41,18,6,12,2,0,2,2,1,1,1,0,1
MORRIS COUNTY,343,79 Years,95,38,57,77,31,46,15,5,10,1,0,1,2,2,0,0,0,0
MORRIS COUNTY,343,80 Years,92,34,58,75,28,47,14,4,10,0,0,0,2,1,1,1,1,0
MORRIS COUNTY,343,81 Years,96,40,56,81,35,46,12,4,8,0,0,0,1,1,0,2,0,2
MORRIS COUNTY,343,82 Years,82,40,42,70,35,35,10,3,7,0,0,0,1,1,0,1,1,0
MORRIS COUNTY,343,83 Years,73,35,38,58,29,29,9,4,5,0,0,0,4,1,3,2,1,1
MORRIS COUNTY,343,84 Years,63,30,33,50,25,25,9,4,5,1,0,1,1,0,1,2,1,1
MORRIS COUNTY,343,85 Years,54,24,30,43,20,23,9,4,5,0,0,0,1,0,1,1,0,1
MORRIS COUNTY,343,86 Years,53,24,29,43,20,23,9,4,5,0,0,0,1,0,1,0,0,0
MORRIS COUNTY,343,87 Years,45,23,22,36,18,18,7,4,3,0,0,0,1,0,1,1,1,0
MORRIS COUNTY,343,88 Years,40,17,23,30,12,18,8,4,4,0,0,0,2,1,1,0,0,0
MORRIS COUNTY,343,89 Years,34,17,17,24,12,12,8,4,4,0,0,0,1,1,0,1,0,1
MORRIS COUNTY,343,90 Years,35,14,21,26,11,15,7,3,4,0,0,0,0,0,0,2,0,2
MORRIS COUNTY,343,91 Years,24,6,18,17,4,13,6,2,4,0,0,0,0,0,0,1,0,1
MORRIS COUNTY,343,92 Years,18,6,12,13,4,9,5,2,3,0,0,0,0,0,0,0,0,0
MORRIS COUNTY,343,93 Years,16,6,10,11,4,7,5,2,3,0,0,0,0,0,0,0,0,0
MORRIS COUNTY,343,94 Years,15,4,11,10,3,7,5,1,4,0,0,0,0,0,0,0,0,0
MORRIS COUNTY,343,95 Years +,31,9,22,17,5,12,12,4,8,0,0,0,1,0,1,1,0,1
MOTLEY COUNTY,345,All Ages,1230,605,625,1011,489,522,23,15,8,0,0,0,10,5,5,186,96,90
MOTLEY COUNTY,345,< 1 Year,15,3,12,15,3,12,0,0,0,0,0,0,0,0,0,0,0,0
MOTLEY COUNTY,345,1 Years,15,7,8,12,4,8,0,0,0,0,0,0,0,0,0,3,3,0
MOTLEY COUNTY,345,2 Years,11,2,9,11,2,9,0,0,0,0,0,0,0,0,0,0,0,0
MOTLEY COUNTY,345,3 Years,9,3,6,9,3,6,0,0,0,0,0,0,0,0,0,0,0,0
MOTLEY COUNTY,345,4 Years,7,2,5,4,2,2,0,0,0,0,0,0,0,0,0,3,0,3
MOTLEY COUNTY,345,5 Years,10,5,5,8,4,4,0,0,0,0,0,0,0,0,0,2,1,1
MOTLEY COUNTY,345,6 Years,10,6,4,6,4,2,0,0,0,0,0,0,0,0,0,4,2,2
MOTLEY COUNTY,345,7 Years,12,5,7,9,4,5,0,0,0,0,0,0,0,0,0,3,1,2
MOTLEY COUNTY,345,8 Years,10,7,3,6,5,1,0,0,0,0,0,0,0,0,0,4,2,2
MOTLEY COUNTY,345,9 Years,7,2,5,3,1,2,0,0,0,0,0,0,0,0,0,4,1,3
MOTLEY COUNTY,345,10 Years,16,6,10,10,4,6,0,0,0,0,0,0,0,0,0,6,2,4
MOTLEY COUNTY,345,11 Years,18,7,11,13,6,7,0,0,0,0,0,0,0,0,0,5,1,4
MOTLEY COUNTY,345,12 Years,14,7,7,11,5,6,0,0,0,0,0,0,0,0,0,3,2,1
MOTLEY COUNTY,345,13 Years,14,8,6,10,7,3,1,0,1,0,0,0,0,0,0,3,1,2
MOTLEY COUNTY,345,14 Years,12,8,4,8,6,2,1,0,1,0,0,0,0,0,0,3,2,1
MOTLEY COUNTY,345,15 Years,20,10,10,15,8,7,0,0,0,0,0,0,0,0,0,5,2,3
MOTLEY COUNTY,345,16 Years,17,6,11,13,4,9,0,0,0,0,0,0,1,0,1,3,2,1
MOTLEY COUNTY,345,17 Years,14,8,6,10,6,4,0,0,0,0,0,0,0,0,0,4,2,2
MOTLEY COUNTY,345,18 Years,11,8,3,9,6,3,0,0,0,0,0,0,0,0,0,2,2,0
MOTLEY COUNTY,345,19 Years,13,7,6,9,5,4,0,0,0,0,0,0,0,0,0,4,2,2
MOTLEY COUNTY,345,20 Years,13,8,5,10,7,3,0,0,0,0,0,0,0,0,0,3,1,2
MOTLEY COUNTY,345,21 Years,15,10,5,9,6,3,0,0,0,0,0,0,1,1,0,5,3,2
MOTLEY COUNTY,345,22 Years,14,7,7,8,5,3,0,0,0,0,0,0,1,0,1,5,2,3
MOTLEY COUNTY,345,23 Years,11,7,4,7,4,3,0,0,0,0,0,0,0,0,0,4,3,1
MOTLEY COUNTY,345,24 Years,16,12,4,9,6,3,1,1,0,0,0,0,0,0,0,6,5,1
MOTLEY COUNTY,345,25 Years,13,9,4,8,5,3,1,1,0,0,0,0,0,0,0,4,3,1
MOTLEY COUNTY,345,26 Years,12,7,5,7,4,3,1,1,0,0,0,0,0,0,0,4,2,2
MOTLEY COUNTY,345,27 Years,11,4,7,6,2,4,0,0,0,0,0,0,0,0,0,5,2,3
MOTLEY COUNTY,345,28 Years,9,6,3,5,3,2,0,0,0,0,0,0,0,0,0,4,3,1
MOTLEY COUNTY,345,29 Years,6,4,2,4,3,1,0,0,0,0,0,0,0,0,0,2,1,1
MOTLEY COUNTY,345,30 Years,8,5,3,5,3,2,1,1,0,0,0,0,0,0,0,2,1,1
MOTLEY COUNTY,345,31 Years,16,8,8,13,6,7,1,1,0,0,0,0,0,0,0,2,1,1
MOTLEY COUNTY,345,32 Years,11,5,6,10,5,5,0,0,0,0,0,0,0,0,0,1,0,1
MOTLEY COUNTY,345,33 Years,10,4,6,6,2,4,1,1,0,0,0,0,0,0,0,3,1,2
MOTLEY COUNTY,345,34 Years,9,6,3,5,3,2,1,1,0,0,0,0,0,0,0,3,2,1
MOTLEY COUNTY,345,35 Years,8,6,2,6,4,2,1,1,0,0,0,0,0,0,0,1,1,0
MOTLEY COUNTY,345,36 Years,7,3,4,5,2,3,0,0,0,0,0,0,0,0,0,2,1,1
MOTLEY COUNTY,345,37 Years,11,6,5,9,5,4,0,0,0,0,0,0,0,0,0,2,1,1
MOTLEY COUNTY,345,38 Years,11,6,5,10,5,5,0,0,0,0,0,0,0,0,0,1,1,0
MOTLEY COUNTY,345,39 Years,15,7,8,11,5,6,0,0,0,0,0,0,0,0,0,4,2,2
MOTLEY COUNTY,345,40 Years,12,6,6,10,5,5,0,0,0,0,0,0,0,0,0,2,1,1
MOTLEY COUNTY,345,41 Years,12,4,8,10,3,7,0,0,0,0,0,0,0,0,0,2,1,1
MOTLEY COUNTY,345,42 Years,11,8,3,10,7,3,0,0,0,0,0,0,0,0,0,1,1,0
MOTLEY COUNTY,345,43 Years,17,8,9,13,6,7,0,0,0,0,0,0,1,1,0,3,1,2
MOTLEY COUNTY,345,44 Years,11,6,5,9,5,4,0,0,0,0,0,0,0,0,0,2,1,1
MOTLEY COUNTY,345,45 Years,9,5,4,8,4,4,0,0,0,0,0,0,0,0,0,1,1,0
MOTLEY COUNTY,345,46 Years,12,9,3,10,7,3,0,0,0,0,0,0,0,0,0,2,2,0
MOTLEY COUNTY,345,47 Years,14,7,7,12,6,6,0,0,0,0,0,0,0,0,0,2,1,1
MOTLEY COUNTY,345,48 Years,9,3,6,8,3,5,0,0,0,0,0,0,0,0,0,1,0,1
MOTLEY COUNTY,345,49 Years,8,5,3,6,5,1,0,0,0,0,0,0,0,0,0,2,0,2
MOTLEY COUNTY,345,50 Years,5,3,2,4,3,1,0,0,0,0,0,0,0,0,0,1,0,1
MOTLEY COUNTY,345,51 Years,9,4,5,6,2,4,1,1,0,0,0,0,1,1,0,1,0,1
MOTLEY COUNTY,345,52 Years,11,7,4,8,5,3,1,1,0,0,0,0,2,1,1,0,0,0
MOTLEY COUNTY,345,53 Years,15,6,9,13,5,8,1,1,0,0,0,0,1,0,1,0,0,0
MOTLEY COUNTY,345,54 Years,14,8,6,13,7,6,0,0,0,0,0,0,0,0,0,1,1,0
MOTLEY COUNTY,345,55 Years,17,6,11,14,5,9,0,0,0,0,0,0,0,0,0,3,1,2
MOTLEY COUNTY,345,56 Years,21,12,9,18,11,7,0,0,0,0,0,0,0,0,0,3,1,2
MOTLEY COUNTY,345,57 Years,19,10,9,16,8,8,0,0,0,0,0,0,1,1,0,2,1,1
MOTLEY COUNTY,345,58 Years,15,8,7,15,8,7,0,0,0,0,0,0,0,0,0,0,0,0
MOTLEY COUNTY,345,59 Years,15,10,5,15,10,5,0,0,0,0,0,0,0,0,0,0,0,0
MOTLEY COUNTY,345,60 Years,16,7,9,14,6,8,1,1,0,0,0,0,0,0,0,1,0,1
MOTLEY COUNTY,345,61 Years,14,7,7,13,7,6,0,0,0,0,0,0,0,0,0,1,0,1
MOTLEY COUNTY,345,62 Years,19,9,10,17,7,10,0,0,0,0,0,0,0,0,0,2,2,0
MOTLEY COUNTY,345,63 Years,18,9,9,17,8,9,0,0,0,0,0,0,0,0,0,1,1,0
MOTLEY COUNTY,345,64 Years,13,8,5,12,8,4,0,0,0,0,0,0,0,0,0,1,0,1
MOTLEY COUNTY,345,65 Years,20,10,10,18,10,8,1,0,1,0,0,0,0,0,0,1,0,1
MOTLEY COUNTY,345,66 Years,28,11,17,23,9,14,1,0,1,0,0,0,0,0,0,4,2,2
MOTLEY COUNTY,345,67 Years,19,8,11,17,7,10,0,0,0,0,0,0,0,0,0,2,1,1
MOTLEY COUNTY,345,68 Years,19,12,7,16,9,7,1,1,0,0,0,0,0,0,0,2,2,0
MOTLEY COUNTY,345,69 Years,23,13,10,19,10,9,1,1,0,0,0,0,0,0,0,3,2,1
MOTLEY COUNTY,345,70 Years,14,6,8,13,5,8,0,0,0,0,0,0,0,0,0,1,1,0
MOTLEY COUNTY,345,71 Years,16,6,10,15,6,9,0,0,0,0,0,0,0,0,0,1,0,1
MOTLEY COUNTY,345,72 Years,18,9,9,17,8,9,0,0,0,0,0,0,0,0,0,1,1,0
MOTLEY COUNTY,345,73 Years,21,12,9,19,11,8,0,0,0,0,0,0,0,0,0,2,1,1
MOTLEY COUNTY,345,74 Years,24,12,12,22,11,11,0,0,0,0,0,0,0,0,0,2,1,1
MOTLEY COUNTY,345,75 Years,22,12,10,21,11,10,0,0,0,0,0,0,0,0,0,1,1,0
MOTLEY COUNTY,345,76 Years,18,7,11,17,7,10,1,0,1,0,0,0,0,0,0,0,0,0
MOTLEY COUNTY,345,77 Years,13,5,8,13,5,8,0,0,0,0,0,0,0,0,0,0,0,0
MOTLEY COUNTY,345,78 Years,16,5,11,14,4,10,0,0,0,0,0,0,0,0,0,2,1,1
MOTLEY COUNTY,345,79 Years,13,4,9,12,4,8,0,0,0,0,0,0,0,0,0,1,0,1
MOTLEY COUNTY,345,80 Years,12,4,8,11,4,7,0,0,0,0,0,0,1,0,1,0,0,0
MOTLEY COUNTY,345,81 Years,12,5,7,12,5,7,0,0,0,0,0,0,0,0,0,0,0,0
MOTLEY COUNTY,345,82 Years,10,4,6,10,4,6,0,0,0,0,0,0,0,0,0,0,0,0
MOTLEY COUNTY,345,83 Years,11,4,7,10,3,7,0,0,0,0,0,0,0,0,0,1,1,0
MOTLEY COUNTY,345,84 Years,10,4,6,9,3,6,0,0,0,0,0,0,0,0,0,1,1,0
MOTLEY COUNTY,345,85 Years,9,3,6,9,3,6,0,0,0,0,0,0,0,0,0,0,0,0
MOTLEY COUNTY,345,86 Years,8,3,5,7,3,4,1,0,1,0,0,0,0,0,0,0,0,0
MOTLEY COUNTY,345,87 Years,8,4,4,8,4,4,0,0,0,0,0,0,0,0,0,0,0,0
MOTLEY COUNTY,345,88 Years,8,3,5,8,3,5,0,0,0,0,0,0,0,0,0,0,0,0
MOTLEY COUNTY,345,89 Years,8,3,5,7,3,4,1,0,1,0,0,0,0,0,0,0,0,0
MOTLEY COUNTY,345,90 Years,8,3,5,6,2,4,1,0,1,0,0,0,0,0,0,1,1,0
MOTLEY COUNTY,345,91 Years,5,2,3,5,2,3,0,0,0,0,0,0,0,0,0,0,0,0
MOTLEY COUNTY,345,92 Years,5,2,3,5,2,3,0,0,0,0,0,0,0,0,0,0,0,0
MOTLEY COUNTY,345,93 Years,2,2,0,2,2,0,0,0,0,0,0,0,0,0,0,0,0,0
MOTLEY COUNTY,345,94 Years,4,2,2,4,2,2,0,0,0,0,0,0,0,0,0,0,0,0
MOTLEY COUNTY,345,95 Years +,9,3,6,7,2,5,1,1,0,0,0,0,0,0,0,1,0,1
NACOGDOCHES COUNTY,347,All Ages,65561,31609,33952,38914,18893,20021,11387,5136,6251,1000,434,566,1535,760,775,12725,6386,6339
NACOGDOCHES COUNTY,347,< 1 Year,794,410,384,316,173,143,159,87,72,10,6,4,45,21,24,264,123,141
NACOGDOCHES COUNTY,347,1 Years,788,405,383,320,170,150,159,87,72,8,5,3,49,23,26,252,120,132
NACOGDOCHES COUNTY,347,2 Years,806,425,381,321,166,155,168,94,74,13,8,5,55,31,24,249,126,123
NACOGDOCHES COUNTY,347,3 Years,836,427,409,337,168,169,173,88,85,14,8,6,59,31,28,253,132,121
NACOGDOCHES COUNTY,347,4 Years,860,441,419,344,169,175,171,85,86,20,12,8,59,32,27,266,143,123
NACOGDOCHES COUNTY,347,5 Years,856,438,418,341,165,176,169,87,82,17,10,7,50,28,22,279,148,131
NACOGDOCHES COUNTY,347,6 Years,853,439,414,340,162,178,166,87,79,17,11,6,45,27,18,285,152,133
NACOGDOCHES COUNTY,347,7 Years,861,440,421,338,164,174,180,97,83,15,7,8,40,21,19,288,151,137
NACOGDOCHES COUNTY,347,8 Years,829,404,425,329,166,163,178,84,94,18,4,14,35,21,14,269,129,140
NACOGDOCHES COUNTY,347,9 Years,853,418,435,357,169,188,166,82,84,11,5,6,41,26,15,278,136,142
NACOGDOCHES COUNTY,347,10 Years,881,450,431,370,193,177,172,78,94,9,5,4,23,13,10,307,161,146
NACOGDOCHES COUNTY,347,11 Years,783,407,376,352,191,161,127,63,64,8,3,5,26,12,14,270,138,132
NACOGDOCHES COUNTY,347,12 Years,732,389,343,316,174,142,110,61,49,11,6,5,25,11,14,270,137,133
NACOGDOCHES COUNTY,347,13 Years,695,390,305,300,183,117,88,52,36,13,9,4,25,16,9,269,130,139
NACOGDOCHES COUNTY,347,14 Years,647,373,274,302,192,110,63,36,27,12,7,5,34,18,16,236,120,116
NACOGDOCHES COUNTY,347,15 Years,584,322,262,268,158,110,60,39,21,8,3,5,30,15,15,218,107,111
NACOGDOCHES COUNTY,347,16 Years,624,350,274,324,187,137,66,48,18,21,6,15,23,12,11,190,97,93
NACOGDOCHES COUNTY,347,17 Years,697,376,321,335,210,125,118,51,67,17,9,8,23,9,14,204,97,107
NACOGDOCHES COUNTY,347,18 Years,1589,625,964,779,304,475,442,160,282,10,5,5,54,20,34,304,136,168
NACOGDOCHES COUNTY,347,19 Years,2496,1015,1481,1267,507,760,681,270,411,30,12,18,76,25,51,442,201,241
NACOGDOCHES COUNTY,347,20 Years,2195,930,1265,1230,514,716,531,219,312,27,14,13,53,22,31,354,161,193
NACOGDOCHES COUNTY,347,21 Years,2110,970,1140,1247,576,671,421,176,245,31,17,14,55,32,23,356,169,187
NACOGDOCHES COUNTY,347,22 Years,1840,909,931,1128,576,552,335,147,188,26,14,12,41,21,20,310,151,159
NACOGDOCHES COUNTY,347,23 Years,1382,708,674,845,462,383,241,99,142,27,14,13,19,13,6,250,120,130
NACOGDOCHES COUNTY,347,24 Years,1174,585,589,694,352,342,204,85,119,23,12,11,27,19,8,226,117,109
NACOGDOCHES COUNTY,347,25 Years,1021,496,525,619,319,300,162,68,94,23,12,11,21,10,11,196,87,109
NACOGDOCHES COUNTY,347,26 Years,933,499,434,549,308,241,150,72,78,11,6,5,11,7,4,212,106,106
NACOGDOCHES COUNTY,347,27 Years,789,439,350,500,295,205,93,52,41,12,5,7,8,5,3,176,82,94
NACOGDOCHES COUNTY,347,28 Years,644,409,235,392,260,132,83,53,30,12,5,7,9,8,1,148,83,65
NACOGDOCHES COUNTY,347,29 Years,658,372,286,381,218,163,123,65,58,13,7,6,5,2,3,136,80,56
NACOGDOCHES COUNTY,347,30 Years,610,295,315,306,142,164,140,60,80,12,6,6,14,4,10,138,83,55
NACOGDOCHES COUNTY,347,31 Years,647,304,343,324,146,178,146,62,84,9,4,5,16,8,8,152,84,68
NACOGDOCHES COUNTY,347,32 Years,677,303,374,351,146,205,143,59,84,10,5,5,12,3,9,161,90,71
NACOGDOCHES COUNTY,347,33 Years,692,327,365,394,189,205,130,60,70,8,4,4,10,4,6,150,70,80
NACOGDOCHES COUNTY,347,34 Years,694,329,365,382,186,196,125,53,72,20,4,16,18,9,9,149,77,72
NACOGDOCHES COUNTY,347,35 Years,685,342,343,391,191,200,112,55,57,13,4,9,16,8,8,153,84,69
NACOGDOCHES COUNTY,347,36 Years,778,371,407,456,214,242,139,68,71,17,3,14,10,3,7,156,83,73
NACOGDOCHES COUNTY,347,37 Years,752,366,386,444,213,231,129,61,68,12,3,9,10,5,5,157,84,73
NACOGDOCHES COUNTY,347,38 Years,724,346,378,439,214,225,117,51,66,8,4,4,4,3,1,156,74,82
NACOGDOCHES COUNTY,347,39 Years,715,346,369,425,217,208,125,54,71,8,3,5,7,3,4,150,69,81
NACOGDOCHES COUNTY,347,40 Years,690,329,361,382,193,189,130,57,73,9,4,5,17,9,8,152,66,86
NACOGDOCHES COUNTY,347,41 Years,650,298,352,368,181,187,104,41,63,8,4,4,12,6,6,158,66,92
NACOGDOCHES COUNTY,347,42 Years,654,311,343,386,189,197,102,44,58,8,5,3,6,2,4,152,71,81
NACOGDOCHES COUNTY,347,43 Years,671,329,342,401,206,195,93,48,45,19,4,15,6,3,3,152,68,84
NACOGDOCHES COUNTY,347,44 Years,583,290,293,340,174,166,84,43,41,15,7,8,7,2,5,137,64,73
NACOGDOCHES COUNTY,347,45 Years,626,299,327,372,185,187,96,45,51,22,5,17,8,4,4,128,60,68
NACOGDOCHES COUNTY,347,46 Years,656,326,330,399,207,192,91,43,48,26,8,18,5,2,3,135,66,69
NACOGDOCHES COUNTY,347,47 Years,703,349,354,437,222,215,115,50,65,13,5,8,7,4,3,131,68,63
NACOGDOCHES COUNTY,347,48 Years,684,330,354,411,197,214,114,53,61,8,3,5,8,3,5,143,74,69
NACOGDOCHES COUNTY,347,49 Years,689,328,361,416,202,214,94,39,55,18,2,16,9,4,5,152,81,71
NACOGDOCHES COUNTY,347,50 Years,663,349,314,401,217,184,106,54,52,10,5,5,12,5,7,134,68,66
NACOGDOCHES COUNTY,347,51 Years,676,335,341,412,207,205,117,57,60,7,4,3,7,4,3,133,63,70
NACOGDOCHES COUNTY,347,52 Years,664,322,342,415,192,223,110,51,59,8,4,4,7,3,4,124,72,52
NACOGDOCHES COUNTY,347,53 Years,743,338,405,455,200,255,127,58,69,19,5,14,8,5,3,134,70,64
NACOGDOCHES COUNTY,347,54 Years,750,345,405,495,224,271,134,59,75,15,8,7,11,4,7,95,50,45
NACOGDOCHES COUNTY,347,55 Years,742,351,391,502,234,268,111,49,62,7,4,3,11,4,7,111,60,51
NACOGDOCHES COUNTY,347,56 Years,736,374,362,497,259,238,115,49,66,10,6,4,8,2,6,106,58,48
NACOGDOCHES COUNTY,347,57 Years,769,364,405,543,260,283,112,44,68,6,3,3,13,4,9,95,53,42
NACOGDOCHES COUNTY,347,58 Years,735,351,384,508,236,272,130,63,67,7,4,3,7,2,5,83,46,37
NACOGDOCHES COUNTY,347,59 Years,715,344,371,500,248,252,120,46,74,7,5,2,12,8,4,76,37,39
NACOGDOCHES COUNTY,347,60 Years,770,366,404,543,259,284,119,45,74,8,3,5,10,7,3,90,52,38
NACOGDOCHES COUNTY,347,61 Years,780,377,403,566,269,297,118,58,60,9,4,5,12,6,6,75,40,35
NACOGDOCHES COUNTY,347,62 Years,718,360,358,505,256,249,126,62,64,18,4,14,11,6,5,58,32,26
NACOGDOCHES COUNTY,347,63 Years,732,350,382,521,253,268,125,58,67,18,1,17,9,1,8,59,37,22
NACOGDOCHES COUNTY,347,64 Years,732,341,391,534,254,280,116,47,69,13,3,10,9,3,6,60,34,26
NACOGDOCHES COUNTY,347,65 Years,731,351,380,543,265,278,115,51,64,10,5,5,10,5,5,53,25,28
NACOGDOCHES COUNTY,347,66 Years,706,333,373,527,249,278,108,49,59,7,3,4,10,4,6,54,28,26
NACOGDOCHES COUNTY,347,67 Years,674,322,352,513,252,261,103,40,63,8,3,5,5,3,2,45,24,21
NACOGDOCHES COUNTY,347,68 Years,667,322,345,512,249,263,98,41,57,6,2,4,4,2,2,47,28,19
NACOGDOCHES COUNTY,347,69 Years,609,291,318,473,228,245,90,37,53,5,2,3,4,2,2,37,22,15
NACOGDOCHES COUNTY,347,70 Years,607,305,302,460,230,230,92,41,51,6,3,3,9,8,1,40,23,17
NACOGDOCHES COUNTY,347,71 Years,597,300,297,477,244,233,77,34,43,6,4,2,9,7,2,28,11,17
NACOGDOCHES COUNTY,347,72 Years,490,224,266,401,186,215,60,28,32,2,1,1,7,4,3,20,5,15
NACOGDOCHES COUNTY,347,73 Years,482,224,258,389,178,211,59,26,33,1,1,0,6,3,3,27,16,11
NACOGDOCHES COUNTY,347,74 Years,475,222,253,386,183,203,58,22,36,3,0,3,6,4,2,22,13,9
NACOGDOCHES COUNTY,347,75 Years,437,199,238,362,168,194,43,16,27,2,1,1,6,2,4,24,12,12
NACOGDOCHES COUNTY,347,76 Years,394,184,210,328,156,172,35,13,22,3,2,1,4,3,1,24,10,14
NACOGDOCHES COUNTY,347,77 Years,349,160,189,284,137,147,39,13,26,2,0,2,2,0,2,22,10,12
NACOGDOCHES COUNTY,347,78 Years,309,128,181,257,109,148,33,11,22,1,0,1,3,1,2,15,7,8
NACOGDOCHES COUNTY,347,79 Years,287,109,178,239,93,146,31,9,22,2,1,1,1,0,1,14,6,8
NACOGDOCHES COUNTY,347,80 Years,297,115,182,242,98,144,30,10,20,4,1,3,3,0,3,18,6,12
NACOGDOCHES COUNTY,347,81 Years,263,99,164,217,83,134,27,8,19,2,1,1,3,0,3,14,7,7
NACOGDOCHES COUNTY,347,82 Years,232,84,148,194,71,123,22,9,13,3,1,2,3,0,3,10,3,7
NACOGDOCHES COUNTY,347,83 Years,231,89,142,196,73,123,20,9,11,2,0,2,6,2,4,7,5,2
NACOGDOCHES COUNTY,347,84 Years,207,75,132,172,61,111,24,8,16,1,1,0,3,1,2,7,4,3
NACOGDOCHES COUNTY,347,85 Years,181,72,109,148,60,88,25,8,17,1,1,0,3,2,1,4,1,3
NACOGDOCHES COUNTY,347,86 Years,167,65,102,139,54,85,20,6,14,1,0,1,2,1,1,5,4,1
NACOGDOCHES COUNTY,347,87 Years,151,55,96,125,46,79,18,5,13,1,0,1,1,0,1,6,4,2
NACOGDOCHES COUNTY,347,88 Years,125,46,79,106,39,67,12,4,8,1,1,0,2,0,2,4,2,2
NACOGDOCHES COUNTY,347,89 Years,111,40,71,93,35,58,12,3,9,1,0,1,1,0,1,4,2,2
NACOGDOCHES COUNTY,347,90 Years,102,33,69,85,28,57,12,3,9,1,0,1,1,0,1,3,2,1
NACOGDOCHES COUNTY,347,91 Years,85,31,54,67,23,44,11,3,8,2,1,1,1,1,0,4,3,1
NACOGDOCHES COUNTY,347,92 Years,71,22,49,59,16,43,6,2,4,1,1,0,1,0,1,4,3,1
NACOGDOCHES COUNTY,347,93 Years,61,20,41,49,15,34,8,2,6,1,1,0,0,0,0,3,2,1
NACOGDOCHES COUNTY,347,94 Years,41,15,26,31,11,20,6,2,4,0,0,0,1,0,1,3,2,1
NACOGDOCHES COUNTY,347,95 Years +,107,28,79,78,20,58,19,5,14,2,0,2,3,1,2,5,2,3
NAVARRO COUNTY,349,All Ages,50175,24622,25553,28599,14027,14572,6470,3025,3445,268,115,153,1462,734,728,13376,6721,6655
NAVARRO COUNTY,349,< 1 Year,645,328,317,256,135,121,70,34,36,2,0,2,51,26,25,266,133,133
NAVARRO COUNTY,349,1 Years,643,329,314,264,138,126,70,33,37,1,1,0,45,22,23,263,135,128
NAVARRO COUNTY,349,2 Years,646,320,326,261,137,124,77,35,42,2,1,1,46,23,23,260,124,136
NAVARRO COUNTY,349,3 Years,665,335,330,283,149,134,81,36,45,2,1,1,39,20,19,260,129,131
NAVARRO COUNTY,349,4 Years,655,325,330,278,140,138,80,36,44,2,1,1,42,23,19,253,125,128
NAVARRO COUNTY,349,5 Years,664,336,328,293,151,142,79,37,42,2,1,1,40,22,18,250,125,125
NAVARRO COUNTY,349,6 Years,636,317,319,273,135,138,78,37,41,2,1,1,38,21,17,245,123,122
NAVARRO COUNTY,349,7 Years,638,325,313,279,146,133,73,35,38,2,1,1,36,19,17,248,124,124
NAVARRO COUNTY,349,8 Years,619,321,298,267,149,118,75,31,44,2,0,2,32,18,14,243,123,120
NAVARRO COUNTY,349,9 Years,712,359,353,293,152,141,100,54,46,1,0,1,45,15,30,273,138,135
NAVARRO COUNTY,349,10 Years,738,370,368,299,155,144,89,44,45,1,0,1,40,15,25,309,156,153
NAVARRO COUNTY,349,11 Years,770,404,366,301,152,149,114,63,51,3,1,2,36,21,15,316,167,149
NAVARRO COUNTY,349,12 Years,712,364,348,283,144,139,99,58,41,2,1,1,30,13,17,298,148,150
NAVARRO COUNTY,349,13 Years,682,347,335,258,133,125,98,55,43,3,1,2,27,14,13,296,144,152
NAVARRO COUNTY,349,14 Years,677,350,327,275,147,128,88,45,43,5,2,3,27,16,11,282,140,142
NAVARRO COUNTY,349,15 Years,713,366,347,291,160,131,87,40,47,4,3,1,23,14,9,308,149,159
NAVARRO COUNTY,349,16 Years,699,367,332,307,158,149,83,43,40,3,2,1,23,14,9,283,150,133
NAVARRO COUNTY,349,17 Years,715,386,329,309,162,147,80,47,33,6,4,2,29,14,15,291,159,132
NAVARRO COUNTY,349,18 Years,652,349,303,271,149,122,83,43,40,5,3,2,31,19,12,262,135,127
NAVARRO COUNTY,349,19 Years,611,324,287,244,130,114,93,47,46,6,2,4,26,11,15,242,134,108
NAVARRO COUNTY,349,20 Years,559,292,267,237,127,110,84,38,46,4,2,2,20,8,12,214,117,97
NAVARRO COUNTY,349,21 Years,576,298,278,244,133,111,79,35,44,2,1,1,21,11,10,230,118,112
NAVARRO COUNTY,349,22 Years,602,283,319,272,142,130,104,44,60,1,0,1,17,8,9,208,89,119
NAVARRO COUNTY,349,23 Years,555,262,293,272,137,135,88,39,49,2,1,1,12,6,6,181,79,102
NAVARRO COUNTY,349,24 Years,587,281,306,279,139,140,96,45,51,4,3,1,18,11,7,190,83,107
NAVARRO COUNTY,349,25 Years,615,314,301,301,155,146,103,52,51,7,4,3,15,7,8,189,96,93
NAVARRO COUNTY,349,26 Years,613,296,317,300,146,154,97,45,52,5,2,3,9,6,3,202,97,105
NAVARRO COUNTY,349,27 Years,681,340,341,342,168,174,119,61,58,3,2,1,22,10,12,195,99,96
NAVARRO COUNTY,349,28 Years,697,351,346,347,177,170,132,63,69,6,1,5,25,15,10,187,95,92
NAVARRO COUNTY,349,29 Years,608,305,303,329,171,158,99,43,56,4,1,3,21,14,7,155,76,79
NAVARRO COUNTY,349,30 Years,604,283,321,333,163,170,98,40,58,1,0,1,14,6,8,158,74,84
NAVARRO COUNTY,349,31 Years,603,283,320,327,164,163,91,41,50,0,0,0,16,6,10,169,72,97
NAVARRO COUNTY,349,32 Years,600,275,325,319,145,174,98,48,50,3,3,0,15,6,9,165,73,92
NAVARRO COUNTY,349,33 Years,574,271,303,291,143,148,102,44,58,3,1,2,14,6,8,164,77,87
NAVARRO COUNTY,349,34 Years,566,282,284,308,154,154,76,36,40,5,2,3,18,10,8,159,80,79
NAVARRO COUNTY,349,35 Years,561,282,279,299,141,158,69,39,30,3,2,1,13,4,9,177,96,81
NAVARRO COUNTY,349,36 Years,577,281,296,320,154,166,68,37,31,4,2,2,20,8,12,165,80,85
NAVARRO COUNTY,349,37 Years,584,280,304,319,156,163,70,33,37,3,2,1,16,7,9,176,82,94
NAVARRO COUNTY,349,38 Years,607,287,320,326,153,173,77,37,40,2,1,1,25,15,10,177,81,96
NAVARRO COUNTY,349,39 Years,560,280,280,305,151,154,71,32,39,3,2,1,16,10,6,165,85,80
NAVARRO COUNTY,349,40 Years,555,277,278,296,148,148,67,29,38,3,1,2,19,9,10,170,90,80
NAVARRO COUNTY,349,41 Years,546,270,276,286,143,143,63,30,33,3,2,1,16,8,8,178,87,91
NAVARRO COUNTY,349,42 Years,549,263,286,292,140,152,59,26,33,2,2,0,14,6,8,182,89,93
NAVARRO COUNTY,349,43 Years,589,279,310,325,153,172,61,24,37,5,1,4,9,6,3,189,95,94
NAVARRO COUNTY,349,44 Years,586,289,297,329,157,172,69,32,37,3,0,3,8,5,3,177,95,82
NAVARRO COUNTY,349,45 Years,631,284,347,349,164,185,79,36,43,16,1,15,12,6,6,175,77,98
NAVARRO COUNTY,349,46 Years,590,285,305,336,169,167,69,29,40,11,5,6,10,4,6,164,78,86
NAVARRO COUNTY,349,47 Years,601,319,282,355,183,172,68,32,36,3,2,1,13,7,6,162,95,67
NAVARRO COUNTY,349,48 Years,629,325,304,373,192,181,74,35,39,2,0,2,11,5,6,169,93,76
NAVARRO COUNTY,349,49 Years,645,325,320,364,180,184,85,47,38,5,2,3,13,4,9,178,92,86
NAVARRO COUNTY,349,50 Years,638,333,305,365,189,176,92,48,44,6,2,4,16,10,6,159,84,75
NAVARRO COUNTY,349,51 Years,576,301,275,335,172,163,82,39,43,3,2,1,12,7,5,144,81,63
NAVARRO COUNTY,349,52 Years,578,291,287,339,165,174,87,42,45,7,4,3,11,8,3,134,72,62
NAVARRO COUNTY,349,53 Years,656,318,338,406,195,211,96,38,58,6,3,3,7,3,4,141,79,62
NAVARRO COUNTY,349,54 Years,668,337,331,431,222,209,91,36,55,5,4,1,11,3,8,130,72,58
NAVARRO COUNTY,349,55 Years,694,343,351,435,227,208,97,39,58,4,1,3,18,8,10,140,68,72
NAVARRO COUNTY,349,56 Years,694,332,362,437,204,233,98,50,48,5,2,3,19,10,9,135,66,69
NAVARRO COUNTY,349,57 Years,702,339,363,450,214,236,100,51,49,3,1,2,11,5,6,138,68,70
NAVARRO COUNTY,349,58 Years,718,364,354,469,234,235,106,48,58,7,4,3,6,2,4,130,76,54
NAVARRO COUNTY,349,59 Years,651,317,334,438,211,227,83,34,49,2,1,1,11,3,8,117,68,49
NAVARRO COUNTY,349,60 Years,666,323,343,452,213,239,86,44,42,5,3,2,14,6,8,109,57,52
NAVARRO COUNTY,349,61 Years,644,320,324,445,226,219,82,32,50,5,2,3,10,7,3,102,53,49
NAVARRO COUNTY,349,62 Years,660,320,340,473,230,243,81,34,47,3,1,2,14,7,7,89,48,41
NAVARRO COUNTY,349,63 Years,619,296,323,445,218,227,88,39,49,1,0,1,5,3,2,80,36,44
NAVARRO COUNTY,349,64 Years,602,290,312,439,216,223,77,37,40,1,0,1,5,2,3,80,35,45
NAVARRO COUNTY,349,65 Years,629,303,326,477,229,248,71,34,37,4,2,2,6,3,3,71,35,36
NAVARRO COUNTY,349,66 Years,559,260,299,426,200,226,74,31,43,3,2,1,7,2,5,49,25,24
NAVARRO COUNTY,349,67 Years,524,255,269,412,201,211,64,33,31,3,1,2,7,4,3,38,16,22
NAVARRO COUNTY,349,68 Years,560,275,285,445,217,228,60,30,30,0,0,0,9,7,2,46,21,25
NAVARRO COUNTY,349,69 Years,563,268,295,443,214,229,54,25,29,3,1,2,15,9,6,48,19,29
NAVARRO COUNTY,349,70 Years,555,267,288,453,217,236,49,23,26,4,1,3,6,4,2,43,22,21
NAVARRO COUNTY,349,71 Years,532,264,268,420,211,209,61,24,37,3,2,1,4,3,1,44,24,20
NAVARRO COUNTY,349,72 Years,446,218,228,355,175,180,49,22,27,1,0,1,6,4,2,35,17,18
NAVARRO COUNTY,349,73 Years,436,203,233,341,157,184,41,19,22,1,1,0,6,3,3,47,23,24
NAVARRO COUNTY,349,74 Years,426,184,242,346,153,193,41,16,25,0,0,0,2,0,2,37,15,22
NAVARRO COUNTY,349,75 Years,414,187,227,340,152,188,35,14,21,0,0,0,4,2,2,35,19,16
NAVARRO COUNTY,349,76 Years,374,169,205,302,138,164,28,12,16,0,0,0,7,4,3,37,15,22
NAVARRO COUNTY,349,77 Years,359,166,193,293,137,156,32,13,19,1,0,1,3,1,2,30,15,15
NAVARRO COUNTY,349,78 Years,321,148,173,275,126,149,25,10,15,0,0,0,3,3,0,18,9,9
NAVARRO COUNTY,349,79 Years,291,130,161,254,113,141,19,11,8,0,0,0,2,0,2,16,6,10
NAVARRO COUNTY,349,80 Years,238,99,139,203,85,118,15,7,8,1,0,1,3,0,3,16,7,9
NAVARRO COUNTY,349,81 Years,228,104,124,194,93,101,18,5,13,1,0,1,1,0,1,14,6,8
NAVARRO COUNTY,349,82 Years,203,87,116,168,71,97,14,5,9,0,0,0,4,1,3,17,10,7
NAVARRO COUNTY,349,83 Years,208,93,115,170,72,98,22,10,12,0,0,0,2,1,1,14,10,4
NAVARRO COUNTY,349,84 Years,173,82,91,143,69,74,18,5,13,0,0,0,1,1,0,11,7,4
NAVARRO COUNTY,349,85 Years,127,56,71,101,46,55,15,4,11,0,0,0,2,0,2,9,6,3
NAVARRO COUNTY,349,86 Years,138,57,81,110,44,66,16,5,11,1,1,0,2,1,1,9,6,3
NAVARRO COUNTY,349,87 Years,141,53,88,115,43,72,12,4,8,3,0,3,4,2,2,7,4,3
NAVARRO COUNTY,349,88 Years,118,43,75,99,34,65,11,5,6,0,0,0,2,1,1,6,3,3
NAVARRO COUNTY,349,89 Years,101,40,61,82,31,51,12,5,7,0,0,0,0,0,0,7,4,3
NAVARRO COUNTY,349,90 Years,79,27,52,63,20,43,8,3,5,1,0,1,1,0,1,6,4,2
NAVARRO COUNTY,349,91 Years,71,23,48,56,18,38,9,3,6,0,0,0,2,0,2,4,2,2
NAVARRO COUNTY,349,92 Years,59,19,40,48,16,32,8,2,6,0,0,0,1,0,1,2,1,1
NAVARRO COUNTY,349,93 Years,51,16,35,42,13,29,6,2,4,0,0,0,0,0,0,3,1,2
NAVARRO COUNTY,349,94 Years,40,12,28,31,9,22,4,1,3,0,0,0,1,0,1,4,2,2
NAVARRO COUNTY,349,95 Years +,103,26,77,73,17,56,21,6,15,1,0,1,1,0,1,7,3,4
NEWTON COUNTY,351,All Ages,13759,7147,6612,10096,5134,4962,2812,1546,1266,65,27,38,327,168,159,459,272,187
NEWTON COUNTY,351,< 1 Year,123,61,62,100,51,49,15,5,10,0,0,0,4,3,1,4,2,2
NEWTON COUNTY,351,1 Years,124,63,61,92,47,45,19,9,10,2,1,1,8,5,3,3,1,2
NEWTON COUNTY,351,2 Years,131,65,66,97,48,49,23,11,12,1,0,1,8,5,3,2,1,1
NEWTON COUNTY,351,3 Years,143,74,69,100,49,51,26,15,11,2,1,1,11,6,5,4,3,1
NEWTON COUNTY,351,4 Years,145,71,74,102,51,51,25,12,13,2,1,1,10,4,6,6,3,3
NEWTON COUNTY,351,5 Years,141,75,66,105,57,48,23,12,11,1,1,0,6,2,4,6,3,3
NEWTON COUNTY,351,6 Years,148,77,71,103,57,46,25,11,14,0,0,0,7,2,5,13,7,6
NEWTON COUNTY,351,7 Years,149,80,69,100,53,47,32,16,16,0,0,0,6,4,2,11,7,4
NEWTON COUNTY,351,8 Years,151,74,77,103,50,53,34,17,17,1,0,1,8,6,2,5,1,4
NEWTON COUNTY,351,9 Years,144,75,69,91,48,43,33,18,15,1,1,0,13,6,7,6,2,4
NEWTON COUNTY,351,10 Years,158,80,78,114,58,56,25,13,12,1,1,0,10,4,6,8,4,4
NEWTON COUNTY,351,11 Years,171,95,76,121,63,58,31,18,13,0,0,0,5,3,2,14,11,3
NEWTON COUNTY,351,12 Years,154,74,80,113,54,59,29,14,15,0,0,0,3,1,2,9,5,4
NEWTON COUNTY,351,13 Years,146,71,75,96,45,51,40,21,19,1,0,1,4,2,2,5,3,2
NEWTON COUNTY,351,14 Years,143,68,75,95,43,52,38,22,16,0,0,0,3,1,2,7,2,5
NEWTON COUNTY,351,15 Years,160,74,86,104,51,53,38,18,20,2,0,2,6,2,4,10,3,7
NEWTON COUNTY,351,16 Years,168,88,80,106,59,47,43,20,23,1,0,1,7,5,2,11,4,7
NEWTON COUNTY,351,17 Years,172,94,78,112,65,47,42,22,20,1,0,1,6,2,4,11,5,6
NEWTON COUNTY,351,18 Years,162,98,64,98,57,41,46,30,16,1,0,1,7,4,3,10,7,3
NEWTON COUNTY,351,19 Years,151,88,63,96,55,41,38,23,15,0,0,0,5,4,1,12,6,6
NEWTON COUNTY,351,20 Years,162,95,67,102,55,47,45,32,13,0,0,0,3,2,1,12,6,6
NEWTON COUNTY,351,21 Years,159,92,67,104,59,45,36,22,14,0,0,0,6,3,3,13,8,5
NEWTON COUNTY,351,22 Years,163,93,70,108,58,50,40,25,15,1,1,0,5,3,2,9,6,3
NEWTON COUNTY,351,23 Years,158,93,65,99,57,42,40,23,17,2,2,0,7,3,4,10,8,2
NEWTON COUNTY,351,24 Years,185,106,79,120,67,53,44,27,17,1,1,0,8,4,4,12,7,5
NEWTON COUNTY,351,25 Years,203,120,83,133,71,62,47,35,12,1,0,1,6,4,2,16,10,6
NEWTON COUNTY,351,26 Years,215,122,93,133,65,68,61,42,19,1,1,0,5,3,2,15,11,4
NEWTON COUNTY,351,27 Years,217,132,85,157,90,67,50,35,15,1,1,0,3,2,1,6,4,2
NEWTON COUNTY,351,28 Years,201,116,85,139,74,65,49,34,15,1,1,0,3,1,2,9,6,3
NEWTON COUNTY,351,29 Years,198,123,75,138,80,58,40,27,13,1,1,0,4,2,2,15,13,2
NEWTON COUNTY,351,30 Years,176,101,75,124,72,52,37,20,17,0,0,0,4,3,1,11,6,5
NEWTON COUNTY,351,31 Years,171,104,67,134,81,53,28,18,10,1,1,0,2,1,1,6,3,3
NEWTON COUNTY,351,32 Years,164,98,66,124,71,53,30,19,11,0,0,0,3,2,1,7,6,1
NEWTON COUNTY,351,33 Years,167,93,74,118,61,57,42,25,17,0,0,0,2,2,0,5,5,0
NEWTON COUNTY,351,34 Years,162,96,66,114,64,50,40,28,12,1,0,1,4,1,3,3,3,0
NEWTON COUNTY,351,35 Years,165,86,79,119,63,56,37,17,20,1,0,1,4,2,2,4,4,0
NEWTON COUNTY,351,36 Years,149,88,61,100,59,41,40,24,16,2,0,2,4,2,2,3,3,0
NEWTON COUNTY,351,37 Years,165,93,72,112,60,52,40,27,13,3,1,2,2,1,1,8,4,4
NEWTON COUNTY,351,38 Years,169,91,78,114,56,58,43,28,15,2,1,1,2,1,1,8,5,3
NEWTON COUNTY,351,39 Years,162,95,67,124,70,54,29,19,10,1,0,1,2,2,0,6,4,2
NEWTON COUNTY,351,40 Years,147,84,63,115,66,49,25,15,10,1,0,1,2,1,1,4,2,2
NEWTON COUNTY,351,41 Years,136,66,70,93,46,47,35,16,19,2,1,1,2,0,2,4,3,1
NEWTON COUNTY,351,42 Years,143,73,70,104,51,53,29,15,14,2,1,1,2,1,1,6,5,1
NEWTON COUNTY,351,43 Years,163,83,80,126,61,65,28,18,10,1,0,1,1,0,1,7,4,3
NEWTON COUNTY,351,44 Years,146,63,83,110,45,65,31,16,15,2,1,1,0,0,0,3,1,2
NEWTON COUNTY,351,45 Years,149,69,80,112,49,63,31,17,14,1,0,1,1,1,0,4,2,2
NEWTON COUNTY,351,46 Years,156,78,78,114,51,63,32,21,11,2,1,1,3,2,1,5,3,2
NEWTON COUNTY,351,47 Years,170,85,85,127,65,62,35,18,17,2,0,2,3,1,2,3,1,2
NEWTON COUNTY,351,48 Years,183,96,87,135,72,63,39,21,18,2,0,2,2,0,2,5,3,2
NEWTON COUNTY,351,49 Years,181,83,98,133,55,78,40,24,16,0,0,0,4,2,2,4,2,2
NEWTON COUNTY,351,50 Years,168,92,76,125,66,59,35,20,15,1,1,0,2,1,1,5,4,1
NEWTON COUNTY,351,51 Years,186,99,87,143,72,71,33,21,12,1,1,0,3,1,2,6,4,2
NEWTON COUNTY,351,52 Years,189,98,91,143,75,68,36,20,16,4,1,3,3,0,3,3,2,1
NEWTON COUNTY,351,53 Years,197,96,101,156,79,77,36,16,20,2,0,2,1,0,1,2,1,1
NEWTON COUNTY,351,54 Years,208,104,104,165,79,86,35,19,16,2,1,1,2,2,0,4,3,1
NEWTON COUNTY,351,55 Years,204,95,109,153,74,79,44,17,27,0,0,0,5,3,2,2,1,1
NEWTON COUNTY,351,56 Years,201,99,102,155,79,76,39,17,22,0,0,0,5,2,3,2,1,1
NEWTON COUNTY,351,57 Years,190,93,97,147,72,75,37,16,21,0,0,0,2,2,0,4,3,1
NEWTON COUNTY,351,58 Years,207,107,100,161,85,76,39,18,21,0,0,0,3,1,2,4,3,1
NEWTON COUNTY,351,59 Years,191,95,96,145,73,72,40,19,21,2,2,0,3,0,3,1,1,0
NEWTON COUNTY,351,60 Years,209,103,106,172,87,85,32,15,17,0,0,0,3,0,3,2,1,1
NEWTON COUNTY,351,61 Years,201,100,101,167,86,81,30,13,17,0,0,0,2,1,1,2,0,2
NEWTON COUNTY,351,62 Years,195,94,101,155,76,79,36,16,20,0,0,0,2,1,1,2,1,1
NEWTON COUNTY,351,63 Years,200,108,92,152,85,67,40,18,22,0,0,0,4,3,1,4,2,2
NEWTON COUNTY,351,64 Years,202,98,104,157,78,79,39,18,21,0,0,0,2,2,0,4,0,4
NEWTON COUNTY,351,65 Years,182,92,90,145,76,69,32,12,20,0,0,0,1,1,0,4,3,1
NEWTON COUNTY,351,66 Years,178,80,98,147,67,80,26,11,15,0,0,0,2,1,1,3,1,2
NEWTON COUNTY,351,67 Years,165,71,94,130,54,76,30,14,16,0,0,0,4,3,1,1,0,1
NEWTON COUNTY,351,68 Years,165,83,82,125,60,65,37,20,17,0,0,0,2,2,0,1,1,0
NEWTON COUNTY,351,69 Years,192,95,97,154,76,78,35,19,16,0,0,0,3,0,3,0,0,0
NEWTON COUNTY,351,70 Years,174,85,89,143,70,73,28,15,13,0,0,0,3,0,3,0,0,0
NEWTON COUNTY,351,71 Years,170,80,90,138,65,73,26,14,12,0,0,0,4,1,3,2,0,2
NEWTON COUNTY,351,72 Years,137,71,66,113,56,57,20,12,8,0,0,0,3,2,1,1,1,0
NEWTON COUNTY,351,73 Years,136,64,72,110,49,61,20,10,10,0,0,0,3,3,0,3,2,1
NEWTON COUNTY,351,74 Years,121,57,64,97,41,56,18,12,6,0,0,0,3,2,1,3,2,1
NEWTON COUNTY,351,75 Years,118,60,58,97,45,52,17,12,5,0,0,0,2,1,1,2,2,0
NEWTON COUNTY,351,76 Years,108,60,48,87,45,42,18,14,4,0,0,0,2,1,1,1,0,1
NEWTON COUNTY,351,77 Years,95,49,46,78,38,40,13,8,5,0,0,0,1,1,0,3,2,1
NEWTON COUNTY,351,78 Years,90,50,40,70,37,33,16,10,6,0,0,0,1,1,0,3,2,1
NEWTON COUNTY,351,79 Years,80,37,43,60,27,33,16,9,7,0,0,0,2,0,2,2,1,1
NEWTON COUNTY,351,80 Years,74,36,38,60,28,32,11,6,5,0,0,0,2,2,0,1,0,1
NEWTON COUNTY,351,81 Years,65,29,36,51,23,28,12,5,7,0,0,0,2,1,1,0,0,0
NEWTON COUNTY,351,82 Years,60,27,33,47,22,25,12,5,7,0,0,0,1,0,1,0,0,0
NEWTON COUNTY,351,83 Years,61,31,30,48,26,22,12,5,7,0,0,0,1,0,1,0,0,0
NEWTON COUNTY,351,84 Years,51,23,28,38,18,20,11,4,7,1,0,1,1,1,0,0,0,0
NEWTON COUNTY,351,85 Years,50,19,31,37,14,23,11,4,7,0,0,0,1,1,0,1,0,1
NEWTON COUNTY,351,86 Years,49,18,31,37,15,22,10,3,7,0,0,0,2,0,2,0,0,0
NEWTON COUNTY,351,87 Years,40,17,23,32,13,19,8,4,4,0,0,0,0,0,0,0,0,0
NEWTON COUNTY,351,88 Years,36,14,22,27,10,17,9,4,5,0,0,0,0,0,0,0,0,0
NEWTON COUNTY,351,89 Years,30,13,17,21,9,12,7,3,4,0,0,0,2,1,1,0,0,0
NEWTON COUNTY,351,90 Years,24,11,13,16,7,9,7,3,4,0,0,0,1,1,0,0,0,0
NEWTON COUNTY,351,91 Years,22,9,13,16,7,9,6,2,4,0,0,0,0,0,0,0,0,0
NEWTON COUNTY,351,92 Years,19,6,13,13,4,9,6,2,4,0,0,0,0,0,0,0,0,0
NEWTON COUNTY,351,93 Years,14,5,9,9,3,6,5,2,3,0,0,0,0,0,0,0,0,0
NEWTON COUNTY,351,94 Years,11,5,6,7,4,3,4,1,3,0,0,0,0,0,0,0,0,0
NEWTON COUNTY,351,95 Years +,25,7,18,14,4,10,10,3,7,0,0,0,0,0,0,1,0,1
NOLAN COUNTY,353,All Ages,14493,7260,7233,8026,4035,3991,672,346,326,62,30,32,209,106,103,5524,2743,2781
NOLAN COUNTY,353,< 1 Year,187,90,97,84,39,45,8,3,5,1,1,0,3,2,1,91,45,46
NOLAN COUNTY,353,1 Years,188,96,92,86,44,42,9,4,5,1,1,0,3,2,1,89,45,44
NOLAN COUNTY,353,2 Years,192,95,97,88,43,45,8,4,4,1,1,0,3,2,1,92,45,47
NOLAN COUNTY,353,3 Years,209,105,104,96,47,49,9,4,5,1,1,0,3,2,1,100,51,49
NOLAN COUNTY,353,4 Years,212,111,101,94,47,47,9,5,4,1,1,0,3,2,1,105,56,49
NOLAN COUNTY,353,5 Years,208,106,102,94,45,49,9,5,4,0,0,0,0,0,0,105,56,49
NOLAN COUNTY,353,6 Years,196,102,94,87,45,42,9,5,4,1,0,1,4,2,2,95,50,45
NOLAN COUNTY,353,7 Years,190,99,91,87,45,42,7,4,3,1,0,1,5,1,4,90,49,41
NOLAN COUNTY,353,8 Years,206,121,85,90,47,43,8,4,4,0,0,0,5,4,1,103,66,37
NOLAN COUNTY,353,9 Years,194,98,96,82,37,45,7,2,5,0,0,0,4,2,2,101,57,44
NOLAN COUNTY,353,10 Years,223,111,112,97,47,50,9,5,4,0,0,0,7,4,3,110,55,55
NOLAN COUNTY,353,11 Years,226,121,105,101,53,48,15,9,6,0,0,0,8,3,5,102,56,46
NOLAN COUNTY,353,12 Years,220,115,105,98,54,44,15,7,8,1,1,0,6,2,4,100,51,49
NOLAN COUNTY,353,13 Years,221,120,101,94,50,44,13,7,6,0,0,0,4,0,4,110,63,47
NOLAN COUNTY,353,14 Years,230,123,107,111,69,42,11,5,6,0,0,0,3,1,2,105,48,57
NOLAN COUNTY,353,15 Years,222,121,101,101,61,40,7,3,4,2,2,0,7,4,3,105,51,54
NOLAN COUNTY,353,16 Years,210,112,98,93,54,39,11,6,5,1,1,0,6,3,3,99,48,51
NOLAN COUNTY,353,17 Years,198,106,92,86,53,33,10,4,6,2,0,2,5,2,3,95,47,48
NOLAN COUNTY,353,18 Years,190,105,85,73,46,27,13,6,7,1,0,1,5,1,4,98,52,46
NOLAN COUNTY,353,19 Years,174,94,80,68,39,29,11,7,4,0,0,0,4,2,2,91,46,45
NOLAN COUNTY,353,20 Years,158,92,66,66,41,25,11,7,4,0,0,0,2,1,1,79,43,36
NOLAN COUNTY,353,21 Years,165,91,74,77,44,33,13,8,5,0,0,0,3,0,3,72,39,33
NOLAN COUNTY,353,22 Years,172,91,81,80,46,34,11,6,5,1,1,0,4,2,2,76,36,40
NOLAN COUNTY,353,23 Years,176,90,86,82,46,36,7,3,4,1,0,1,3,2,1,83,39,44
NOLAN COUNTY,353,24 Years,184,91,93,88,42,46,10,5,5,2,1,1,4,2,2,80,41,39
NOLAN COUNTY,353,25 Years,170,87,83,88,43,45,10,7,3,1,1,0,3,1,2,68,35,33
NOLAN COUNTY,353,26 Years,208,109,99,112,59,53,13,9,4,1,1,0,2,2,0,80,38,42
NOLAN COUNTY,353,27 Years,246,148,98,125,77,48,13,8,5,1,1,0,4,4,0,103,58,45
NOLAN COUNTY,353,28 Years,231,134,97,124,72,52,6,4,2,1,0,1,2,2,0,98,56,42
NOLAN COUNTY,353,29 Years,196,100,96,101,52,49,6,3,3,1,0,1,3,2,1,85,43,42
NOLAN COUNTY,353,30 Years,184,94,90,97,46,51,8,4,4,1,1,0,2,1,1,76,42,34
NOLAN COUNTY,353,31 Years,203,106,97,106,50,56,11,8,3,0,0,0,3,2,1,83,46,37
NOLAN COUNTY,353,32 Years,183,96,87,96,50,46,8,4,4,0,0,0,1,0,1,78,42,36
NOLAN COUNTY,353,33 Years,173,78,95,94,42,52,4,2,2,0,0,0,3,1,2,72,33,39
NOLAN COUNTY,353,34 Years,163,75,88,82,36,46,3,1,2,0,0,0,1,0,1,77,38,39
NOLAN COUNTY,353,35 Years,165,91,74,89,50,39,6,1,5,2,0,2,2,2,0,66,38,28
NOLAN COUNTY,353,36 Years,159,78,81,93,50,43,5,1,4,0,0,0,1,1,0,60,26,34
NOLAN COUNTY,353,37 Years,179,88,91,93,46,47,6,4,2,1,1,0,1,0,1,78,37,41
NOLAN COUNTY,353,38 Years,158,85,73,85,47,38,11,9,2,0,0,0,2,0,2,60,29,31
NOLAN COUNTY,353,39 Years,140,76,64,77,44,33,5,4,1,0,0,0,1,1,0,57,27,30
NOLAN COUNTY,353,40 Years,149,65,84,69,33,36,7,3,4,4,0,4,2,1,1,67,28,39
NOLAN COUNTY,353,41 Years,154,73,81,77,34,43,8,5,3,2,0,2,1,0,1,66,34,32
NOLAN COUNTY,353,42 Years,142,69,73,67,33,34,8,4,4,1,1,0,0,0,0,66,31,35
NOLAN COUNTY,353,43 Years,147,69,78,79,37,42,7,5,2,1,1,0,1,1,0,59,25,34
NOLAN COUNTY,353,44 Years,144,69,75,80,41,39,5,2,3,2,2,0,1,0,1,56,24,32
NOLAN COUNTY,353,45 Years,154,68,86,86,44,42,6,2,4,1,1,0,1,0,1,60,21,39
NOLAN COUNTY,353,46 Years,150,73,77,78,39,39,8,4,4,0,0,0,1,1,0,63,29,34
NOLAN COUNTY,353,47 Years,167,84,83,89,47,42,10,4,6,2,1,1,0,0,0,66,32,34
NOLAN COUNTY,353,48 Years,172,95,77,98,59,39,8,3,5,1,0,1,2,1,1,63,32,31
NOLAN COUNTY,353,49 Years,164,88,76,94,51,43,12,6,6,1,1,0,1,0,1,56,30,26
NOLAN COUNTY,353,50 Years,155,75,80,85,46,39,9,2,7,3,1,2,1,1,0,57,25,32
NOLAN COUNTY,353,51 Years,166,84,82,101,50,51,7,2,5,2,1,1,2,2,0,54,29,25
NOLAN COUNTY,353,52 Years,157,82,75,95,46,49,6,2,4,1,0,1,2,2,0,53,32,21
NOLAN COUNTY,353,53 Years,166,83,83,102,49,53,4,2,2,1,0,1,6,3,3,53,29,24
NOLAN COUNTY,353,54 Years,153,72,81,96,44,52,8,5,3,0,0,0,3,2,1,46,21,25
NOLAN COUNTY,353,55 Years,177,84,93,117,57,60,11,6,5,3,2,1,1,0,1,45,19,26
NOLAN COUNTY,353,56 Years,180,88,92,122,62,60,10,5,5,1,1,0,2,1,1,45,19,26
NOLAN COUNTY,353,57 Years,179,92,87,116,63,53,6,2,4,0,0,0,2,1,1,55,26,29
NOLAN COUNTY,353,58 Years,187,86,101,127,58,69,9,4,5,1,0,1,1,1,0,49,23,26
NOLAN COUNTY,353,59 Years,186,88,98,122,58,64,10,6,4,0,0,0,2,2,0,52,22,30
NOLAN COUNTY,353,60 Years,165,80,85,110,57,53,4,2,2,0,0,0,2,0,2,49,21,28
NOLAN COUNTY,353,61 Years,169,75,94,112,50,62,6,3,3,0,0,0,3,1,2,48,21,27
NOLAN COUNTY,353,62 Years,187,95,92,123,60,63,11,7,4,0,0,0,1,0,1,52,28,24
NOLAN COUNTY,353,63 Years,188,100,88,117,61,56,8,5,3,1,0,1,2,1,1,60,33,27
NOLAN COUNTY,353,64 Years,183,89,94,121,57,64,7,3,4,2,0,2,2,2,0,51,27,24
NOLAN COUNTY,353,65 Years,176,81,95,112,54,58,7,3,4,0,0,0,3,1,2,54,23,31
NOLAN COUNTY,353,66 Years,171,87,84,108,55,53,10,6,4,0,0,0,1,1,0,52,25,27
NOLAN COUNTY,353,67 Years,159,72,87,103,50,53,9,4,5,1,0,1,2,0,2,44,18,26
NOLAN COUNTY,353,68 Years,168,82,86,118,62,56,4,2,2,2,1,1,1,0,1,43,17,26
NOLAN COUNTY,353,69 Years,157,77,80,114,56,58,6,3,3,1,1,0,2,1,1,34,16,18
NOLAN COUNTY,353,70 Years,144,73,71,112,59,53,4,2,2,0,0,0,2,2,0,26,10,16
NOLAN COUNTY,353,71 Years,143,64,79,108,48,60,8,4,4,0,0,0,2,2,0,25,10,15
NOLAN COUNTY,353,72 Years,114,52,62,84,38,46,4,2,2,0,0,0,1,1,0,25,11,14
NOLAN COUNTY,353,73 Years,117,61,56,83,43,40,6,4,2,0,0,0,0,0,0,28,14,14
NOLAN COUNTY,353,74 Years,124,58,66,87,39,48,5,3,2,0,0,0,2,1,1,30,15,15
NOLAN COUNTY,353,75 Years,111,52,59,68,30,38,4,1,3,0,0,0,2,1,1,37,20,17
NOLAN COUNTY,353,76 Years,100,48,52,66,30,36,4,3,1,0,0,0,2,1,1,28,14,14
NOLAN COUNTY,353,77 Years,92,40,52,68,33,35,3,1,2,0,0,0,1,0,1,20,6,14
NOLAN COUNTY,353,78 Years,90,40,50,69,36,33,2,0,2,0,0,0,1,0,1,18,4,14
NOLAN COUNTY,353,79 Years,85,39,46,64,33,31,3,2,1,0,0,0,0,0,0,18,4,14
NOLAN COUNTY,353,80 Years,64,28,36,48,22,26,4,2,2,0,0,0,1,1,0,11,3,8
NOLAN COUNTY,353,81 Years,71,32,39,54,24,30,4,1,3,0,0,0,1,1,0,12,6,6
NOLAN COUNTY,353,82 Years,71,26,45,52,18,34,4,2,2,0,0,0,0,0,0,15,6,9
NOLAN COUNTY,353,83 Years,65,22,43,46,16,30,3,2,1,0,0,0,0,0,0,16,4,12
NOLAN COUNTY,353,84 Years,56,21,35,40,15,25,2,1,1,0,0,0,1,1,0,13,4,9
NOLAN COUNTY,353,85 Years,48,20,28,38,15,23,1,0,1,0,0,0,1,1,0,8,4,4
NOLAN COUNTY,353,86 Years,44,16,28,34,12,22,0,0,0,1,0,1,1,0,1,8,4,4
NOLAN COUNTY,353,87 Years,40,14,26,31,10,21,0,0,0,0,0,0,1,0,1,8,4,4
NOLAN COUNTY,353,88 Years,38,16,22,30,12,18,0,0,0,0,0,0,0,0,0,8,4,4
NOLAN COUNTY,353,89 Years,34,15,19,26,11,15,0,0,0,0,0,0,1,1,0,7,3,4
NOLAN COUNTY,353,90 Years,31,9,22,24,7,17,2,1,1,0,0,0,1,0,1,4,1,3
NOLAN COUNTY,353,91 Years,26,11,15,20,8,12,3,2,1,0,0,0,0,0,0,3,1,2
NOLAN COUNTY,353,92 Years,23,8,15,17,6,11,3,2,1,0,0,0,0,0,0,3,0,3
NOLAN COUNTY,353,93 Years,22,7,15,16,4,12,1,1,0,0,0,0,1,0,1,4,2,2
NOLAN COUNTY,353,94 Years,17,3,14,12,2,10,1,0,1,0,0,0,1,0,1,3,1,2
NOLAN COUNTY,353,95 Years +,42,9,33,26,3,23,5,1,4,0,0,0,0,0,0,11,5,6
NUECES COUNTY,355,All Ages,361243,179691,181552,104018,52556,51462,13065,6840,6225,7434,3314,4120,5150,2583,2567,231576,114398,117178
NUECES COUNTY,355,< 1 Year,4783,2450,2333,1073,562,511,155,78,77,71,35,36,101,50,51,3383,1725,1658
NUECES COUNTY,355,1 Years,4866,2501,2365,1077,565,512,158,76,82,72,38,34,103,54,49,3456,1768,1688
NUECES COUNTY,355,2 Years,5075,2614,2461,1115,578,537,166,78,88,77,41,36,103,54,49,3614,1863,1751
NUECES COUNTY,355,3 Years,5335,2739,2596,1157,598,559,165,80,85,80,44,36,103,57,46,3830,1960,1870
NUECES COUNTY,355,4 Years,5453,2781,2672,1199,613,586,166,82,84,86,45,41,103,56,47,3899,1985,1914
NUECES COUNTY,355,5 Years,5407,2750,2657,1219,626,593,159,79,80,87,46,41,103,55,48,3839,1944,1895
NUECES COUNTY,355,6 Years,5257,2698,2559,1203,625,578,164,78,86,90,48,42,109,59,50,3691,1888,1803
NUECES COUNTY,355,7 Years,5205,2696,2509,1175,611,564,158,77,81,92,47,45,107,60,47,3673,1901,1772
NUECES COUNTY,355,8 Years,5158,2607,2551,1130,574,556,166,78,88,97,52,45,120,53,67,3645,1850,1795
NUECES COUNTY,355,9 Years,4836,2432,2404,1020,522,498,160,75,85,79,41,38,102,58,44,3475,1736,1739
NUECES COUNTY,355,10 Years,4938,2529,2409,1039,530,509,181,94,87,93,42,51,79,39,40,3546,1824,1722
NUECES COUNTY,355,11 Years,4852,2547,2305,952,506,446,160,84,76,80,36,44,94,43,51,3566,1878,1688
NUECES COUNTY,355,12 Years,4920,2603,2317,933,515,418,149,80,69,92,47,45,110,57,53,3636,1904,1732
NUECES COUNTY,355,13 Years,4844,2539,2305,875,491,384,165,81,84,91,52,39,109,54,55,3604,1861,1743
NUECES COUNTY,355,14 Years,4706,2409,2297,892,480,412,152,72,80,98,55,43,82,40,42,3482,1762,1720
NUECES COUNTY,355,15 Years,4683,2420,2263,831,433,398,148,77,71,103,45,58,62,29,33,3539,1836,1703
NUECES COUNTY,355,16 Years,4795,2516,2279,791,435,356,205,96,109,89,37,52,81,32,49,3629,1916,1713
NUECES COUNTY,355,17 Years,4945,2600,2345,818,463,355,200,95,105,111,58,53,72,30,42,3744,1954,1790
NUECES COUNTY,355,18 Years,5132,2583,2549,925,458,467,202,87,115,131,69,62,86,49,37,3788,1920,1868
NUECES COUNTY,355,19 Years,5642,2743,2899,1249,554,695,276,125,151,146,67,79,97,63,34,3874,1934,1940
NUECES COUNTY,355,20 Years,5313,2653,2660,1108,547,561,249,121,128,125,60,65,89,42,47,3742,1883,1859
NUECES COUNTY,355,21 Years,5200,2529,2671,1127,541,586,217,103,114,115,45,70,101,54,47,3640,1786,1854
NUECES COUNTY,355,22 Years,5356,2644,2712,1196,585,611,221,107,114,105,43,62,105,49,56,3729,1860,1869
NUECES COUNTY,355,23 Years,5462,2747,2715,1292,620,672,211,107,104,104,53,51,102,43,59,3753,1924,1829
NUECES COUNTY,355,24 Years,5742,3054,2688,1606,903,703,197,94,103,105,54,51,88,36,52,3746,1967,1779
NUECES COUNTY,355,25 Years,5736,2946,2790,1582,765,817,211,112,99,87,43,44,92,31,61,3764,1995,1769
NUECES COUNTY,355,26 Years,5591,2985,2606,1465,801,664,183,113,70,78,39,39,65,35,30,3800,1997,1803
NUECES COUNTY,355,27 Years,5117,2763,2354,1273,741,532,146,107,39,94,42,52,58,34,24,3546,1839,1707
NUECES COUNTY,355,28 Years,5274,2758,2516,1424,786,638,183,115,68,86,42,44,78,40,38,3503,1775,1728
NUECES COUNTY,355,29 Years,5035,2615,2420,1333,708,625,194,106,88,89,52,37,57,31,26,3362,1718,1644
NUECES COUNTY,355,30 Years,5113,2672,2441,1408,745,663,172,100,72,89,46,43,68,35,33,3376,1746,1630
NUECES COUNTY,355,31 Years,5182,2725,2457,1459,803,656,172,90,82,88,41,47,64,31,33,3399,1760,1639
NUECES COUNTY,355,32 Years,4888,2422,2466,1328,645,683,190,105,85,106,45,61,63,29,34,3201,1598,1603
NUECES COUNTY,355,33 Years,4942,2543,2399,1332,703,629,195,114,81,119,50,69,62,29,33,3234,1647,1587
NUECES COUNTY,355,34 Years,4963,2542,2421,1415,730,685,189,112,77,100,35,65,64,31,33,3195,1634,1561
NUECES COUNTY,355,35 Years,5175,2644,2531,1422,759,663,192,108,84,94,43,51,62,33,29,3405,1701,1704
NUECES COUNTY,355,36 Years,5147,2664,2483,1404,732,672,191,108,83,85,43,42,68,37,31,3399,1744,1655
NUECES COUNTY,355,37 Years,5133,2598,2535,1405,720,685,190,110,80,95,34,61,71,33,38,3372,1701,1671
NUECES COUNTY,355,38 Years,4933,2516,2417,1369,716,653,167,106,61,103,45,58,59,31,28,3235,1618,1617
NUECES COUNTY,355,39 Years,4627,2351,2276,1323,695,628,189,109,80,79,36,43,57,28,29,2979,1483,1496
NUECES COUNTY,355,40 Years,4461,2208,2253,1247,633,614,173,99,74,96,43,53,52,26,26,2893,1407,1486
NUECES COUNTY,355,41 Years,4315,2096,2219,1145,570,575,151,83,68,107,46,61,48,19,29,2864,1378,1486
NUECES COUNTY,355,42 Years,4215,2047,2168,1096,556,540,152,80,72,128,62,66,47,17,30,2792,1332,1460
NUECES COUNTY,355,43 Years,4140,2053,2087,1078,554,524,155,91,64,138,69,69,38,20,18,2731,1319,1412
NUECES COUNTY,355,44 Years,4075,2029,2046,1070,553,517,157,93,64,147,69,78,42,24,18,2659,1290,1369
NUECES COUNTY,355,45 Years,4108,2044,2064,1104,579,525,163,84,79,108,48,60,51,27,24,2682,1306,1376
NUECES COUNTY,355,46 Years,4250,2065,2185,1165,576,589,150,89,61,141,45,96,56,29,27,2738,1326,1412
NUECES COUNTY,355,47 Years,4367,2149,2218,1256,654,602,153,93,60,150,63,87,54,28,26,2754,1311,1443
NUECES COUNTY,355,48 Years,4293,2147,2146,1278,652,626,152,91,61,122,48,74,44,25,19,2697,1331,1366
NUECES COUNTY,355,49 Years,3940,1958,1982,1225,640,585,128,68,60,105,38,67,45,26,19,2437,1186,1251
NUECES COUNTY,355,50 Years,3908,1902,2006,1192,601,591,124,64,60,111,48,63,50,24,26,2431,1165,1266
NUECES COUNTY,355,51 Years,3930,1940,1990,1207,623,584,130,70,60,94,38,56,42,18,24,2457,1191,1266
NUECES COUNTY,355,52 Years,3790,1895,1895,1231,630,601,123,69,54,72,28,44,44,21,23,2320,1147,1173
NUECES COUNTY,355,53 Years,4249,2101,2148,1382,685,697,182,108,74,110,49,61,47,25,22,2528,1234,1294
NUECES COUNTY,355,54 Years,4437,2144,2293,1571,798,773,167,94,73,107,42,65,48,24,24,2544,1186,1358
NUECES COUNTY,355,55 Years,4623,2213,2410,1639,821,818,176,99,77,105,38,67,39,22,17,2664,1233,1431
NUECES COUNTY,355,56 Years,4439,2197,2242,1605,810,795,176,102,74,80,32,48,53,30,23,2525,1223,1302
NUECES COUNTY,355,57 Years,4425,2168,2257,1662,849,813,165,96,69,102,51,51,60,36,24,2436,1136,1300
NUECES COUNTY,355,58 Years,4544,2222,2322,1694,871,823,175,92,83,104,39,65,59,29,30,2512,1191,1321
NUECES COUNTY,355,59 Years,4322,2112,2210,1660,824,836,170,85,85,94,35,59,40,19,21,2358,1149,1209
NUECES COUNTY,355,60 Years,4269,2076,2193,1636,812,824,158,84,74,91,37,54,41,21,20,2343,1122,1221
NUECES COUNTY,355,61 Years,4304,2067,2237,1656,833,823,180,92,88,87,38,49,55,30,25,2326,1074,1252
NUECES COUNTY,355,62 Years,4325,2101,2224,1656,847,809,191,107,84,94,32,62,51,28,23,2333,1087,1246
NUECES COUNTY,355,63 Years,4243,2061,2182,1733,868,865,180,103,77,99,47,52,53,30,23,2178,1013,1165
NUECES COUNTY,355,64 Years,4070,1953,2117,1691,837,854,172,84,88,99,39,60,43,19,24,2065,974,1091
NUECES COUNTY,355,65 Years,3779,1845,1934,1542,777,765,158,88,70,84,29,55,37,14,23,1958,937,1021
NUECES COUNTY,355,66 Years,3526,1729,1797,1462,735,727,132,73,59,70,29,41,44,23,21,1818,869,949
NUECES COUNTY,355,67 Years,3367,1611,1756,1336,656,680,118,62,56,70,24,46,41,22,19,1802,847,955
NUECES COUNTY,355,68 Years,3229,1534,1695,1264,629,635,127,62,65,68,25,43,42,24,18,1728,794,934
NUECES COUNTY,355,69 Years,3143,1498,1645,1227,617,610,114,51,63,65,26,39,37,21,16,1700,783,917
NUECES COUNTY,355,70 Years,3142,1507,1635,1279,653,626,110,54,56,59,22,37,41,21,20,1653,757,896
NUECES COUNTY,355,71 Years,2993,1418,1575,1272,631,641,84,39,45,54,20,34,44,21,23,1539,707,832
NUECES COUNTY,355,72 Years,2522,1172,1350,1032,489,543,90,47,43,50,16,34,32,17,15,1318,603,715
NUECES COUNTY,355,73 Years,2386,1121,1265,960,465,495,78,37,41,43,18,25,24,13,11,1281,588,693
NUECES COUNTY,355,74 Years,2195,1016,1179,944,451,493,66,31,35,37,12,25,22,12,10,1126,510,616
NUECES COUNTY,355,75 Years,1995,911,1084,893,422,471,66,29,37,28,10,18,19,9,10,989,441,548
NUECES COUNTY,355,76 Years,1848,847,1001,791,399,392,66,29,37,31,12,19,14,6,8,946,401,545
NUECES COUNTY,355,77 Years,1679,757,922,727,353,374,54,23,31,29,12,17,16,5,11,853,364,489
NUECES COUNTY,355,78 Years,1488,663,825,646,299,347,47,22,25,29,13,16,18,9,9,748,320,428
NUECES COUNTY,355,79 Years,1400,597,803,618,281,337,49,21,28,20,9,11,14,5,9,699,281,418
NUECES COUNTY,355,80 Years,1323,533,790,552,241,311,45,17,28,16,9,7,14,6,8,696,260,436
NUECES COUNTY,355,81 Years,1234,508,726,532,233,299,41,14,27,18,9,9,14,5,9,629,247,382
NUECES COUNTY,355,82 Years,1142,454,688,481,199,282,37,15,22,18,10,8,12,4,8,594,226,368
NUECES COUNTY,355,83 Years,1125,430,695,486,195,291,39,17,22,13,5,8,9,3,6,578,210,368
NUECES COUNTY,355,84 Years,965,374,591,423,168,255,29,10,19,16,6,10,9,2,7,488,188,300
NUECES COUNTY,355,85 Years,858,328,530,377,156,221,28,11,17,18,5,13,8,4,4,427,152,275
NUECES COUNTY,355,86 Years,817,303,514,363,143,220,25,11,14,16,4,12,7,3,4,406,142,264
NUECES COUNTY,355,87 Years,773,283,490,355,132,223,20,9,11,20,6,14,7,3,4,371,133,238
NUECES COUNTY,355,88 Years,675,251,424,317,127,190,20,6,14,13,4,9,6,2,4,319,112,207
NUECES COUNTY,355,89 Years,561,201,360,263,102,161,16,3,13,8,3,5,4,2,2,270,91,179
NUECES COUNTY,355,90 Years,493,160,333,230,81,149,18,5,13,6,1,5,2,1,1,237,72,165
NUECES COUNTY,355,91 Years,410,136,274,194,64,130,14,3,11,5,2,3,2,1,1,195,66,129
NUECES COUNTY,355,92 Years,349,116,233,164,54,110,11,2,9,6,3,3,2,1,1,166,56,110
NUECES COUNTY,355,93 Years,278,88,190,133,42,91,12,4,8,6,3,3,3,1,2,124,38,86
NUECES COUNTY,355,94 Years,221,70,151,102,34,68,11,2,9,5,2,3,2,1,1,101,31,70
NUECES COUNTY,355,95 Years +,524,154,370,230,68,162,23,4,19,11,5,6,3,1,2,257,76,181
OCHILTREE COUNTY,357,All Ages,10159,5164,4995,4350,2159,2191,21,10,11,19,8,11,137,71,66,5632,2916,2716
OCHILTREE COUNTY,357,< 1 Year,133,72,61,34,16,18,2,2,0,0,0,0,0,0,0,97,54,43
OCHILTREE COUNTY,357,1 Years,148,72,76,37,17,20,1,1,0,0,0,0,0,0,0,110,54,56
OCHILTREE COUNTY,357,2 Years,165,79,86,37,18,19,0,0,0,0,0,0,2,1,1,126,60,66
OCHILTREE COUNTY,357,3 Years,185,85,100,42,19,23,0,0,0,0,0,0,2,1,1,141,65,76
OCHILTREE COUNTY,357,4 Years,183,90,93,41,20,21,0,0,0,0,0,0,2,1,1,140,69,71
OCHILTREE COUNTY,357,5 Years,181,87,94,46,21,25,1,0,1,0,0,0,2,1,1,132,65,67
OCHILTREE COUNTY,357,6 Years,172,85,87,44,23,21,1,0,1,1,0,1,2,1,1,124,61,63
OCHILTREE COUNTY,357,7 Years,163,78,85,44,22,22,0,0,0,0,0,0,2,1,1,117,55,62
OCHILTREE COUNTY,357,8 Years,175,84,91,42,25,17,0,0,0,1,1,0,2,2,0,130,56,74
OCHILTREE COUNTY,357,9 Years,165,87,78,45,29,16,1,0,1,0,0,0,0,0,0,119,58,61
OCHILTREE COUNTY,357,10 Years,172,98,74,46,26,20,1,1,0,1,0,1,2,2,0,122,69,53
OCHILTREE COUNTY,357,11 Years,170,88,82,50,22,28,1,1,0,1,0,1,1,1,0,117,64,53
OCHILTREE COUNTY,357,12 Years,178,87,91,56,29,27,1,0,1,0,0,0,1,0,1,120,58,62
OCHILTREE COUNTY,357,13 Years,180,81,99,51,25,26,0,0,0,0,0,0,1,0,1,128,56,72
OCHILTREE COUNTY,357,14 Years,189,84,105,63,28,35,1,0,1,1,0,1,1,1,0,123,55,68
OCHILTREE COUNTY,357,15 Years,167,87,80,50,27,23,1,0,1,0,0,0,4,3,1,112,57,55
OCHILTREE COUNTY,357,16 Years,150,74,76,48,27,21,0,0,0,0,0,0,2,2,0,100,45,55
OCHILTREE COUNTY,357,17 Years,164,85,79,53,34,19,1,0,1,0,0,0,4,2,2,106,49,57
OCHILTREE COUNTY,357,18 Years,153,86,67,46,27,19,1,0,1,1,1,0,3,2,1,102,56,46
OCHILTREE COUNTY,357,19 Years,140,73,67,41,21,20,0,0,0,0,0,0,3,1,2,96,51,45
OCHILTREE COUNTY,357,20 Years,124,70,54,39,21,18,0,0,0,0,0,0,1,0,1,84,49,35
OCHILTREE COUNTY,357,21 Years,127,68,59,45,23,22,0,0,0,0,0,0,2,1,1,80,44,36
OCHILTREE COUNTY,357,22 Years,133,80,53,49,28,21,0,0,0,0,0,0,4,3,1,80,49,31
OCHILTREE COUNTY,357,23 Years,139,83,56,52,26,26,0,0,0,0,0,0,3,1,2,84,56,28
OCHILTREE COUNTY,357,24 Years,139,73,66,50,26,24,0,0,0,1,0,1,3,1,2,85,46,39
OCHILTREE COUNTY,357,25 Years,132,75,57,53,28,25,0,0,0,0,0,0,3,2,1,76,45,31
OCHILTREE COUNTY,357,26 Years,153,82,71,61,29,32,1,0,1,0,0,0,3,1,2,88,52,36
OCHILTREE COUNTY,357,27 Years,128,56,72,49,18,31,0,0,0,0,0,0,2,1,1,77,37,40
OCHILTREE COUNTY,357,28 Years,140,65,75,63,27,36,0,0,0,0,0,0,1,0,1,76,38,38
OCHILTREE COUNTY,357,29 Years,136,64,72,59,25,34,0,0,0,1,0,1,2,1,1,74,38,36
OCHILTREE COUNTY,357,30 Years,143,70,73,61,28,33,0,0,0,0,0,0,2,1,1,80,41,39
OCHILTREE COUNTY,357,31 Years,145,68,77,53,24,29,1,1,0,0,0,0,2,1,1,89,42,47
OCHILTREE COUNTY,357,32 Years,125,58,67,54,20,34,0,0,0,0,0,0,0,0,0,71,38,33
OCHILTREE COUNTY,357,33 Years,161,77,84,70,32,38,0,0,0,0,0,0,3,1,2,88,44,44
OCHILTREE COUNTY,357,34 Years,130,66,64,58,28,30,0,0,0,0,0,0,2,1,1,70,37,33
OCHILTREE COUNTY,357,35 Years,129,64,65,58,26,32,0,0,0,0,0,0,2,2,0,69,36,33
OCHILTREE COUNTY,357,36 Years,140,70,70,64,34,30,0,0,0,0,0,0,1,1,0,75,35,40
OCHILTREE COUNTY,357,37 Years,125,58,67,53,28,25,1,0,1,0,0,0,1,1,0,70,29,41
OCHILTREE COUNTY,357,38 Years,113,65,48,46,28,18,0,0,0,0,0,0,3,1,2,64,36,28
OCHILTREE COUNTY,357,39 Years,136,67,69,54,27,27,1,1,0,0,0,0,2,1,1,79,38,41
OCHILTREE COUNTY,357,40 Years,145,68,77,55,26,29,1,1,0,0,0,0,2,1,1,87,40,47
OCHILTREE COUNTY,357,41 Years,130,68,62,42,19,23,0,0,0,1,1,0,2,2,0,85,46,39
OCHILTREE COUNTY,357,42 Years,123,67,56,42,17,25,0,0,0,1,1,0,1,1,0,79,48,31
OCHILTREE COUNTY,357,43 Years,137,74,63,55,27,28,0,0,0,0,0,0,1,1,0,81,46,35
OCHILTREE COUNTY,357,44 Years,136,81,55,57,36,21,0,0,0,0,0,0,0,0,0,79,45,34
OCHILTREE COUNTY,357,45 Years,112,65,47,44,26,18,0,0,0,0,0,0,0,0,0,68,39,29
OCHILTREE COUNTY,357,46 Years,123,74,49,46,29,17,1,0,1,0,0,0,1,0,1,75,45,30
OCHILTREE COUNTY,357,47 Years,113,61,52,46,24,22,0,0,0,0,0,0,1,0,1,66,37,29
OCHILTREE COUNTY,357,48 Years,116,64,52,51,28,23,0,0,0,0,0,0,1,0,1,64,36,28
OCHILTREE COUNTY,357,49 Years,105,57,48,43,22,21,0,0,0,0,0,0,2,2,0,60,33,27
OCHILTREE COUNTY,357,50 Years,109,58,51,43,21,22,1,1,0,0,0,0,3,1,2,62,35,27
OCHILTREE COUNTY,357,51 Years,106,59,47,52,28,24,0,0,0,0,0,0,2,1,1,52,30,22
OCHILTREE COUNTY,357,52 Years,123,64,59,54,28,26,0,0,0,1,0,1,1,1,0,67,35,32
OCHILTREE COUNTY,357,53 Years,120,62,58,59,30,29,0,0,0,2,2,0,3,1,2,56,29,27
OCHILTREE COUNTY,357,54 Years,120,66,54,64,29,35,0,0,0,1,0,1,2,1,1,53,36,17
OCHILTREE COUNTY,357,55 Years,126,68,58,78,38,40,0,0,0,0,0,0,2,1,1,46,29,17
OCHILTREE COUNTY,357,56 Years,124,64,60,79,43,36,1,1,0,0,0,0,3,2,1,41,18,23
OCHILTREE COUNTY,357,57 Years,133,71,62,80,44,36,0,0,0,0,0,0,2,1,1,51,26,25
OCHILTREE COUNTY,357,58 Years,133,70,63,80,41,39,0,0,0,2,2,0,3,2,1,48,25,23
OCHILTREE COUNTY,357,59 Years,112,54,58,64,35,29,0,0,0,1,0,1,4,1,3,43,18,25
OCHILTREE COUNTY,357,60 Years,110,53,57,66,31,35,0,0,0,1,0,1,4,2,2,39,20,19
OCHILTREE COUNTY,357,61 Years,111,62,49,75,42,33,0,0,0,0,0,0,1,0,1,35,20,15
OCHILTREE COUNTY,357,62 Years,108,55,53,70,37,33,0,0,0,0,0,0,2,1,1,36,17,19
OCHILTREE COUNTY,357,63 Years,110,60,50,71,39,32,0,0,0,0,0,0,1,1,0,38,20,18
OCHILTREE COUNTY,357,64 Years,95,48,47,62,33,29,0,0,0,0,0,0,1,0,1,32,15,17
OCHILTREE COUNTY,357,65 Years,89,40,49,60,27,33,0,0,0,0,0,0,0,0,0,29,13,16
OCHILTREE COUNTY,357,66 Years,88,42,46,66,30,36,0,0,0,0,0,0,0,0,0,22,12,10
OCHILTREE COUNTY,357,67 Years,71,38,33,53,26,27,0,0,0,0,0,0,0,0,0,18,12,6
OCHILTREE COUNTY,357,68 Years,65,34,31,45,23,22,0,0,0,0,0,0,0,0,0,20,11,9
OCHILTREE COUNTY,357,69 Years,67,33,34,48,22,26,0,0,0,1,0,1,1,1,0,17,10,7
OCHILTREE COUNTY,357,70 Years,66,38,28,55,29,26,0,0,0,0,0,0,1,1,0,10,8,2
OCHILTREE COUNTY,357,71 Years,62,35,27,48,26,22,0,0,0,0,0,0,1,0,1,13,9,4
OCHILTREE COUNTY,357,72 Years,51,25,26,34,16,18,0,0,0,0,0,0,2,0,2,15,9,6
OCHILTREE COUNTY,357,73 Years,53,22,31,36,16,20,0,0,0,0,0,0,1,0,1,16,6,10
OCHILTREE COUNTY,357,74 Years,46,22,24,35,16,19,0,0,0,0,0,0,0,0,0,11,6,5
OCHILTREE COUNTY,357,75 Years,46,22,24,35,16,19,0,0,0,0,0,0,0,0,0,11,6,5
OCHILTREE COUNTY,357,76 Years,38,14,24,29,10,19,0,0,0,0,0,0,1,0,1,8,4,4
OCHILTREE COUNTY,357,77 Years,42,16,26,37,14,23,0,0,0,0,0,0,1,1,0,4,1,3
OCHILTREE COUNTY,357,78 Years,38,15,23,32,12,20,0,0,0,0,0,0,0,0,0,6,3,3
OCHILTREE COUNTY,357,79 Years,29,10,19,22,8,14,0,0,0,0,0,0,1,0,1,6,2,4
OCHILTREE COUNTY,357,80 Years,30,16,14,24,13,11,0,0,0,0,0,0,0,0,0,6,3,3
OCHILTREE COUNTY,357,81 Years,26,14,12,15,8,7,0,0,0,0,0,0,0,0,0,11,6,5
OCHILTREE COUNTY,357,82 Years,27,12,15,17,7,10,0,0,0,0,0,0,0,0,0,10,5,5
OCHILTREE COUNTY,357,83 Years,32,13,19,25,11,14,0,0,0,0,0,0,2,0,2,5,2,3
OCHILTREE COUNTY,357,84 Years,26,9,17,21,8,13,0,0,0,0,0,0,0,0,0,5,1,4
OCHILTREE COUNTY,357,85 Years,25,12,13,19,10,9,0,0,0,0,0,0,0,0,0,6,2,4
OCHILTREE COUNTY,357,86 Years,22,8,14,17,6,11,0,0,0,0,0,0,1,0,1,4,2,2
OCHILTREE COUNTY,357,87 Years,25,9,16,21,6,15,0,0,0,0,0,0,1,1,0,3,2,1
OCHILTREE COUNTY,357,88 Years,16,6,10,12,4,8,0,0,0,0,0,0,1,1,0,3,1,2
OCHILTREE COUNTY,357,89 Years,13,3,10,11,3,8,0,0,0,0,0,0,0,0,0,2,0,2
OCHILTREE COUNTY,357,90 Years,13,4,9,12,3,9,0,0,0,0,0,0,0,0,0,1,1,0
OCHILTREE COUNTY,357,91 Years,11,6,5,11,6,5,0,0,0,0,0,0,0,0,0,0,0,0
OCHILTREE COUNTY,357,92 Years,11,5,6,9,3,6,0,0,0,0,0,0,0,0,0,2,2,0
OCHILTREE COUNTY,357,93 Years,5,3,2,4,2,2,0,0,0,0,0,0,0,0,0,1,1,0
OCHILTREE COUNTY,357,94 Years,4,2,2,4,2,2,0,0,0,0,0,0,0,0,0,0,0,0
OCHILTREE COUNTY,357,95 Years +,11,2,9,8,1,7,0,0,0,0,0,0,0,0,0,3,1,2
OLDHAM COUNTY,359,All Ages,2112,1063,1049,1743,883,860,65,38,27,17,6,11,29,14,15,258,122,136
OLDHAM COUNTY,359,< 1 Year,22,9,13,19,7,12,0,0,0,0,0,0,0,0,0,3,2,1
OLDHAM COUNTY,359,1 Years,20,8,12,15,7,8,0,0,0,0,0,0,0,0,0,5,1,4
OLDHAM COUNTY,359,2 Years,21,10,11,18,9,9,0,0,0,0,0,0,0,0,0,3,1,2
OLDHAM COUNTY,359,3 Years,20,10,10,17,9,8,0,0,0,0,0,0,0,0,0,3,1,2
OLDHAM COUNTY,359,4 Years,21,12,9,19,10,9,0,0,0,0,0,0,0,0,0,2,2,0
OLDHAM COUNTY,359,5 Years,21,10,11,18,8,10,0,0,0,0,0,0,0,0,0,3,2,1
OLDHAM COUNTY,359,6 Years,19,11,8,17,9,8,0,0,0,0,0,0,0,0,0,2,2,0
OLDHAM COUNTY,359,7 Years,17,8,9,15,7,8,0,0,0,0,0,0,0,0,0,2,1,1
OLDHAM COUNTY,359,8 Years,16,10,6,13,8,5,1,0,1,0,0,0,0,0,0,2,2,0
OLDHAM COUNTY,359,9 Years,21,8,13,15,8,7,1,0,1,0,0,0,1,0,1,4,0,4
OLDHAM COUNTY,359,10 Years,24,16,8,13,9,4,7,7,0,0,0,0,1,0,1,3,0,3
OLDHAM COUNTY,359,11 Years,22,13,9,16,8,8,3,3,0,0,0,0,0,0,0,3,2,1
OLDHAM COUNTY,359,12 Years,19,12,7,16,10,6,1,0,1,0,0,0,0,0,0,2,2,0
OLDHAM COUNTY,359,13 Years,36,22,14,23,14,9,1,0,1,0,0,0,0,0,0,12,8,4
OLDHAM COUNTY,359,14 Years,46,24,22,26,12,14,2,1,1,0,0,0,1,0,1,17,11,6
OLDHAM COUNTY,359,15 Years,74,45,29,52,30,22,5,4,1,0,0,0,5,3,2,12,8,4
OLDHAM COUNTY,359,16 Years,74,46,28,61,38,23,5,3,2,0,0,0,0,0,0,8,5,3
OLDHAM COUNTY,359,17 Years,67,38,29,50,30,20,3,0,3,1,0,1,2,1,1,11,7,4
OLDHAM COUNTY,359,18 Years,45,28,17,34,22,12,2,2,0,0,0,0,0,0,0,9,4,5
OLDHAM COUNTY,359,19 Years,40,29,11,31,23,8,3,3,0,0,0,0,0,0,0,6,3,3
OLDHAM COUNTY,359,20 Years,38,22,16,30,17,13,1,1,0,0,0,0,1,1,0,6,3,3
OLDHAM COUNTY,359,21 Years,40,25,15,32,20,12,2,2,0,0,0,0,2,0,2,4,3,1
OLDHAM COUNTY,359,22 Years,46,29,17,33,23,10,4,3,1,0,0,0,4,1,3,5,2,3
OLDHAM COUNTY,359,23 Years,30,20,10,21,14,7,4,3,1,0,0,0,1,1,0,4,2,2
OLDHAM COUNTY,359,24 Years,25,16,9,18,12,6,4,3,1,0,0,0,0,0,0,3,1,2
OLDHAM COUNTY,359,25 Years,17,10,7,13,8,5,1,0,1,0,0,0,0,0,0,3,2,1
OLDHAM COUNTY,359,26 Years,28,15,13,23,13,10,2,1,1,0,0,0,0,0,0,3,1,2
OLDHAM COUNTY,359,27 Years,16,7,9,14,6,8,1,1,0,0,0,0,0,0,0,1,0,1
OLDHAM COUNTY,359,28 Years,10,4,6,6,3,3,2,0,2,0,0,0,0,0,0,2,1,1
OLDHAM COUNTY,359,29 Years,14,7,7,10,5,5,0,0,0,1,1,0,0,0,0,3,1,2
OLDHAM COUNTY,359,30 Years,12,7,5,9,6,3,0,0,0,0,0,0,0,0,0,3,1,2
OLDHAM COUNTY,359,31 Years,6,4,2,5,3,2,0,0,0,0,0,0,0,0,0,1,1,0
OLDHAM COUNTY,359,32 Years,16,6,10,13,5,8,0,0,0,0,0,0,0,0,0,3,1,2
OLDHAM COUNTY,359,33 Years,22,8,14,18,6,12,1,1,0,0,0,0,0,0,0,3,1,2
OLDHAM COUNTY,359,34 Years,17,6,11,16,6,10,0,0,0,0,0,0,0,0,0,1,0,1
OLDHAM COUNTY,359,35 Years,15,6,9,12,5,7,0,0,0,0,0,0,0,0,0,3,1,2
OLDHAM COUNTY,359,36 Years,20,9,11,17,8,9,1,0,1,0,0,0,0,0,0,2,1,1
OLDHAM COUNTY,359,37 Years,21,4,17,18,3,15,0,0,0,0,0,0,0,0,0,3,1,2
OLDHAM COUNTY,359,38 Years,26,10,16,24,10,14,0,0,0,0,0,0,1,0,1,1,0,1
OLDHAM COUNTY,359,39 Years,30,14,16,29,14,15,1,0,1,0,0,0,0,0,0,0,0,0
OLDHAM COUNTY,359,40 Years,24,12,12,22,11,11,0,0,0,0,0,0,0,0,0,2,1,1
OLDHAM COUNTY,359,41 Years,21,12,9,18,10,8,0,0,0,0,0,0,1,1,0,2,1,1
OLDHAM COUNTY,359,42 Years,19,9,10,15,8,7,0,0,0,1,0,1,0,0,0,3,1,2
OLDHAM COUNTY,359,43 Years,20,8,12,17,7,10,0,0,0,1,0,1,0,0,0,2,1,1
OLDHAM COUNTY,359,44 Years,23,11,12,22,10,12,0,0,0,0,0,0,0,0,0,1,1,0
OLDHAM COUNTY,359,45 Years,22,11,11,19,10,9,2,0,2,0,0,0,0,0,0,1,1,0
OLDHAM COUNTY,359,46 Years,25,14,11,21,13,8,0,0,0,2,0,2,1,1,0,1,0,1
OLDHAM COUNTY,359,47 Years,22,9,13,17,8,9,0,0,0,2,0,2,2,1,1,1,0,1
OLDHAM COUNTY,359,48 Years,24,12,12,20,11,9,0,0,0,0,0,0,1,0,1,3,1,2
OLDHAM COUNTY,359,49 Years,29,10,19,26,10,16,1,0,1,0,0,0,0,0,0,2,0,2
OLDHAM COUNTY,359,50 Years,22,8,14,19,7,12,1,0,1,0,0,0,0,0,0,2,1,1
OLDHAM COUNTY,359,51 Years,13,4,9,12,4,8,0,0,0,0,0,0,0,0,0,1,0,1
OLDHAM COUNTY,359,52 Years,14,5,9,12,4,8,0,0,0,0,0,0,0,0,0,2,1,1
OLDHAM COUNTY,359,53 Years,22,9,13,21,8,13,0,0,0,0,0,0,0,0,0,1,1,0
OLDHAM COUNTY,359,54 Years,31,15,16,29,13,16,0,0,0,0,0,0,0,0,0,2,2,0
OLDHAM COUNTY,359,55 Years,33,20,13,28,17,11,0,0,0,1,1,0,0,0,0,4,2,2
OLDHAM COUNTY,359,56 Years,21,11,10,18,10,8,0,0,0,0,0,0,0,0,0,3,1,2
OLDHAM COUNTY,359,57 Years,25,10,15,21,9,12,0,0,0,0,0,0,0,0,0,4,1,3
OLDHAM COUNTY,359,58 Years,26,11,15,22,10,12,0,0,0,0,0,0,1,1,0,3,0,3
OLDHAM COUNTY,359,59 Years,26,12,14,21,10,11,0,0,0,1,0,1,0,0,0,4,2,2
OLDHAM COUNTY,359,60 Years,32,16,16,28,14,14,0,0,0,1,0,1,0,0,0,3,2,1
OLDHAM COUNTY,359,61 Years,34,14,20,30,13,17,1,0,1,1,1,0,0,0,0,2,0,2
OLDHAM COUNTY,359,62 Years,27,14,13,25,12,13,0,0,0,1,1,0,0,0,0,1,1,0
OLDHAM COUNTY,359,63 Years,38,19,19,32,16,16,0,0,0,1,0,1,0,0,0,5,3,2
OLDHAM COUNTY,359,64 Years,25,11,14,21,10,11,0,0,0,0,0,0,0,0,0,4,1,3
OLDHAM COUNTY,359,65 Years,18,7,11,15,6,9,0,0,0,1,0,1,0,0,0,2,1,1
OLDHAM COUNTY,359,66 Years,23,11,12,21,10,11,1,0,1,0,0,0,0,0,0,1,1,0
OLDHAM COUNTY,359,67 Years,21,6,15,18,6,12,1,0,1,0,0,0,0,0,0,2,0,2
OLDHAM COUNTY,359,68 Years,23,12,11,22,11,11,0,0,0,0,0,0,0,0,0,1,1,0
OLDHAM COUNTY,359,69 Years,27,15,12,24,15,9,0,0,0,0,0,0,0,0,0,3,0,3
OLDHAM COUNTY,359,70 Years,28,13,15,26,13,13,0,0,0,0,0,0,0,0,0,2,0,2
OLDHAM COUNTY,359,71 Years,22,10,12,18,9,9,0,0,0,0,0,0,1,0,1,3,1,2
OLDHAM COUNTY,359,72 Years,20,11,9,16,9,7,0,0,0,0,0,0,0,0,0,4,2,2
OLDHAM COUNTY,359,73 Years,17,9,8,14,7,7,0,0,0,0,0,0,1,1,0,2,1,1
OLDHAM COUNTY,359,74 Years,22,10,12,20,9,11,0,0,0,0,0,0,0,0,0,2,1,1
OLDHAM COUNTY,359,75 Years,15,6,9,13,5,8,0,0,0,0,0,0,1,1,0,1,0,1
OLDHAM COUNTY,359,76 Years,11,4,7,10,3,7,0,0,0,0,0,0,1,1,0,0,0,0
OLDHAM COUNTY,359,77 Years,10,5,5,9,4,5,0,0,0,1,1,0,0,0,0,0,0,0
OLDHAM COUNTY,359,78 Years,14,6,8,13,5,8,0,0,0,1,1,0,0,0,0,0,0,0
OLDHAM COUNTY,359,79 Years,14,4,10,13,4,9,0,0,0,0,0,0,0,0,0,1,0,1
OLDHAM COUNTY,359,80 Years,11,5,6,10,5,5,0,0,0,0,0,0,0,0,0,1,0,1
OLDHAM COUNTY,359,81 Years,14,6,8,12,6,6,0,0,0,0,0,0,0,0,0,2,0,2
OLDHAM COUNTY,359,82 Years,13,7,6,11,6,5,0,0,0,0,0,0,0,0,0,2,1,1
OLDHAM COUNTY,359,83 Years,11,5,6,11,5,6,0,0,0,0,0,0,0,0,0,0,0,0
OLDHAM COUNTY,359,84 Years,10,4,6,10,4,6,0,0,0,0,0,0,0,0,0,0,0,0
OLDHAM COUNTY,359,85 Years,6,3,3,5,3,2,0,0,0,0,0,0,0,0,0,1,0,1
OLDHAM COUNTY,359,86 Years,7,3,4,6,2,4,0,0,0,0,0,0,0,0,0,1,1,0
OLDHAM COUNTY,359,87 Years,7,3,4,7,3,4,0,0,0,0,0,0,0,0,0,0,0,0
OLDHAM COUNTY,359,88 Years,6,3,3,6,3,3,0,0,0,0,0,0,0,0,0,0,0,0
OLDHAM COUNTY,359,89 Years,6,3,3,6,3,3,0,0,0,0,0,0,0,0,0,0,0,0
OLDHAM COUNTY,359,90 Years,4,1,3,4,1,3,0,0,0,0,0,0,0,0,0,0,0,0
OLDHAM COUNTY,359,91 Years,4,1,3,4,1,3,0,0,0,0,0,0,0,0,0,0,0,0
OLDHAM COUNTY,359,92 Years,4,1,3,4,1,3,0,0,0,0,0,0,0,0,0,0,0,0
OLDHAM COUNTY,359,93 Years,3,2,1,3,2,1,0,0,0,0,0,0,0,0,0,0,0,0
OLDHAM COUNTY,359,94 Years,3,1,2,2,1,1,0,0,0,0,0,0,0,0,0,1,0,1
OLDHAM COUNTY,359,95 Years +,6,1,5,5,1,4,0,0,0,0,0,0,0,0,0,1,0,1
ORANGE COUNTY,361,All Ages,84862,42126,42736,68897,34094,34803,7499,3601,3898,891,432,459,1809,918,891,5766,3081,2685
ORANGE COUNTY,361,< 1 Year,999,512,487,691,367,324,111,52,59,12,5,7,48,19,29,137,69,68
ORANGE COUNTY,361,1 Years,1005,516,489,706,370,336,108,53,55,11,5,6,49,23,26,131,65,66
ORANGE COUNTY,361,2 Years,1075,552,523,759,394,365,126,64,62,12,6,6,54,27,27,124,61,63
ORANGE COUNTY,361,3 Years,1107,571,536,806,415,391,122,65,57,11,7,4,51,28,23,117,56,61
ORANGE COUNTY,361,4 Years,1135,586,549,825,421,404,132,74,58,11,5,6,49,26,23,118,60,58
ORANGE COUNTY,361,5 Years,1106,566,540,799,411,388,126,62,64,9,5,4,49,25,24,123,63,60
ORANGE COUNTY,361,6 Years,1062,547,515,764,395,369,122,60,62,10,5,5,44,23,21,122,64,58
ORANGE COUNTY,361,7 Years,1029,533,496,745,397,348,119,55,64,11,6,5,41,22,19,113,53,60
ORANGE COUNTY,361,8 Years,1000,512,488,746,384,362,109,61,48,9,3,6,38,16,22,98,48,50
ORANGE COUNTY,361,9 Years,1119,578,541,848,433,415,110,59,51,9,6,3,37,20,17,115,60,55
ORANGE COUNTY,361,10 Years,1151,603,548,841,431,410,150,79,71,9,7,2,43,25,18,108,61,47
ORANGE COUNTY,361,11 Years,1132,584,548,846,453,393,141,64,77,10,4,6,36,17,19,99,46,53
ORANGE COUNTY,361,12 Years,1103,580,523,814,428,386,125,69,56,13,7,6,42,25,17,109,51,58
ORANGE COUNTY,361,13 Years,1089,569,520,818,422,396,124,66,58,9,5,4,28,17,11,110,59,51
ORANGE COUNTY,361,14 Years,1116,595,521,844,445,399,131,69,62,8,5,3,31,19,12,102,57,45
ORANGE COUNTY,361,15 Years,1124,593,531,830,434,396,127,65,62,13,6,7,36,17,19,118,71,47
ORANGE COUNTY,361,16 Years,1071,567,504,804,429,375,105,51,54,19,9,10,28,15,13,115,63,52
ORANGE COUNTY,361,17 Years,1062,562,500,807,431,376,112,55,57,21,9,12,27,17,10,95,50,45
ORANGE COUNTY,361,18 Years,1017,531,486,769,396,373,104,54,50,14,8,6,32,16,16,98,57,41
ORANGE COUNTY,361,19 Years,931,460,471,703,354,349,98,46,52,16,8,8,25,12,13,89,40,49
ORANGE COUNTY,361,20 Years,887,467,420,658,349,309,91,41,50,14,9,5,22,11,11,102,57,45
ORANGE COUNTY,361,21 Years,928,482,446,707,359,348,98,53,45,14,6,8,23,11,12,86,53,33
ORANGE COUNTY,361,22 Years,984,495,489,723,356,367,121,61,60,12,5,7,23,13,10,105,60,45
ORANGE COUNTY,361,23 Years,1036,545,491,777,404,373,129,70,59,19,8,11,25,15,10,86,48,38
ORANGE COUNTY,361,24 Years,1141,571,570,844,421,423,147,70,77,15,7,8,29,17,12,106,56,50
ORANGE COUNTY,361,25 Years,1203,609,594,907,448,459,159,88,71,12,5,7,35,17,18,90,51,39
ORANGE COUNTY,361,26 Years,1190,625,565,905,464,441,145,78,67,11,3,8,30,17,13,99,63,36
ORANGE COUNTY,361,27 Years,1257,627,630,999,497,502,135,68,67,11,3,8,19,11,8,93,48,45
ORANGE COUNTY,361,28 Years,1217,626,591,994,514,480,117,57,60,8,4,4,26,14,12,72,37,35
ORANGE COUNTY,361,29 Years,1179,589,590,958,468,490,112,56,56,12,7,5,15,8,7,82,50,32
ORANGE COUNTY,361,30 Years,1110,532,578,905,426,479,94,45,49,12,4,8,11,4,7,88,53,35
ORANGE COUNTY,361,31 Years,1101,526,575,902,434,468,98,36,62,9,4,5,16,7,9,76,45,31
ORANGE COUNTY,361,32 Years,1105,554,551,908,459,449,95,40,55,14,8,6,17,9,8,71,38,33
ORANGE COUNTY,361,33 Years,1102,538,564,907,443,464,107,49,58,12,4,8,10,5,5,66,37,29
ORANGE COUNTY,361,34 Years,1081,527,554,883,429,454,88,38,50,11,7,4,16,6,10,83,47,36
ORANGE COUNTY,361,35 Years,1088,548,540,912,458,454,80,38,42,3,3,0,14,6,8,79,43,36
ORANGE COUNTY,361,36 Years,1051,526,525,878,439,439,72,34,38,3,2,1,18,11,7,80,40,40
ORANGE COUNTY,361,37 Years,1067,526,541,901,446,455,67,33,34,9,4,5,13,6,7,77,37,40
ORANGE COUNTY,361,38 Years,1058,517,541,881,435,446,79,33,46,8,3,5,15,8,7,75,38,37
ORANGE COUNTY,361,39 Years,1007,496,511,836,409,427,87,40,47,10,4,6,14,8,6,60,35,25
ORANGE COUNTY,361,40 Years,994,507,487,826,419,407,76,32,44,10,6,4,12,8,4,70,42,28
ORANGE COUNTY,361,41 Years,1002,509,493,829,421,408,78,31,47,8,4,4,14,9,5,73,44,29
ORANGE COUNTY,361,42 Years,911,459,452,737,367,370,83,37,46,15,9,6,14,6,8,62,40,22
ORANGE COUNTY,361,43 Years,950,449,501,771,358,413,79,39,40,17,6,11,14,5,9,69,41,28
ORANGE COUNTY,361,44 Years,964,455,509,798,372,426,65,33,32,14,7,7,16,6,10,71,37,34
ORANGE COUNTY,361,45 Years,978,477,501,820,394,426,70,33,37,12,9,3,17,8,9,59,33,26
ORANGE COUNTY,361,46 Years,1037,528,509,869,448,421,76,32,44,17,6,11,11,6,5,64,36,28
ORANGE COUNTY,361,47 Years,1092,561,531,910,481,429,89,40,49,17,6,11,16,6,10,60,28,32
ORANGE COUNTY,361,48 Years,1047,541,506,874,451,423,74,37,37,12,5,7,17,10,7,70,38,32
ORANGE COUNTY,361,49 Years,982,510,472,818,422,396,75,34,41,14,9,5,19,13,6,56,32,24
ORANGE COUNTY,361,50 Years,1000,515,485,834,431,403,85,40,45,16,10,6,15,10,5,50,24,26
ORANGE COUNTY,361,51 Years,1042,529,513,885,454,431,77,37,40,19,9,10,12,7,5,49,22,27
ORANGE COUNTY,361,52 Years,1055,528,527,882,441,441,88,41,47,11,6,5,20,11,9,54,29,25
ORANGE COUNTY,361,53 Years,1085,527,558,913,439,474,92,43,49,11,5,6,19,11,8,50,29,21
ORANGE COUNTY,361,54 Years,1199,552,647,1026,472,554,85,39,46,12,5,7,18,10,8,58,26,32
ORANGE COUNTY,361,55 Years,1186,588,598,1022,505,517,78,42,36,16,8,8,17,7,10,53,26,27
ORANGE COUNTY,361,56 Years,1180,600,580,1016,520,496,87,45,42,12,4,8,16,6,10,49,25,24
ORANGE COUNTY,361,57 Years,1169,579,590,996,491,505,92,45,47,10,5,5,24,13,11,47,25,22
ORANGE COUNTY,361,58 Years,1177,585,592,1001,501,500,88,36,52,13,6,7,23,12,11,52,30,22
ORANGE COUNTY,361,59 Years,1179,569,610,1004,488,516,97,44,53,12,4,8,18,8,10,48,25,23
ORANGE COUNTY,361,60 Years,1203,590,613,1025,511,514,103,46,57,11,3,8,16,7,9,48,23,25
ORANGE COUNTY,361,61 Years,1152,557,595,984,481,503,97,41,56,11,8,3,18,5,13,42,22,20
ORANGE COUNTY,361,62 Years,1071,526,545,915,453,462,92,39,53,11,4,7,22,9,13,31,21,10
ORANGE COUNTY,361,63 Years,1083,512,571,927,437,490,91,34,57,11,6,5,19,10,9,35,25,10
ORANGE COUNTY,361,64 Years,1048,500,548,901,428,473,82,39,43,12,6,6,16,6,10,37,21,16
ORANGE COUNTY,361,65 Years,972,474,498,842,407,435,72,35,37,11,6,5,13,6,7,34,20,14
ORANGE COUNTY,361,66 Years,976,471,505,847,411,436,67,30,37,8,2,6,19,10,9,35,18,17
ORANGE COUNTY,361,67 Years,955,460,495,830,401,429,66,28,38,8,4,4,17,9,8,34,18,16
ORANGE COUNTY,361,68 Years,905,434,471,803,382,421,50,24,26,9,5,4,11,5,6,32,18,14
ORANGE COUNTY,361,69 Years,861,422,439,759,374,385,58,24,34,8,6,2,15,6,9,21,12,9
ORANGE COUNTY,361,70 Years,893,444,449,788,392,396,58,28,30,8,3,5,14,7,7,25,14,11
ORANGE COUNTY,361,71 Years,836,400,436,737,352,385,58,27,31,4,1,3,9,3,6,28,17,11
ORANGE COUNTY,361,72 Years,688,334,354,610,295,315,47,24,23,3,2,1,9,4,5,19,9,10
ORANGE COUNTY,361,73 Years,658,311,347,583,276,307,39,19,20,3,1,2,9,4,5,24,11,13
ORANGE COUNTY,361,74 Years,683,317,366,622,288,334,35,17,18,3,1,2,7,4,3,16,7,9
ORANGE COUNTY,361,75 Years,644,307,337,580,274,306,36,18,18,8,5,3,6,3,3,14,7,7
ORANGE COUNTY,361,76 Years,609,301,308,549,270,279,29,17,12,4,3,1,8,3,5,19,8,11
ORANGE COUNTY,361,77 Years,553,240,313,499,218,281,30,12,18,2,1,1,7,1,6,15,8,7
ORANGE COUNTY,361,78 Years,472,203,269,425,185,240,25,9,16,0,0,0,7,3,4,15,6,9
ORANGE COUNTY,361,79 Years,479,206,273,430,182,248,25,12,13,2,1,1,6,5,1,16,6,10
ORANGE COUNTY,361,80 Years,441,177,264,394,156,238,23,9,14,4,2,2,6,5,1,14,5,9
ORANGE COUNTY,361,81 Years,400,180,220,357,164,193,24,9,15,3,1,2,6,3,3,10,3,7
ORANGE COUNTY,361,82 Years,387,166,221,350,150,200,16,6,10,1,1,0,6,2,4,14,7,7
ORANGE COUNTY,361,83 Years,363,169,194,327,155,172,14,5,9,1,0,1,4,1,3,17,8,9
ORANGE COUNTY,361,84 Years,304,137,167,276,126,150,13,4,9,1,0,1,4,1,3,10,6,4
ORANGE COUNTY,361,85 Years,272,120,152,243,107,136,11,4,7,0,0,0,6,3,3,12,6,6
ORANGE COUNTY,361,86 Years,250,100,150,223,87,136,11,4,7,4,2,2,2,2,0,10,5,5
ORANGE COUNTY,361,87 Years,231,91,140,206,79,127,11,4,7,5,2,3,1,1,0,8,5,3
ORANGE COUNTY,361,88 Years,202,80,122,180,69,111,9,4,5,2,1,1,3,2,1,8,4,4
ORANGE COUNTY,361,89 Years,176,62,114,154,54,100,8,3,5,3,0,3,2,1,1,9,4,5
ORANGE COUNTY,361,90 Years,151,58,93,131,51,80,10,3,7,1,0,1,2,1,1,7,3,4
ORANGE COUNTY,361,91 Years,122,46,76,108,39,69,7,3,4,0,0,0,2,1,1,5,3,2
ORANGE COUNTY,361,92 Years,100,34,66,87,29,58,7,2,5,2,2,0,1,0,1,3,1,2
ORANGE COUNTY,361,93 Years,78,25,53,68,22,46,4,1,3,1,1,0,1,0,1,4,1,3
ORANGE COUNTY,361,94 Years,64,22,42,54,18,36,4,2,2,0,0,0,1,0,1,5,2,3
ORANGE COUNTY,361,95 Years +,126,39,87,102,28,74,10,4,6,2,2,0,3,0,3,9,5,4
PALO PINTO COUNTY,363,All Ages,28874,14113,14761,21430,10384,11046,689,354,335,151,59,92,514,280,234,6090,3036,3054
PALO PINTO COUNTY,363,< 1 Year,350,177,173,208,101,107,8,5,3,1,0,1,9,4,5,124,67,57
PALO PINTO COUNTY,363,1 Years,340,167,173,209,102,107,11,5,6,0,0,0,9,4,5,111,56,55
PALO PINTO COUNTY,363,2 Years,337,170,167,204,103,101,10,5,5,1,1,0,8,4,4,114,57,57
PALO PINTO COUNTY,363,3 Years,337,165,172,207,103,104,11,6,5,2,1,1,9,5,4,108,50,58
PALO PINTO COUNTY,363,4 Years,345,170,175,207,104,103,8,4,4,2,1,1,8,5,3,120,56,64
PALO PINTO COUNTY,363,5 Years,353,177,176,208,104,104,9,4,5,3,2,1,10,6,4,123,61,62
PALO PINTO COUNTY,363,6 Years,356,188,168,209,111,98,9,4,5,3,2,1,8,7,1,127,64,63
PALO PINTO COUNTY,363,7 Years,349,187,162,206,112,94,9,4,5,3,2,1,8,6,2,123,63,60
PALO PINTO COUNTY,363,8 Years,364,188,176,216,107,109,12,8,4,0,0,0,6,6,0,130,67,63
PALO PINTO COUNTY,363,9 Years,358,183,175,216,111,105,14,8,6,1,0,1,6,5,1,121,59,62
PALO PINTO COUNTY,363,10 Years,371,186,185,235,121,114,16,6,10,1,0,1,7,2,5,112,57,55
PALO PINTO COUNTY,363,11 Years,398,196,202,256,124,132,11,6,5,1,0,1,11,5,6,119,61,58
PALO PINTO COUNTY,363,12 Years,384,190,194,240,126,114,9,2,7,1,1,0,13,7,6,121,54,67
PALO PINTO COUNTY,363,13 Years,386,194,192,238,121,117,11,6,5,3,2,1,12,5,7,122,60,62
PALO PINTO COUNTY,363,14 Years,350,180,170,220,118,102,10,6,4,1,0,1,9,3,6,110,53,57
PALO PINTO COUNTY,363,15 Years,364,186,178,238,129,109,8,3,5,0,0,0,7,4,3,111,50,61
PALO PINTO COUNTY,363,16 Years,354,172,182,230,114,116,8,4,4,1,1,0,7,3,4,108,50,58
PALO PINTO COUNTY,363,17 Years,373,189,184,233,125,108,13,6,7,1,1,0,12,7,5,114,50,64
PALO PINTO COUNTY,363,18 Years,395,202,193,240,123,117,15,7,8,2,1,1,11,7,4,127,64,63
PALO PINTO COUNTY,363,19 Years,340,175,165,200,101,99,8,5,3,4,1,3,10,7,3,118,61,57
PALO PINTO COUNTY,363,20 Years,331,178,153,188,105,83,11,5,6,1,0,1,10,5,5,121,63,58
PALO PINTO COUNTY,363,21 Years,317,168,149,188,99,89,10,7,3,1,1,0,10,7,3,108,54,54
PALO PINTO COUNTY,363,22 Years,342,184,158,202,101,101,10,7,3,1,1,0,12,6,6,117,69,48
PALO PINTO COUNTY,363,23 Years,350,183,167,206,104,102,10,5,5,1,0,1,9,6,3,124,68,56
PALO PINTO COUNTY,363,24 Years,354,184,170,225,109,116,10,7,3,2,1,1,5,4,1,112,63,49
PALO PINTO COUNTY,363,25 Years,397,213,184,272,142,130,7,5,2,1,0,1,8,3,5,109,63,46
PALO PINTO COUNTY,363,26 Years,376,189,187,268,134,134,8,4,4,1,0,1,6,3,3,93,48,45
PALO PINTO COUNTY,363,27 Years,374,169,205,272,124,148,9,4,5,1,0,1,4,2,2,88,39,49
PALO PINTO COUNTY,363,28 Years,371,173,198,269,122,147,9,6,3,2,0,2,4,3,1,87,42,45
PALO PINTO COUNTY,363,29 Years,345,165,180,255,116,139,7,5,2,1,0,1,4,4,0,78,40,38
PALO PINTO COUNTY,363,30 Years,357,170,187,253,112,141,6,4,2,0,0,0,5,4,1,93,50,43
PALO PINTO COUNTY,363,31 Years,336,171,165,252,126,126,6,4,2,0,0,0,2,2,0,76,39,37
PALO PINTO COUNTY,363,32 Years,329,172,157,247,126,121,9,6,3,1,1,0,1,0,1,71,39,32
PALO PINTO COUNTY,363,33 Years,308,145,163,227,104,123,5,2,3,1,1,0,6,2,4,69,36,33
PALO PINTO COUNTY,363,34 Years,316,166,150,234,123,111,8,4,4,2,1,1,8,4,4,64,34,30
PALO PINTO COUNTY,363,35 Years,322,151,171,232,102,130,6,3,3,3,1,2,7,4,3,74,41,33
PALO PINTO COUNTY,363,36 Years,308,140,168,229,102,127,9,5,4,3,2,1,3,1,2,64,30,34
PALO PINTO COUNTY,363,37 Years,315,150,165,225,103,122,7,4,3,1,1,0,4,2,2,78,40,38
PALO PINTO COUNTY,363,38 Years,301,143,158,228,102,126,8,6,2,2,2,0,5,5,0,58,28,30
PALO PINTO COUNTY,363,39 Years,305,145,160,224,105,119,9,5,4,4,3,1,5,2,3,63,30,33
PALO PINTO COUNTY,363,40 Years,302,144,158,219,103,116,8,4,4,5,2,3,5,3,2,65,32,33
PALO PINTO COUNTY,363,41 Years,308,160,148,228,119,109,8,5,3,4,2,2,2,2,0,66,32,34
PALO PINTO COUNTY,363,42 Years,305,144,161,219,106,113,7,5,2,0,0,0,2,1,1,77,32,45
PALO PINTO COUNTY,363,43 Years,311,140,171,224,104,120,3,1,2,0,0,0,4,2,2,80,33,47
PALO PINTO COUNTY,363,44 Years,324,151,173,232,107,125,8,6,2,3,0,3,7,4,3,74,34,40
PALO PINTO COUNTY,363,45 Years,318,143,175,227,99,128,7,5,2,2,0,2,8,4,4,74,35,39
PALO PINTO COUNTY,363,46 Years,316,150,166,234,110,124,4,3,1,1,0,1,5,2,3,72,35,37
PALO PINTO COUNTY,363,47 Years,336,156,180,250,125,125,4,2,2,2,0,2,5,1,4,75,28,47
PALO PINTO COUNTY,363,48 Years,377,180,197,287,139,148,6,2,4,2,1,1,4,2,2,78,36,42
PALO PINTO COUNTY,363,49 Years,321,159,162,234,115,119,5,3,2,1,1,0,3,2,1,78,38,40
PALO PINTO COUNTY,363,50 Years,328,161,167,254,131,123,6,2,4,1,1,0,1,1,0,66,26,40
PALO PINTO COUNTY,363,51 Years,359,172,187,275,134,141,7,5,2,2,1,1,2,1,1,73,31,42
PALO PINTO COUNTY,363,52 Years,315,155,160,232,121,111,7,5,2,2,1,1,4,2,2,70,26,44
PALO PINTO COUNTY,363,53 Years,378,176,202,292,138,154,8,4,4,2,1,1,7,2,5,69,31,38
PALO PINTO COUNTY,363,54 Years,397,190,207,313,149,164,7,3,4,3,1,2,7,3,4,67,34,33
PALO PINTO COUNTY,363,55 Years,390,178,212,320,141,179,8,2,6,2,1,1,4,2,2,56,32,24
PALO PINTO COUNTY,363,56 Years,415,213,202,335,166,169,13,7,6,1,1,0,7,4,3,59,35,24
PALO PINTO COUNTY,363,57 Years,425,214,211,352,173,179,10,5,5,1,0,1,4,2,2,58,34,24
PALO PINTO COUNTY,363,58 Years,438,201,237,368,169,199,11,4,7,1,0,1,7,3,4,51,25,26
PALO PINTO COUNTY,363,59 Years,410,196,214,341,163,178,7,4,3,2,0,2,5,2,3,55,27,28
PALO PINTO COUNTY,363,60 Years,423,196,227,348,157,191,10,6,4,1,0,1,6,4,2,58,29,29
PALO PINTO COUNTY,363,61 Years,436,205,231,380,175,205,11,5,6,2,1,1,7,4,3,36,20,16
PALO PINTO COUNTY,363,62 Years,455,217,238,394,182,212,15,8,7,3,1,2,7,3,4,36,23,13
PALO PINTO COUNTY,363,63 Years,421,194,227,374,170,204,12,4,8,2,0,2,6,3,3,27,17,10
PALO PINTO COUNTY,363,64 Years,388,191,197,336,164,172,10,2,8,1,0,1,4,3,1,37,22,15
PALO PINTO COUNTY,363,65 Years,374,185,189,318,161,157,6,2,4,2,0,2,6,3,3,42,19,23
PALO PINTO COUNTY,363,66 Years,337,160,177,289,137,152,7,4,3,2,1,1,5,3,2,34,15,19
PALO PINTO COUNTY,363,67 Years,332,165,167,290,144,146,4,3,1,2,1,1,4,1,3,32,16,16
PALO PINTO COUNTY,363,68 Years,366,177,189,318,152,166,8,4,4,1,0,1,6,2,4,33,19,14
PALO PINTO COUNTY,363,69 Years,319,153,166,274,130,144,6,2,4,5,0,5,6,2,4,28,19,9
PALO PINTO COUNTY,363,70 Years,364,175,189,319,154,165,6,2,4,2,0,2,6,4,2,31,15,16
PALO PINTO COUNTY,363,71 Years,381,186,195,345,171,174,11,6,5,1,0,1,5,1,4,19,8,11
PALO PINTO COUNTY,363,72 Years,305,153,152,272,140,132,6,3,3,1,0,1,2,0,2,24,10,14
PALO PINTO COUNTY,363,73 Years,288,151,137,255,134,121,4,3,1,2,1,1,4,3,1,23,10,13
PALO PINTO COUNTY,363,74 Years,292,157,135,260,144,116,2,1,1,4,1,3,7,4,3,19,7,12
PALO PINTO COUNTY,363,75 Years,253,135,118,227,122,105,3,2,1,1,0,1,6,3,3,16,8,8
PALO PINTO COUNTY,363,76 Years,228,117,111,203,103,100,2,2,0,1,0,1,7,4,3,15,8,7
PALO PINTO COUNTY,363,77 Years,214,103,111,193,93,100,2,1,1,1,1,0,4,3,1,14,5,9
PALO PINTO COUNTY,363,78 Years,190,89,101,170,78,92,4,1,3,0,0,0,4,3,1,12,7,5
PALO PINTO COUNTY,363,79 Years,170,95,75,155,84,71,3,2,1,0,0,0,3,3,0,9,6,3
PALO PINTO COUNTY,363,80 Years,167,84,83,154,76,78,4,3,1,2,1,1,1,1,0,6,3,3
PALO PINTO COUNTY,363,81 Years,149,66,83,133,57,76,5,2,3,3,2,1,1,1,0,7,4,3
PALO PINTO COUNTY,363,82 Years,141,55,86,129,50,79,2,0,2,1,0,1,1,0,1,8,5,3
PALO PINTO COUNTY,363,83 Years,128,54,74,118,48,70,3,2,1,1,0,1,2,1,1,4,3,1
PALO PINTO COUNTY,363,84 Years,110,45,65,98,41,57,3,1,2,1,0,1,3,1,2,5,2,3
PALO PINTO COUNTY,363,85 Years,95,37,58,85,34,51,1,1,0,1,0,1,2,0,2,6,2,4
PALO PINTO COUNTY,363,86 Years,89,37,52,77,32,45,2,1,1,1,0,1,3,1,2,6,3,3
PALO PINTO COUNTY,363,87 Years,83,31,52,71,25,46,2,1,1,1,0,1,3,2,1,6,3,3
PALO PINTO COUNTY,363,88 Years,70,26,44,61,22,39,2,0,2,1,0,1,1,1,0,5,3,2
PALO PINTO COUNTY,363,89 Years,61,22,39,55,19,36,2,0,2,0,0,0,0,0,0,4,3,1
PALO PINTO COUNTY,363,90 Years,46,15,31,40,13,27,2,0,2,0,0,0,0,0,0,4,2,2
PALO PINTO COUNTY,363,91 Years,35,10,25,31,8,23,2,0,2,0,0,0,0,0,0,2,2,0
PALO PINTO COUNTY,363,92 Years,34,13,21,27,10,17,2,0,2,2,1,1,0,0,0,3,2,1
PALO PINTO COUNTY,363,93 Years,26,10,16,21,7,14,1,0,1,2,1,1,0,0,0,2,2,0
PALO PINTO COUNTY,363,94 Years,21,7,14,17,5,12,3,1,2,1,1,0,0,0,0,0,0,0
PALO PINTO COUNTY,363,95 Years +,52,13,39,41,9,32,3,0,3,3,2,1,1,0,1,4,2,2
PANOLA COUNTY,365,All Ages,24554,12241,12313,17676,8753,8923,3982,1947,2035,81,36,45,472,239,233,2343,1266,1077
PANOLA COUNTY,365,< 1 Year,309,155,154,204,99,105,62,35,27,1,0,1,8,2,6,34,19,15
PANOLA COUNTY,365,1 Years,307,156,151,201,100,101,61,35,26,1,0,1,9,3,6,35,18,17
PANOLA COUNTY,365,2 Years,320,172,148,215,114,101,60,33,27,2,2,0,9,4,5,34,19,15
PANOLA COUNTY,365,3 Years,333,181,152,224,121,103,59,31,28,0,0,0,12,6,6,38,23,15
PANOLA COUNTY,365,4 Years,349,193,156,232,128,104,62,33,29,1,1,0,13,9,4,41,22,19
PANOLA COUNTY,365,5 Years,347,187,160,225,122,103,60,32,28,1,0,1,13,8,5,48,25,23
PANOLA COUNTY,365,6 Years,363,192,171,221,121,100,64,33,31,2,0,2,13,8,5,63,30,33
PANOLA COUNTY,365,7 Years,339,174,165,208,113,95,63,31,32,2,0,2,9,4,5,57,26,31
PANOLA COUNTY,365,8 Years,332,176,156,199,103,96,65,32,33,1,1,0,11,5,6,56,35,21
PANOLA COUNTY,365,9 Years,294,149,145,175,92,83,49,22,27,2,1,1,11,5,6,57,29,28
PANOLA COUNTY,365,10 Years,315,169,146,195,108,87,53,31,22,1,0,1,8,2,6,58,28,30
PANOLA COUNTY,365,11 Years,303,170,133,184,112,72,54,28,26,1,0,1,7,4,3,57,26,31
PANOLA COUNTY,365,12 Years,326,178,148,200,115,85,56,28,28,1,0,1,14,9,5,55,26,29
PANOLA COUNTY,365,13 Years,344,175,169,207,107,100,58,30,28,2,1,1,11,6,5,66,31,35
PANOLA COUNTY,365,14 Years,346,167,179,214,96,118,53,34,19,1,0,1,12,6,6,66,31,35
PANOLA COUNTY,365,15 Years,352,187,165,241,128,113,52,29,23,1,0,1,8,4,4,50,26,24
PANOLA COUNTY,365,16 Years,338,194,144,220,126,94,67,40,27,0,0,0,8,5,3,43,23,20
PANOLA COUNTY,365,17 Years,338,183,155,218,116,102,61,32,29,0,0,0,8,5,3,51,30,21
PANOLA COUNTY,365,18 Years,305,158,147,207,107,100,55,29,26,1,0,1,8,3,5,34,19,15
PANOLA COUNTY,365,19 Years,276,137,139,186,87,99,44,24,20,2,1,1,7,4,3,37,21,16
PANOLA COUNTY,365,20 Years,272,138,134,173,90,83,46,25,21,1,0,1,9,5,4,43,18,25
PANOLA COUNTY,365,21 Years,260,130,130,164,84,80,52,27,25,2,2,0,8,3,5,34,14,20
PANOLA COUNTY,365,22 Years,241,119,122,158,73,85,42,26,16,1,1,0,3,1,2,37,18,19
PANOLA COUNTY,365,23 Years,250,131,119,160,86,74,51,27,24,1,1,0,5,1,4,33,16,17
PANOLA COUNTY,365,24 Years,289,151,138,191,102,89,55,28,27,2,1,1,3,0,3,38,20,18
PANOLA COUNTY,365,25 Years,312,160,152,204,99,105,66,40,26,1,1,0,10,5,5,31,15,16
PANOLA COUNTY,365,26 Years,304,142,162,187,85,102,74,40,34,3,2,1,11,4,7,29,11,18
PANOLA COUNTY,365,27 Years,381,188,193,250,128,122,79,37,42,1,0,1,7,4,3,44,19,25
PANOLA COUNTY,365,28 Years,337,175,162,218,113,105,80,39,41,1,1,0,4,2,2,34,20,14
PANOLA COUNTY,365,29 Years,301,168,133,202,107,95,59,34,25,1,1,0,4,2,2,35,24,11
PANOLA COUNTY,365,30 Years,299,156,143,205,106,99,56,28,28,0,0,0,4,2,2,34,20,14
PANOLA COUNTY,365,31 Years,283,140,143,187,98,89,56,21,35,0,0,0,4,1,3,36,20,16
PANOLA COUNTY,365,32 Years,302,147,155,212,103,109,46,20,26,1,0,1,2,1,1,41,23,18
PANOLA COUNTY,365,33 Years,298,152,146,208,103,105,43,21,22,1,0,1,6,2,4,40,26,14
PANOLA COUNTY,365,34 Years,270,141,129,200,106,94,28,11,17,1,1,0,5,3,2,36,20,16
PANOLA COUNTY,365,35 Years,311,159,152,224,109,115,46,28,18,0,0,0,3,1,2,38,21,17
PANOLA COUNTY,365,36 Years,319,161,158,238,116,122,47,23,24,0,0,0,3,2,1,31,20,11
PANOLA COUNTY,365,37 Years,326,170,156,234,122,112,54,24,30,1,1,0,3,2,1,34,21,13
PANOLA COUNTY,365,38 Years,330,160,170,237,114,123,50,23,27,0,0,0,5,3,2,38,20,18
PANOLA COUNTY,365,39 Years,294,140,154,198,91,107,53,26,27,1,0,1,3,1,2,39,22,17
PANOLA COUNTY,365,40 Years,291,139,152,217,102,115,41,21,20,1,0,1,4,2,2,28,14,14
PANOLA COUNTY,365,41 Years,279,144,135,201,102,99,40,18,22,1,0,1,3,3,0,34,21,13
PANOLA COUNTY,365,42 Years,294,143,151,204,99,105,44,17,27,0,0,0,9,5,4,37,22,15
PANOLA COUNTY,365,43 Years,302,146,156,220,105,115,46,21,25,0,0,0,4,2,2,32,18,14
PANOLA COUNTY,365,44 Years,257,130,127,193,96,97,32,15,17,0,0,0,1,1,0,31,18,13
PANOLA COUNTY,365,45 Years,261,130,131,194,94,100,35,18,17,1,0,1,2,0,2,29,18,11
PANOLA COUNTY,365,46 Years,286,141,145,212,103,109,40,20,20,1,1,0,5,2,3,28,15,13
PANOLA COUNTY,365,47 Years,275,134,141,209,105,104,42,17,25,2,0,2,3,2,1,19,10,9
PANOLA COUNTY,365,48 Years,271,128,143,202,97,105,42,16,26,0,0,0,4,1,3,23,14,9
PANOLA COUNTY,365,49 Years,266,120,146,191,90,101,44,14,30,2,1,1,4,1,3,25,14,11
PANOLA COUNTY,365,50 Years,274,134,140,199,100,99,45,16,29,2,1,1,4,3,1,24,14,10
PANOLA COUNTY,365,51 Years,251,119,132,178,81,97,43,19,24,1,0,1,2,1,1,27,18,9
PANOLA COUNTY,365,52 Years,238,105,133,167,72,95,46,21,25,2,1,1,4,1,3,19,10,9
PANOLA COUNTY,365,53 Years,282,129,153,209,93,116,52,26,26,1,1,0,6,3,3,14,6,8
PANOLA COUNTY,365,54 Years,322,158,164,249,120,129,53,26,27,1,1,0,3,0,3,16,11,5
PANOLA COUNTY,365,55 Years,330,163,167,253,127,126,48,19,29,1,0,1,5,3,2,23,14,9
PANOLA COUNTY,365,56 Years,310,156,154,230,117,113,49,22,27,1,0,1,7,4,3,23,13,10
PANOLA COUNTY,365,57 Years,320,170,150,237,128,109,63,30,33,1,1,0,4,2,2,15,9,6
PANOLA COUNTY,365,58 Years,329,152,177,240,112,128,66,28,38,1,1,0,6,3,3,16,8,8
PANOLA COUNTY,365,59 Years,318,146,172,241,116,125,55,21,34,3,0,3,5,2,3,14,7,7
PANOLA COUNTY,365,60 Years,323,156,167,251,119,132,50,25,25,1,0,1,6,4,2,15,8,7
PANOLA COUNTY,365,61 Years,344,168,176,278,133,145,47,23,24,1,1,0,4,3,1,14,8,6
PANOLA COUNTY,365,62 Years,320,166,154,262,135,127,47,23,24,0,0,0,5,4,1,6,4,2
PANOLA COUNTY,365,63 Years,324,163,161,267,136,131,43,17,26,0,0,0,3,2,1,11,8,3
PANOLA COUNTY,365,64 Years,310,153,157,249,124,125,42,18,24,1,1,0,5,2,3,13,8,5
PANOLA COUNTY,365,65 Years,315,156,159,251,121,130,48,24,24,1,1,0,4,2,2,11,8,3
PANOLA COUNTY,365,66 Years,328,169,159,272,143,129,44,19,25,0,0,0,6,4,2,6,3,3
PANOLA COUNTY,365,67 Years,304,147,157,250,121,129,38,16,22,2,1,1,7,3,4,7,6,1
PANOLA COUNTY,365,68 Years,268,141,127,223,118,105,33,16,17,1,1,0,5,3,2,6,3,3
PANOLA COUNTY,365,69 Years,239,123,116,199,106,93,33,15,18,0,0,0,2,1,1,5,1,4
PANOLA COUNTY,365,70 Years,248,113,135,211,95,116,29,14,15,2,1,1,1,1,0,5,2,3
PANOLA COUNTY,365,71 Years,264,128,136,225,108,117,30,14,16,1,1,0,3,2,1,5,3,2
PANOLA COUNTY,365,72 Years,225,112,113,181,90,91,32,16,16,0,0,0,4,2,2,8,4,4
PANOLA COUNTY,365,73 Years,229,116,113,188,96,92,27,14,13,0,0,0,7,3,4,7,3,4
PANOLA COUNTY,365,74 Years,206,98,108,169,80,89,25,13,12,2,0,2,5,2,3,5,3,2
PANOLA COUNTY,365,75 Years,205,97,108,174,80,94,21,10,11,2,1,1,3,2,1,5,4,1
PANOLA COUNTY,365,76 Years,189,82,107,162,68,94,19,9,10,1,0,1,1,1,0,6,4,2
PANOLA COUNTY,365,77 Years,158,68,90,133,55,78,18,8,10,1,0,1,0,0,0,6,5,1
PANOLA COUNTY,365,78 Years,162,69,93,137,57,80,19,8,11,0,0,0,3,2,1,3,2,1
PANOLA COUNTY,365,79 Years,164,74,90,144,64,80,17,8,9,1,1,0,1,1,0,1,0,1
PANOLA COUNTY,365,80 Years,159,77,82,143,69,74,14,7,7,0,0,0,2,1,1,0,0,0
PANOLA COUNTY,365,81 Years,147,59,88,123,51,72,21,6,15,0,0,0,2,1,1,1,1,0
PANOLA COUNTY,365,82 Years,119,51,68,99,42,57,16,6,10,0,0,0,3,2,1,1,1,0
PANOLA COUNTY,365,83 Years,104,44,60,88,35,53,14,8,6,0,0,0,1,1,0,1,0,1
PANOLA COUNTY,365,84 Years,95,38,57,82,32,50,11,6,5,0,0,0,0,0,0,2,0,2
PANOLA COUNTY,365,85 Years,87,33,54,76,28,48,9,4,5,0,0,0,1,1,0,1,0,1
PANOLA COUNTY,365,86 Years,75,28,47,65,24,41,9,4,5,0,0,0,0,0,0,1,0,1
PANOLA COUNTY,365,87 Years,71,30,41,60,24,36,9,4,5,0,0,0,1,1,0,1,1,0
PANOLA COUNTY,365,88 Years,62,28,34,52,23,29,9,4,5,0,0,0,0,0,0,1,1,0
PANOLA COUNTY,365,89 Years,50,18,32,43,15,28,7,3,4,0,0,0,0,0,0,0,0,0
PANOLA COUNTY,365,90 Years,39,16,23,32,13,19,6,2,4,0,0,0,0,0,0,1,1,0
PANOLA COUNTY,365,91 Years,32,15,17,25,11,14,6,3,3,0,0,0,0,0,0,1,1,0
PANOLA COUNTY,365,92 Years,29,11,18,23,9,14,5,1,4,0,0,0,0,0,0,1,1,0
PANOLA COUNTY,365,93 Years,24,8,16,19,6,13,4,1,3,0,0,0,0,0,0,1,1,0
PANOLA COUNTY,365,94 Years,18,5,13,15,5,10,3,0,3,0,0,0,0,0,0,0,0,0
PANOLA COUNTY,365,95 Years +,47,13,34,33,8,25,10,3,7,0,0,0,1,0,1,3,2,1
PARKER COUNTY,367,All Ages,136391,67687,68704,113897,55959,57938,2047,1480,567,677,281,396,3001,1518,1483,16769,8449,8320
PARKER COUNTY,367,< 1 Year,1551,786,765,1144,588,556,26,14,12,3,1,2,69,38,31,309,145,164
PARKER COUNTY,367,1 Years,1609,836,773,1166,602,564,24,13,11,3,2,1,77,49,28,339,170,169
PARKER COUNTY,367,2 Years,1639,855,784,1207,632,575,20,11,9,2,1,1,66,43,23,344,168,176
PARKER COUNTY,367,3 Years,1668,870,798,1226,631,595,16,8,8,2,1,1,67,44,23,357,186,171
PARKER COUNTY,367,4 Years,1624,840,784,1219,632,587,13,6,7,2,1,1,55,29,26,335,172,163
PARKER COUNTY,367,5 Years,1616,848,768,1217,641,576,15,8,7,2,1,1,55,28,27,327,170,157
PARKER COUNTY,367,6 Years,1614,838,776,1218,639,579,14,8,6,2,1,1,52,29,23,328,161,167
PARKER COUNTY,367,7 Years,1661,841,820,1239,629,610,14,8,6,2,1,1,48,22,26,358,181,177
PARKER COUNTY,367,8 Years,1712,895,817,1246,654,592,11,4,7,2,0,2,53,20,33,400,217,183
PARKER COUNTY,367,9 Years,1843,925,918,1395,690,705,17,9,8,5,2,3,42,15,27,384,209,175
PARKER COUNTY,367,10 Years,1940,990,950,1469,743,726,14,8,6,8,3,5,59,34,25,390,202,188
PARKER COUNTY,367,11 Years,1946,997,949,1474,752,722,14,9,5,5,4,1,54,30,24,399,202,197
PARKER COUNTY,367,12 Years,1865,943,922,1425,717,708,16,8,8,7,3,4,51,26,25,366,189,177
PARKER COUNTY,367,13 Years,1883,938,945,1464,733,731,19,9,10,8,4,4,54,26,28,338,166,172
PARKER COUNTY,367,14 Years,1848,914,934,1438,707,731,22,17,5,11,2,9,49,25,24,328,163,165
PARKER COUNTY,367,15 Years,1879,962,917,1455,745,710,17,12,5,9,4,5,38,18,20,360,183,177
PARKER COUNTY,367,16 Years,1797,947,850,1409,740,669,21,12,9,14,6,8,43,23,20,310,166,144
PARKER COUNTY,367,17 Years,1768,893,875,1382,688,694,27,18,9,15,8,7,41,24,17,303,155,148
PARKER COUNTY,367,18 Years,1651,831,820,1253,636,617,42,27,15,9,4,5,49,28,21,298,136,162
PARKER COUNTY,367,19 Years,1515,767,748,1101,546,555,66,47,19,10,5,5,71,43,28,267,126,141
PARKER COUNTY,367,20 Years,1464,765,699,1059,537,522,60,45,15,10,4,6,78,46,32,257,133,124
PARKER COUNTY,367,21 Years,1467,770,697,1060,532,528,69,57,12,8,2,6,77,54,23,253,125,128
PARKER COUNTY,367,22 Years,1516,778,738,1152,590,562,44,35,9,15,5,10,69,38,31,236,110,126
PARKER COUNTY,367,23 Years,1501,771,730,1151,585,566,48,38,10,16,8,8,67,41,26,219,99,120
PARKER COUNTY,367,24 Years,1683,857,826,1297,639,658,59,48,11,17,9,8,71,49,22,239,112,127
PARKER COUNTY,367,25 Years,1797,918,879,1431,728,703,50,39,11,9,6,3,69,38,31,238,107,131
PARKER COUNTY,367,26 Years,1846,886,960,1488,716,772,42,31,11,13,8,5,68,31,37,235,100,135
PARKER COUNTY,367,27 Years,1998,956,1042,1633,762,871,59,45,14,10,9,1,52,31,21,244,109,135
PARKER COUNTY,367,28 Years,1880,904,976,1549,718,831,68,53,15,6,5,1,43,21,22,214,107,107
PARKER COUNTY,367,29 Years,1731,859,872,1427,684,743,54,47,7,9,4,5,27,13,14,214,111,103
PARKER COUNTY,367,30 Years,1682,846,836,1403,687,716,47,43,4,4,1,3,22,12,10,206,103,103
PARKER COUNTY,367,31 Years,1661,857,804,1360,695,665,54,46,8,10,5,5,22,6,16,215,105,110
PARKER COUNTY,367,32 Years,1651,828,823,1337,650,687,46,41,5,8,5,3,16,5,11,244,127,117
PARKER COUNTY,367,33 Years,1707,855,852,1414,674,740,36,31,5,3,2,1,20,13,7,234,135,99
PARKER COUNTY,367,34 Years,1574,789,785,1318,634,684,32,28,4,8,1,7,22,14,8,194,112,82
PARKER COUNTY,367,35 Years,1638,818,820,1330,644,686,28,24,4,7,0,7,23,9,14,250,141,109
PARKER COUNTY,367,36 Years,1630,810,820,1327,648,679,29,26,3,8,1,7,22,4,18,244,131,113
PARKER COUNTY,367,37 Years,1629,793,836,1316,622,694,34,30,4,9,2,7,24,12,12,246,127,119
PARKER COUNTY,367,38 Years,1691,835,856,1396,678,718,36,29,7,5,1,4,17,7,10,237,120,117
PARKER COUNTY,367,39 Years,1689,853,836,1390,695,695,39,30,9,3,1,2,19,7,12,238,120,118
PARKER COUNTY,367,40 Years,1556,734,822,1283,590,693,37,29,8,7,2,5,15,4,11,214,109,105
PARKER COUNTY,367,41 Years,1504,724,780,1238,578,660,32,25,7,8,3,5,20,7,13,206,111,95
PARKER COUNTY,367,42 Years,1471,738,733,1211,600,611,37,32,5,13,5,8,21,6,15,189,95,94
PARKER COUNTY,367,43 Years,1533,763,770,1263,616,647,32,25,7,9,2,7,22,11,11,207,109,98
PARKER COUNTY,367,44 Years,1566,777,789,1314,645,669,23,20,3,7,3,4,26,12,14,196,97,99
PARKER COUNTY,367,45 Years,1602,790,812,1360,670,690,29,24,5,8,3,5,25,11,14,180,82,98
PARKER COUNTY,367,46 Years,1732,849,883,1460,704,756,31,24,7,8,4,4,31,12,19,202,105,97
PARKER COUNTY,367,47 Years,1776,868,908,1502,729,773,32,23,9,9,4,5,29,10,19,204,102,102
PARKER COUNTY,367,48 Years,1834,892,942,1561,761,800,27,20,7,6,1,5,33,12,21,207,98,109
PARKER COUNTY,367,49 Years,1746,846,900,1495,728,767,21,12,9,11,2,9,31,12,19,188,92,96
PARKER COUNTY,367,50 Years,1698,829,869,1471,715,756,28,22,6,11,3,8,26,10,16,162,79,83
PARKER COUNTY,367,51 Years,1756,872,884,1518,755,763,30,18,12,10,3,7,23,9,14,175,87,88
PARKER COUNTY,367,52 Years,1799,895,904,1541,766,775,19,12,7,14,5,9,29,13,16,196,99,97
PARKER COUNTY,367,53 Years,1839,897,942,1592,777,815,19,14,5,14,7,7,27,11,16,187,88,99
PARKER COUNTY,367,54 Years,2079,1048,1031,1808,907,901,23,15,8,20,10,10,40,16,24,188,100,88
PARKER COUNTY,367,55 Years,2101,1032,1069,1824,880,944,26,19,7,15,5,10,37,17,20,199,111,88
PARKER COUNTY,367,56 Years,2131,1074,1057,1886,943,943,18,12,6,10,5,5,40,19,21,177,95,82
PARKER COUNTY,367,57 Years,2053,1073,980,1837,959,878,13,5,8,10,5,5,32,14,18,161,90,71
PARKER COUNTY,367,58 Years,2078,1027,1051,1849,912,937,11,6,5,16,9,7,35,15,20,167,85,82
PARKER COUNTY,367,59 Years,1982,968,1014,1783,874,909,9,3,6,20,9,11,31,14,17,139,68,71
PARKER COUNTY,367,60 Years,1921,925,996,1749,844,905,9,2,7,8,3,5,38,23,15,117,53,64
PARKER COUNTY,367,61 Years,1885,921,964,1730,854,876,7,2,5,11,2,9,31,13,18,106,50,56
PARKER COUNTY,367,62 Years,1778,860,918,1614,780,834,7,2,5,11,5,6,36,16,20,110,57,53
PARKER COUNTY,367,63 Years,1816,896,920,1671,820,851,6,3,3,6,3,3,33,16,17,100,54,46
PARKER COUNTY,367,64 Years,1754,867,887,1614,792,822,5,2,3,12,8,4,32,15,17,91,50,41
PARKER COUNTY,367,65 Years,1687,810,877,1560,748,812,3,1,2,12,5,7,30,15,15,82,41,41
PARKER COUNTY,367,66 Years,1603,758,845,1490,703,787,2,1,1,5,1,4,25,13,12,81,40,41
PARKER COUNTY,367,67 Years,1560,746,814,1432,678,754,17,11,6,5,1,4,23,12,11,83,44,39
PARKER COUNTY,367,68 Years,1491,726,765,1371,661,710,12,9,3,7,1,6,19,10,9,82,45,37
PARKER COUNTY,367,69 Years,1450,697,753,1344,641,703,10,7,3,6,2,4,24,11,13,66,36,30
PARKER COUNTY,367,70 Years,1541,758,783,1438,711,727,11,7,4,5,3,2,24,8,16,63,29,34
PARKER COUNTY,367,71 Years,1480,722,758,1385,678,707,11,5,6,5,1,4,22,8,14,57,30,27
PARKER COUNTY,367,72 Years,1112,553,559,1041,517,524,10,5,5,4,1,3,16,9,7,41,21,20
PARKER COUNTY,367,73 Years,1100,550,550,1031,513,518,7,5,2,5,2,3,19,8,11,38,22,16
PARKER COUNTY,367,74 Years,1080,539,541,1022,513,509,5,3,2,4,1,3,13,6,7,36,16,20
PARKER COUNTY,367,75 Years,1030,511,519,968,483,485,5,2,3,4,1,3,14,8,6,39,17,22
PARKER COUNTY,367,76 Years,932,444,488,874,419,455,6,2,4,3,1,2,14,5,9,35,17,18
PARKER COUNTY,367,77 Years,788,388,400,735,366,369,4,2,2,2,2,0,13,4,9,34,14,20
PARKER COUNTY,367,78 Years,711,358,353,658,334,324,6,3,3,3,3,0,14,8,6,30,10,20
PARKER COUNTY,367,79 Years,688,340,348,645,318,327,5,4,1,3,1,2,8,5,3,27,12,15
PARKER COUNTY,367,80 Years,620,288,332,578,272,306,5,3,2,3,0,3,9,3,6,25,10,15
PARKER COUNTY,367,81 Years,559,252,307,524,239,285,3,2,1,4,0,4,9,3,6,19,8,11
PARKER COUNTY,367,82 Years,527,249,278,493,234,259,4,1,3,1,0,1,11,6,5,18,8,10
PARKER COUNTY,367,83 Years,490,239,251,451,225,226,3,2,1,2,0,2,5,2,3,29,10,19
PARKER COUNTY,367,84 Years,435,195,240,407,182,225,2,2,0,2,0,2,4,2,2,20,9,11
PARKER COUNTY,367,85 Years,405,181,224,378,167,211,2,2,0,3,2,1,3,2,1,19,8,11
PARKER COUNTY,367,86 Years,380,153,227,353,143,210,2,1,1,3,2,1,3,1,2,19,6,13
PARKER COUNTY,367,87 Years,322,129,193,302,120,182,1,0,1,3,1,2,4,3,1,12,5,7
PARKER COUNTY,367,88 Years,259,106,153,241,96,145,3,2,1,5,4,1,1,0,1,9,4,5
PARKER COUNTY,367,89 Years,232,93,139,218,86,132,3,2,1,2,1,1,1,0,1,8,4,4
PARKER COUNTY,367,90 Years,195,74,121,185,70,115,2,1,1,1,0,1,1,1,0,6,2,4
PARKER COUNTY,367,91 Years,158,58,100,144,52,92,3,1,2,1,1,0,2,0,2,8,4,4
PARKER COUNTY,367,92 Years,132,40,92,124,38,86,3,1,2,0,0,0,2,0,2,3,1,2
PARKER COUNTY,367,93 Years,103,31,72,98,29,69,1,0,1,0,0,0,2,1,1,2,1,1
PARKER COUNTY,367,94 Years,82,20,62,78,17,61,0,0,0,0,0,0,1,1,0,3,2,1
PARKER COUNTY,367,95 Years +,185,50,135,170,44,126,3,0,3,1,0,1,1,0,1,10,6,4
PARMER COUNTY,369,All Ages,9862,5033,4829,3351,1649,1702,152,72,80,18,7,11,64,34,30,6277,3271,3006
PARMER COUNTY,369,< 1 Year,151,85,66,33,19,14,0,0,0,0,0,0,0,0,0,118,66,52
PARMER COUNTY,369,1 Years,165,90,75,38,21,17,0,0,0,0,0,0,0,0,0,127,69,58
PARMER COUNTY,369,2 Years,168,89,79,38,21,17,14,5,9,0,0,0,0,0,0,116,63,53
PARMER COUNTY,369,3 Years,168,89,79,40,21,19,15,8,7,0,0,0,1,0,1,112,60,52
PARMER COUNTY,369,4 Years,155,80,75,41,19,22,15,6,9,0,0,0,3,2,1,96,53,43
PARMER COUNTY,369,5 Years,145,70,75,40,16,24,4,2,2,0,0,0,3,1,2,98,51,47
PARMER COUNTY,369,6 Years,152,72,80,38,15,23,5,3,2,0,0,0,2,1,1,107,53,54
PARMER COUNTY,369,7 Years,142,69,73,33,16,17,0,0,0,0,0,0,0,0,0,109,53,56
PARMER COUNTY,369,8 Years,169,76,93,41,20,21,4,1,3,0,0,0,0,0,0,124,55,69
PARMER COUNTY,369,9 Years,163,81,82,40,19,21,2,0,2,1,0,1,1,0,1,119,62,57
PARMER COUNTY,369,10 Years,150,82,68,35,21,14,1,0,1,0,0,0,0,0,0,114,61,53
PARMER COUNTY,369,11 Years,167,83,84,51,24,27,1,0,1,1,0,1,2,0,2,112,59,53
PARMER COUNTY,369,12 Years,158,84,74,47,25,22,1,0,1,1,0,1,0,0,0,109,59,50
PARMER COUNTY,369,13 Years,159,79,80,43,22,21,2,1,1,0,0,0,1,1,0,113,55,58
PARMER COUNTY,369,14 Years,145,76,69,36,22,14,1,0,1,0,0,0,2,1,1,106,53,53
PARMER COUNTY,369,15 Years,143,81,62,38,24,14,1,0,1,1,0,1,1,1,0,102,56,46
PARMER COUNTY,369,16 Years,145,78,67,35,22,13,0,0,0,1,0,1,0,0,0,109,56,53
PARMER COUNTY,369,17 Years,132,73,59,28,16,12,0,0,0,0,0,0,0,0,0,104,57,47
PARMER COUNTY,369,18 Years,125,69,56,29,18,11,0,0,0,1,0,1,0,0,0,95,51,44
PARMER COUNTY,369,19 Years,113,63,50,28,15,13,1,0,1,1,0,1,0,0,0,83,48,35
PARMER COUNTY,369,20 Years,113,64,49,27,13,14,1,1,0,1,1,0,0,0,0,84,49,35
PARMER COUNTY,369,21 Years,112,61,51,30,15,15,1,1,0,0,0,0,0,0,0,81,45,36
PARMER COUNTY,369,22 Years,113,60,53,33,16,17,1,0,1,0,0,0,1,0,1,78,44,34
PARMER COUNTY,369,23 Years,135,81,54,38,22,16,1,0,1,0,0,0,1,1,0,95,58,37
PARMER COUNTY,369,24 Years,122,66,56,35,17,18,2,2,0,0,0,0,1,0,1,84,47,37
PARMER COUNTY,369,25 Years,141,77,64,41,25,16,2,2,0,0,0,0,1,0,1,97,50,47
PARMER COUNTY,369,26 Years,137,75,62,39,21,18,2,2,0,0,0,0,1,1,0,95,51,44
PARMER COUNTY,369,27 Years,126,64,62,27,16,11,0,0,0,0,0,0,1,0,1,98,48,50
PARMER COUNTY,369,28 Years,128,65,63,32,14,18,3,1,2,0,0,0,2,2,0,91,48,43
PARMER COUNTY,369,29 Years,127,67,60,40,17,23,1,1,0,0,0,0,2,1,1,84,48,36
PARMER COUNTY,369,30 Years,114,64,50,32,15,17,1,1,0,0,0,0,0,0,0,81,48,33
PARMER COUNTY,369,31 Years,133,73,60,31,17,14,1,1,0,0,0,0,1,0,1,100,55,45
PARMER COUNTY,369,32 Years,117,69,48,33,20,13,1,1,0,0,0,0,2,1,1,81,47,34
PARMER COUNTY,369,33 Years,132,74,58,33,19,14,0,0,0,0,0,0,0,0,0,99,55,44
PARMER COUNTY,369,34 Years,126,64,62,40,18,22,2,1,1,0,0,0,1,0,1,83,45,38
PARMER COUNTY,369,35 Years,119,63,56,40,22,18,1,0,1,0,0,0,2,0,2,76,41,35
PARMER COUNTY,369,36 Years,112,58,54,38,21,17,1,0,1,0,0,0,1,1,0,72,36,36
PARMER COUNTY,369,37 Years,107,55,52,32,18,14,1,1,0,0,0,0,1,1,0,73,35,38
PARMER COUNTY,369,38 Years,113,56,57,26,14,12,0,0,0,0,0,0,2,2,0,85,40,45
PARMER COUNTY,369,39 Years,113,60,53,27,11,16,1,0,1,1,0,1,2,2,0,82,47,35
PARMER COUNTY,369,40 Years,96,42,54,28,11,17,1,0,1,0,0,0,0,0,0,67,31,36
PARMER COUNTY,369,41 Years,114,53,61,34,18,16,0,0,0,1,1,0,0,0,0,79,34,45
PARMER COUNTY,369,42 Years,99,51,48,28,13,15,0,0,0,0,0,0,0,0,0,71,38,33
PARMER COUNTY,369,43 Years,123,57,66,28,14,14,1,0,1,0,0,0,2,1,1,92,42,50
PARMER COUNTY,369,44 Years,128,59,69,37,16,21,1,1,0,0,0,0,2,1,1,88,41,47
PARMER COUNTY,369,45 Years,113,61,52,31,14,17,1,1,0,0,0,0,1,1,0,80,45,35
PARMER COUNTY,369,46 Years,121,59,62,38,15,23,1,1,0,0,0,0,1,1,0,81,42,39
PARMER COUNTY,369,47 Years,115,56,59,39,20,19,0,0,0,1,1,0,1,1,0,74,34,40
PARMER COUNTY,369,48 Years,132,71,61,37,20,17,2,0,2,0,0,0,2,1,1,91,50,41
PARMER COUNTY,369,49 Years,125,58,67,39,20,19,0,0,0,0,0,0,1,0,1,85,38,47
PARMER COUNTY,369,50 Years,115,56,59,35,13,22,2,1,1,0,0,0,0,0,0,78,42,36
PARMER COUNTY,369,51 Years,124,65,59,37,16,21,0,0,0,0,0,0,0,0,0,87,49,38
PARMER COUNTY,369,52 Years,135,69,66,43,18,25,0,0,0,0,0,0,1,1,0,91,50,41
PARMER COUNTY,369,53 Years,107,48,59,43,18,25,2,1,1,1,1,0,0,0,0,61,28,33
PARMER COUNTY,369,54 Years,131,62,69,47,17,30,3,1,2,1,1,0,1,1,0,79,42,37
PARMER COUNTY,369,55 Years,147,71,76,61,25,36,3,2,1,1,1,0,0,0,0,82,43,39
PARMER COUNTY,369,56 Years,133,64,69,51,24,27,2,2,0,0,0,0,1,1,0,79,37,42
PARMER COUNTY,369,57 Years,124,64,60,52,23,29,4,4,0,0,0,0,0,0,0,68,37,31
PARMER COUNTY,369,58 Years,127,65,62,60,32,28,2,2,0,0,0,0,1,0,1,64,31,33
PARMER COUNTY,369,59 Years,128,65,63,55,28,27,1,0,1,1,1,0,0,0,0,71,36,35
PARMER COUNTY,369,60 Years,119,65,54,54,27,27,2,2,0,0,0,0,0,0,0,63,36,27
PARMER COUNTY,369,61 Years,128,77,51,57,35,22,2,1,1,0,0,0,0,0,0,69,41,28
PARMER COUNTY,369,62 Years,118,65,53,50,28,22,1,0,1,0,0,0,0,0,0,67,37,30
PARMER COUNTY,369,63 Years,105,53,52,48,25,23,1,0,1,0,0,0,0,0,0,56,28,28
PARMER COUNTY,369,64 Years,93,46,47,41,22,19,1,0,1,0,0,0,1,1,0,50,23,27
PARMER COUNTY,369,65 Years,94,51,43,43,23,20,0,0,0,0,0,0,1,0,1,50,28,22
PARMER COUNTY,369,66 Years,87,39,48,47,19,28,0,0,0,0,0,0,0,0,0,40,20,20
PARMER COUNTY,369,67 Years,78,31,47,40,15,25,0,0,0,1,0,1,1,0,1,36,16,20
PARMER COUNTY,369,68 Years,83,37,46,46,23,23,0,0,0,1,0,1,1,0,1,35,14,21
PARMER COUNTY,369,69 Years,69,31,38,33,17,16,2,1,1,0,0,0,1,0,1,33,13,20
PARMER COUNTY,369,70 Years,79,41,38,41,27,14,2,0,2,1,0,1,1,1,0,34,13,21
PARMER COUNTY,369,71 Years,70,31,39,36,17,19,2,1,1,0,0,0,0,0,0,32,13,19
PARMER COUNTY,369,72 Years,62,31,31,33,16,17,1,1,0,0,0,0,0,0,0,28,14,14
PARMER COUNTY,369,73 Years,61,32,29,38,18,20,1,0,1,0,0,0,0,0,0,22,14,8
PARMER COUNTY,369,74 Years,58,28,30,36,18,18,0,0,0,0,0,0,0,0,0,22,10,12
PARMER COUNTY,369,75 Years,71,33,38,46,21,25,1,0,1,0,0,0,0,0,0,24,12,12
PARMER COUNTY,369,76 Years,53,23,30,35,15,20,2,1,1,0,0,0,1,0,1,15,7,8
PARMER COUNTY,369,77 Years,54,29,25,38,19,19,3,2,1,0,0,0,0,0,0,13,8,5
PARMER COUNTY,369,78 Years,45,22,23,31,15,16,4,3,1,0,0,0,1,1,0,9,3,6
PARMER COUNTY,369,79 Years,47,21,26,35,16,19,2,1,1,0,0,0,1,1,0,9,3,6
PARMER COUNTY,369,80 Years,35,18,17,24,12,12,2,1,1,0,0,0,1,0,1,8,5,3
PARMER COUNTY,369,81 Years,34,16,18,23,10,13,1,0,1,0,0,0,0,0,0,10,6,4
PARMER COUNTY,369,82 Years,43,18,25,27,13,14,0,0,0,0,0,0,0,0,0,16,5,11
PARMER COUNTY,369,83 Years,38,16,22,25,12,13,1,0,1,0,0,0,0,0,0,12,4,8
PARMER COUNTY,369,84 Years,32,13,19,22,9,13,1,0,1,0,0,0,0,0,0,9,4,5
PARMER COUNTY,369,85 Years,24,10,14,16,5,11,0,0,0,0,0,0,0,0,0,8,5,3
PARMER COUNTY,369,86 Years,28,11,17,23,8,15,0,0,0,0,0,0,0,0,0,5,3,2
PARMER COUNTY,369,87 Years,26,12,14,23,11,12,0,0,0,0,0,0,0,0,0,3,1,2
PARMER COUNTY,369,88 Years,22,9,13,14,5,9,0,0,0,0,0,0,1,1,0,7,3,4
PARMER COUNTY,369,89 Years,26,10,16,17,5,12,1,1,0,0,0,0,1,1,0,7,3,4
PARMER COUNTY,369,90 Years,23,8,15,17,5,12,0,0,0,0,0,0,0,0,0,6,3,3
PARMER COUNTY,369,91 Years,16,9,7,11,6,5,0,0,0,0,0,0,0,0,0,5,3,2
PARMER COUNTY,369,92 Years,11,6,5,7,4,3,1,0,1,0,0,0,0,0,0,3,2,1
PARMER COUNTY,369,93 Years,6,3,3,5,2,3,0,0,0,0,0,0,0,0,0,1,1,0
PARMER COUNTY,369,94 Years,10,3,7,5,2,3,1,0,1,0,0,0,0,0,0,4,1,3
PARMER COUNTY,369,95 Years +,22,4,18,15,2,13,1,0,1,0,0,0,0,0,0,6,2,4
PECOS COUNTY,371,All Ages,15110,8659,6451,3865,2302,1563,505,468,37,81,44,37,156,80,76,10503,5765,4738
PECOS COUNTY,371,< 1 Year,195,98,97,22,12,10,1,0,1,3,1,2,2,1,1,167,84,83
PECOS COUNTY,371,1 Years,204,97,107,24,12,12,2,1,1,2,0,2,3,1,2,173,83,90
PECOS COUNTY,371,2 Years,201,97,104,22,11,11,2,1,1,2,0,2,2,0,2,173,85,88
PECOS COUNTY,371,3 Years,218,105,113,24,12,12,2,1,1,2,1,1,2,1,1,188,90,98
PECOS COUNTY,371,4 Years,231,115,116,27,15,12,2,1,1,2,1,1,2,1,1,198,97,101
PECOS COUNTY,371,5 Years,229,115,114,28,16,12,1,0,1,2,1,1,2,1,1,196,97,99
PECOS COUNTY,371,6 Years,228,116,112,29,16,13,0,0,0,1,1,0,3,1,2,195,98,97
PECOS COUNTY,371,7 Years,219,111,108,26,13,13,1,1,0,1,1,0,2,1,1,189,95,94
PECOS COUNTY,371,8 Years,233,116,117,26,15,11,2,0,2,1,0,1,2,1,1,202,100,102
PECOS COUNTY,371,9 Years,217,105,112,31,16,15,2,1,1,0,0,0,3,1,2,181,87,94
PECOS COUNTY,371,10 Years,210,106,104,33,16,17,2,1,1,1,1,0,2,1,1,172,87,85
PECOS COUNTY,371,11 Years,200,116,84,34,21,13,1,0,1,1,1,0,2,0,2,162,94,68
PECOS COUNTY,371,12 Years,196,101,95,27,15,12,1,0,1,1,1,0,4,2,2,163,83,80
PECOS COUNTY,371,13 Years,193,94,99,27,15,12,1,0,1,0,0,0,3,1,2,162,78,84
PECOS COUNTY,371,14 Years,189,96,93,26,13,13,1,1,0,0,0,0,1,1,0,161,81,80
PECOS COUNTY,371,15 Years,160,77,83,23,10,13,1,0,1,0,0,0,0,0,0,136,67,69
PECOS COUNTY,371,16 Years,170,86,84,26,12,14,2,0,2,0,0,0,0,0,0,142,74,68
PECOS COUNTY,371,17 Years,175,93,82,32,16,16,2,2,0,1,0,1,0,0,0,140,75,65
PECOS COUNTY,371,18 Years,175,90,85,38,14,24,1,1,0,1,0,1,3,1,2,132,74,58
PECOS COUNTY,371,19 Years,175,102,73,30,18,12,3,3,0,1,0,1,2,1,1,139,80,59
PECOS COUNTY,371,20 Years,183,123,60,42,33,9,3,3,0,2,0,2,4,3,1,132,84,48
PECOS COUNTY,371,21 Years,179,109,70,36,24,12,6,5,1,0,0,0,2,1,1,135,79,56
PECOS COUNTY,371,22 Years,175,112,63,33,20,13,6,6,0,0,0,0,5,4,1,131,82,49
PECOS COUNTY,371,23 Years,216,121,95,47,27,20,4,4,0,2,1,1,3,3,0,160,86,74
PECOS COUNTY,371,24 Years,226,133,93,44,29,15,8,8,0,1,0,1,4,3,1,169,93,76
PECOS COUNTY,371,25 Years,234,140,94,43,25,18,9,8,1,1,0,1,1,0,1,180,107,73
PECOS COUNTY,371,26 Years,239,145,94,54,39,15,9,9,0,1,1,0,0,0,0,175,96,79
PECOS COUNTY,371,27 Years,230,147,83,46,30,16,11,11,0,0,0,0,0,0,0,173,106,67
PECOS COUNTY,371,28 Years,244,169,75,52,40,12,13,12,1,0,0,0,0,0,0,179,117,62
PECOS COUNTY,371,29 Years,230,137,93,48,36,12,8,7,1,0,0,0,2,2,0,172,92,80
PECOS COUNTY,371,30 Years,218,128,90,49,39,10,14,13,1,0,0,0,1,1,0,154,75,79
PECOS COUNTY,371,31 Years,232,157,75,50,41,9,16,16,0,2,1,1,1,0,1,163,99,64
PECOS COUNTY,371,32 Years,239,137,102,49,28,21,10,10,0,0,0,0,3,1,2,177,98,79
PECOS COUNTY,371,33 Years,220,135,85,57,40,17,16,15,1,0,0,0,3,1,2,144,79,65
PECOS COUNTY,371,34 Years,214,132,82,50,34,16,18,18,0,3,1,2,1,0,1,142,79,63
PECOS COUNTY,371,35 Years,232,150,82,47,30,17,13,13,0,1,0,1,2,1,1,169,106,63
PECOS COUNTY,371,36 Years,228,148,80,52,35,17,16,16,0,0,0,0,2,0,2,158,97,61
PECOS COUNTY,371,37 Years,238,160,78,60,42,18,12,12,0,2,2,0,1,1,0,163,103,60
PECOS COUNTY,371,38 Years,201,133,68,55,40,15,13,13,0,1,1,0,0,0,0,132,79,53
PECOS COUNTY,371,39 Years,214,152,62,60,46,14,13,13,0,2,2,0,0,0,0,139,91,48
PECOS COUNTY,371,40 Years,200,140,60,47,33,14,15,14,1,1,0,1,9,8,1,128,85,43
PECOS COUNTY,371,41 Years,189,126,63,50,37,13,12,11,1,2,0,2,3,2,1,122,76,46
PECOS COUNTY,371,42 Years,187,127,60,49,37,12,6,6,0,2,1,1,3,2,1,127,81,46
PECOS COUNTY,371,43 Years,192,122,70,40,28,12,11,10,1,2,1,1,3,0,3,136,83,53
PECOS COUNTY,371,44 Years,196,121,75,46,31,15,14,14,0,0,0,0,3,1,2,133,75,58
PECOS COUNTY,371,45 Years,206,122,84,55,36,19,8,7,1,0,0,0,1,1,0,142,78,64
PECOS COUNTY,371,46 Years,204,127,77,57,37,20,16,16,0,0,0,0,3,2,1,128,72,56
PECOS COUNTY,371,47 Years,198,122,76,58,37,21,14,13,1,0,0,0,0,0,0,126,72,54
PECOS COUNTY,371,48 Years,203,132,71,57,43,14,18,18,0,0,0,0,2,0,2,126,71,55
PECOS COUNTY,371,49 Years,197,125,72,60,43,17,11,11,0,2,0,2,1,1,0,123,70,53
PECOS COUNTY,371,50 Years,177,114,63,49,34,15,13,12,1,1,1,0,3,2,1,111,65,46
PECOS COUNTY,371,51 Years,164,105,59,46,33,13,8,7,1,2,2,0,2,2,0,106,61,45
PECOS COUNTY,371,52 Years,178,106,72,54,33,21,9,9,0,3,1,2,0,0,0,112,63,49
PECOS COUNTY,371,53 Years,185,115,70,65,43,22,9,7,2,1,1,0,2,1,1,108,63,45
PECOS COUNTY,371,54 Years,212,125,87,77,47,30,9,9,0,0,0,0,3,2,1,123,67,56
PECOS COUNTY,371,55 Years,180,97,83,78,38,40,7,7,0,0,0,0,2,1,1,93,51,42
PECOS COUNTY,371,56 Years,168,98,70,71,40,31,10,9,1,1,0,1,3,0,3,83,49,34
PECOS COUNTY,371,57 Years,186,108,78,77,42,35,9,9,0,1,1,0,4,1,3,95,55,40
PECOS COUNTY,371,58 Years,188,111,77,78,38,40,7,6,1,2,1,1,4,3,1,97,63,34
PECOS COUNTY,371,59 Years,191,105,86,79,43,36,5,5,0,2,2,0,1,1,0,104,54,50
PECOS COUNTY,371,60 Years,164,94,70,67,40,27,4,4,0,1,1,0,0,0,0,92,49,43
PECOS COUNTY,371,61 Years,167,95,72,68,40,28,4,4,0,0,0,0,1,0,1,94,51,43
PECOS COUNTY,371,62 Years,182,101,81,68,40,28,6,5,1,0,0,0,2,2,0,106,54,52
PECOS COUNTY,371,63 Years,169,84,85,73,40,33,3,3,0,0,0,0,0,0,0,93,41,52
PECOS COUNTY,371,64 Years,157,82,75,63,34,29,4,3,1,2,1,1,0,0,0,88,44,44
PECOS COUNTY,371,65 Years,146,76,70,55,27,28,4,4,0,2,2,0,1,1,0,84,42,42
PECOS COUNTY,371,66 Years,145,75,70,58,28,30,2,2,0,2,1,1,3,2,1,80,42,38
PECOS COUNTY,371,67 Years,139,74,65,53,28,25,2,1,1,1,1,0,2,1,1,81,43,38
PECOS COUNTY,371,68 Years,130,67,63,52,25,27,2,1,1,1,1,0,1,1,0,74,39,35
PECOS COUNTY,371,69 Years,116,56,60,45,23,22,2,2,0,1,0,1,1,0,1,67,31,36
PECOS COUNTY,371,70 Years,113,62,51,44,22,22,3,3,0,0,0,0,0,0,0,66,37,29
PECOS COUNTY,371,71 Years,120,63,57,48,23,25,1,1,0,2,1,1,0,0,0,69,38,31
PECOS COUNTY,371,72 Years,101,49,52,39,17,22,1,1,0,0,0,0,0,0,0,61,31,30
PECOS COUNTY,371,73 Years,100,53,47,37,21,16,1,1,0,1,1,0,0,0,0,61,30,31
PECOS COUNTY,371,74 Years,88,41,47,33,15,18,1,1,0,1,1,0,1,1,0,52,23,29
PECOS COUNTY,371,75 Years,84,37,47,31,14,17,1,1,0,0,0,0,2,1,1,50,21,29
PECOS COUNTY,371,76 Years,85,38,47,31,13,18,2,2,0,1,1,0,4,1,3,47,21,26
PECOS COUNTY,371,77 Years,78,37,41,26,11,15,1,1,0,1,1,0,1,0,1,49,24,25
PECOS COUNTY,371,78 Years,73,35,38,23,10,13,0,0,0,0,0,0,2,0,2,48,25,23
PECOS COUNTY,371,79 Years,66,30,36,20,8,12,1,1,0,0,0,0,1,0,1,44,21,23
PECOS COUNTY,371,80 Years,61,37,24,24,13,11,1,1,0,1,1,0,1,1,0,34,21,13
PECOS COUNTY,371,81 Years,58,38,20,26,17,9,0,0,0,0,0,0,0,0,0,32,21,11
PECOS COUNTY,371,82 Years,51,31,20,20,10,10,0,0,0,0,0,0,0,0,0,31,21,10
PECOS COUNTY,371,83 Years,38,21,17,14,6,8,0,0,0,0,0,0,1,1,0,23,14,9
PECOS COUNTY,371,84 Years,34,15,19,17,7,10,0,0,0,0,0,0,1,1,0,16,7,9
PECOS COUNTY,371,85 Years,39,20,19,16,9,7,0,0,0,0,0,0,1,0,1,22,11,11
PECOS COUNTY,371,86 Years,34,19,15,17,10,7,0,0,0,0,0,0,0,0,0,17,9,8
PECOS COUNTY,371,87 Years,25,12,13,11,6,5,0,0,0,0,0,0,0,0,0,14,6,8
PECOS COUNTY,371,88 Years,26,12,14,11,3,8,0,0,0,0,0,0,0,0,0,15,9,6
PECOS COUNTY,371,89 Years,24,11,13,8,2,6,0,0,0,0,0,0,1,0,1,15,9,6
PECOS COUNTY,371,90 Years,20,11,9,10,7,3,0,0,0,0,0,0,1,0,1,9,4,5
PECOS COUNTY,371,91 Years,15,11,4,9,7,2,0,0,0,0,0,0,0,0,0,6,4,2
PECOS COUNTY,371,92 Years,11,6,5,6,3,3,0,0,0,0,0,0,0,0,0,5,3,2
PECOS COUNTY,371,93 Years,10,3,7,6,1,5,0,0,0,0,0,0,0,0,0,4,2,2
PECOS COUNTY,371,94 Years,7,2,5,4,1,3,0,0,0,0,0,0,0,0,0,3,1,2
PECOS COUNTY,371,95 Years +,23,9,14,10,2,8,0,0,0,2,2,0,1,0,1,10,5,5
POLK COUNTY,373,All Ages,49556,26653,22903,35049,18051,16998,5358,3386,1972,221,86,135,1544,744,800,7384,4386,2998
POLK COUNTY,373,< 1 Year,524,264,260,332,169,163,63,29,34,4,2,2,33,19,14,92,45,47
POLK COUNTY,373,1 Years,535,273,262,341,177,164,62,31,31,3,1,2,30,17,13,99,47,52
POLK COUNTY,373,2 Years,558,293,265,348,182,166,70,36,34,2,1,1,30,18,12,108,56,52
POLK COUNTY,373,3 Years,558,286,272,352,180,172,65,35,30,2,1,1,26,14,12,113,56,57
POLK COUNTY,373,4 Years,565,288,277,350,178,172,65,32,33,3,2,1,30,15,15,117,61,56
POLK COUNTY,373,5 Years,547,270,277,340,171,169,63,29,34,4,2,2,28,11,17,112,57,55
POLK COUNTY,373,6 Years,548,278,270,335,173,162,71,33,38,2,1,1,28,12,16,112,59,53
POLK COUNTY,373,7 Years,544,273,271,328,167,161,73,36,37,3,1,2,26,12,14,114,57,57
POLK COUNTY,373,8 Years,556,284,272,333,178,155,76,39,37,3,2,1,26,10,16,118,55,63
POLK COUNTY,373,9 Years,533,277,256,311,161,150,55,30,25,1,1,0,29,12,17,137,73,64
POLK COUNTY,373,10 Years,580,297,283,355,194,161,58,26,32,0,0,0,35,12,23,132,65,67
POLK COUNTY,373,11 Years,577,320,257,357,206,151,51,26,25,3,1,2,24,15,9,142,72,70
POLK COUNTY,373,12 Years,538,277,261,337,175,162,54,29,25,2,0,2,26,13,13,119,60,59
POLK COUNTY,373,13 Years,490,248,242,308,154,154,49,25,24,2,1,1,20,10,10,111,58,53
POLK COUNTY,373,14 Years,520,287,233,334,184,150,46,21,25,0,0,0,22,13,9,118,69,49
POLK COUNTY,373,15 Years,496,262,234,312,169,143,49,25,24,0,0,0,31,15,16,104,53,51
POLK COUNTY,373,16 Years,503,242,261,317,150,167,48,27,21,4,1,3,29,14,15,105,50,55
POLK COUNTY,373,17 Years,518,277,241,321,171,150,62,27,35,7,6,1,24,13,11,104,60,44
POLK COUNTY,373,18 Years,519,288,231,299,164,135,70,38,32,4,2,2,29,18,11,117,66,51
POLK COUNTY,373,19 Years,474,272,202,275,153,122,56,35,21,2,1,1,23,11,12,118,72,46
POLK COUNTY,373,20 Years,499,297,202,276,154,122,64,40,24,4,2,2,31,16,15,124,85,39
POLK COUNTY,373,21 Years,511,297,214,264,136,128,77,48,29,3,1,2,36,21,15,131,91,40
POLK COUNTY,373,22 Years,545,321,224,285,148,137,77,53,24,4,2,2,33,16,17,146,102,44
POLK COUNTY,373,23 Years,576,345,231,309,163,146,82,57,25,14,1,13,35,24,11,136,100,36
POLK COUNTY,373,24 Years,577,321,256,330,160,170,88,63,25,6,0,6,27,19,8,126,79,47
POLK COUNTY,373,25 Years,587,338,249,353,178,175,81,56,25,1,1,0,31,20,11,121,83,38
POLK COUNTY,373,26 Years,662,376,286,394,211,183,95,68,27,1,0,1,32,12,20,140,85,55
POLK COUNTY,373,27 Years,675,386,289,415,220,195,107,76,31,0,0,0,25,13,12,128,77,51
POLK COUNTY,373,28 Years,574,328,246,370,191,179,83,62,21,0,0,0,12,8,4,109,67,42
POLK COUNTY,373,29 Years,587,339,248,354,182,172,93,66,27,2,2,0,15,9,6,123,80,43
POLK COUNTY,373,30 Years,657,398,259,400,210,190,90,70,20,2,2,0,20,9,11,145,107,38
POLK COUNTY,373,31 Years,659,392,267,404,216,188,103,75,28,1,1,0,11,5,6,140,95,45
POLK COUNTY,373,32 Years,625,385,240,359,205,154,105,76,29,4,1,3,19,10,9,138,93,45
POLK COUNTY,373,33 Years,594,359,235,364,201,163,96,75,21,2,1,1,8,4,4,124,78,46
POLK COUNTY,373,34 Years,604,370,234,379,212,167,92,74,18,1,0,1,10,4,6,122,80,42
POLK COUNTY,373,35 Years,568,355,213,351,206,145,90,65,25,2,1,1,14,9,5,111,74,37
POLK COUNTY,373,36 Years,572,337,235,343,184,159,101,76,25,4,2,2,13,9,4,111,66,45
POLK COUNTY,373,37 Years,598,372,226,358,204,154,108,84,24,4,2,2,12,6,6,116,76,40
POLK COUNTY,373,38 Years,605,373,232,381,214,167,104,76,28,3,3,0,10,5,5,107,75,32
POLK COUNTY,373,39 Years,587,349,238,382,209,173,103,78,25,1,1,0,14,6,8,87,55,32
POLK COUNTY,373,40 Years,550,322,228,329,175,154,94,66,28,5,2,3,16,8,8,106,71,35
POLK COUNTY,373,41 Years,531,311,220,329,179,150,91,58,33,6,3,3,11,5,6,94,66,28
POLK COUNTY,373,42 Years,568,337,231,363,198,165,83,61,22,3,1,2,12,6,6,107,71,36
POLK COUNTY,373,43 Years,600,335,265,391,199,192,89,59,30,3,1,2,16,9,7,101,67,34
POLK COUNTY,373,44 Years,563,327,236,353,188,165,86,64,22,3,2,1,12,4,8,109,69,40
POLK COUNTY,373,45 Years,573,354,219,346,189,157,88,67,21,1,1,0,16,9,7,122,88,34
POLK COUNTY,373,46 Years,605,344,261,391,197,194,76,59,17,4,1,3,14,10,4,120,77,43
POLK COUNTY,373,47 Years,629,346,283,417,218,199,88,64,24,4,1,3,20,11,9,100,52,48
POLK COUNTY,373,48 Years,596,354,242,423,237,186,68,50,18,2,1,1,15,7,8,88,59,29
POLK COUNTY,373,49 Years,595,355,240,429,241,188,64,48,16,4,3,1,13,5,8,85,58,27
POLK COUNTY,373,50 Years,585,315,270,418,214,204,66,44,22,1,0,1,15,6,9,85,51,34
POLK COUNTY,373,51 Years,599,321,278,442,224,218,62,42,20,4,2,2,18,9,9,73,44,29
POLK COUNTY,373,52 Years,628,330,298,445,230,215,72,48,24,1,1,0,14,5,9,96,46,50
POLK COUNTY,373,53 Years,707,374,333,545,271,274,63,43,20,1,0,1,16,9,7,82,51,31
POLK COUNTY,373,54 Years,742,391,351,577,288,289,65,41,24,3,1,2,20,10,10,77,51,26
POLK COUNTY,373,55 Years,701,345,356,541,254,287,76,48,28,4,1,3,10,3,7,70,39,31
POLK COUNTY,373,56 Years,712,349,363,560,263,297,68,42,26,3,1,2,11,5,6,70,38,32
POLK COUNTY,373,57 Years,760,366,394,596,280,316,68,40,28,3,2,1,16,4,12,77,40,37
POLK COUNTY,373,58 Years,802,390,412,636,296,340,66,44,22,2,1,1,17,4,13,81,45,36
POLK COUNTY,373,59 Years,829,402,427,661,314,347,73,41,32,3,1,2,11,3,8,81,43,38
POLK COUNTY,373,60 Years,845,415,430,691,332,359,74,42,32,3,1,2,8,2,6,69,38,31
POLK COUNTY,373,61 Years,858,428,430,716,351,365,65,39,26,2,0,2,16,3,13,59,35,24
POLK COUNTY,373,62 Years,858,429,429,714,355,359,63,36,27,3,0,3,14,2,12,64,36,28
POLK COUNTY,373,63 Years,894,456,438,747,378,369,68,38,30,5,1,4,13,4,9,61,35,26
POLK COUNTY,373,64 Years,860,446,414,729,373,356,59,32,27,3,0,3,10,7,3,59,34,25
POLK COUNTY,373,65 Years,792,406,386,678,348,330,43,21,22,4,1,3,12,5,7,55,31,24
POLK COUNTY,373,66 Years,763,379,384,665,336,329,41,19,22,2,0,2,12,4,8,43,20,23
POLK COUNTY,373,67 Years,704,357,347,623,319,304,38,19,19,1,1,0,8,3,5,34,15,19
POLK COUNTY,373,68 Years,675,344,331,593,303,290,39,19,20,2,0,2,12,3,9,29,19,10
POLK COUNTY,373,69 Years,673,360,313,600,319,281,28,16,12,2,1,1,11,4,7,32,20,12
POLK COUNTY,373,70 Years,655,359,296,588,325,263,24,16,8,3,0,3,12,4,8,28,14,14
POLK COUNTY,373,71 Years,601,307,294,543,280,263,22,13,9,1,0,1,13,3,10,22,11,11
POLK COUNTY,373,72 Years,504,253,251,446,227,219,22,9,13,2,2,0,11,4,7,23,11,12
POLK COUNTY,373,73 Years,477,232,245,420,206,214,18,9,9,1,1,0,13,4,9,25,12,13
POLK COUNTY,373,74 Years,462,245,217,411,219,192,13,6,7,2,1,1,13,7,6,23,12,11
POLK COUNTY,373,75 Years,435,235,200,383,211,172,14,7,7,0,0,0,15,7,8,23,10,13
POLK COUNTY,373,76 Years,383,200,183,334,179,155,18,8,10,1,0,1,13,7,6,17,6,11
POLK COUNTY,373,77 Years,325,164,161,280,146,134,16,5,11,3,0,3,12,6,6,14,7,7
POLK COUNTY,373,78 Years,291,149,142,257,133,124,13,5,8,1,0,1,10,5,5,10,6,4
POLK COUNTY,373,79 Years,251,123,128,222,109,113,12,5,7,2,1,1,6,3,3,9,5,4
POLK COUNTY,373,80 Years,237,129,108,207,113,94,14,6,8,1,0,1,8,6,2,7,4,3
POLK COUNTY,373,81 Years,212,106,106,185,93,92,13,6,7,1,0,1,6,3,3,7,4,3
POLK COUNTY,373,82 Years,192,92,100,168,82,86,10,4,6,1,0,1,5,2,3,8,4,4
POLK COUNTY,373,83 Years,166,81,85,149,72,77,7,3,4,0,0,0,3,2,1,7,4,3
POLK COUNTY,373,84 Years,145,67,78,125,58,67,7,3,4,0,0,0,6,3,3,7,3,4
POLK COUNTY,373,85 Years,144,64,80,122,53,69,10,4,6,2,1,1,3,2,1,7,4,3
POLK COUNTY,373,86 Years,125,56,69,105,47,58,7,3,4,0,0,0,7,2,5,6,4,2
POLK COUNTY,373,87 Years,114,43,71,98,36,62,5,2,3,0,0,0,4,1,3,7,4,3
POLK COUNTY,373,88 Years,100,33,67,89,30,59,4,1,3,0,0,0,4,1,3,3,1,2
POLK COUNTY,373,89 Years,78,28,50,66,24,42,6,2,4,1,0,1,3,1,2,2,1,1
POLK COUNTY,373,90 Years,79,29,50,64,23,41,5,2,3,1,0,1,4,1,3,5,3,2
POLK COUNTY,373,91 Years,68,25,43,53,18,35,6,2,4,0,0,0,3,2,1,6,3,3
POLK COUNTY,373,92 Years,49,17,32,39,14,25,5,2,3,0,0,0,2,0,2,3,1,2
POLK COUNTY,373,93 Years,37,12,25,29,9,20,5,2,3,0,0,0,1,0,1,2,1,1
POLK COUNTY,373,94 Years,27,7,20,20,5,15,4,1,3,0,0,0,0,0,0,3,1,2
POLK COUNTY,373,95 Years +,57,15,42,42,10,32,9,3,6,1,0,1,1,0,1,4,2,2
POTTER COUNTY,375,All Ages,117191,60512,56679,52064,25945,26119,11026,6427,4599,6257,3286,2971,2977,1429,1548,44867,23425,21442
POTTER COUNTY,375,< 1 Year,1568,791,777,465,241,224,171,85,86,68,34,34,70,37,33,794,394,400
POTTER COUNTY,375,1 Years,1558,787,771,472,241,231,162,81,81,55,27,28,71,36,35,798,402,396
POTTER COUNTY,375,2 Years,1633,817,816,501,247,254,163,83,80,68,35,33,78,40,38,823,412,411
POTTER COUNTY,375,3 Years,1713,865,848,514,253,261,166,84,82,73,39,34,81,39,42,879,450,429
POTTER COUNTY,375,4 Years,1769,917,852,520,263,257,168,86,82,98,54,44,87,42,45,896,472,424
POTTER COUNTY,375,5 Years,1785,928,857,531,273,258,164,85,79,109,59,50,84,40,44,897,471,426
POTTER COUNTY,375,6 Years,1734,905,829,534,276,258,156,80,76,106,60,46,79,38,41,859,451,408
POTTER COUNTY,375,7 Years,1702,867,835,530,270,260,147,72,75,106,56,50,78,37,41,841,432,409
POTTER COUNTY,375,8 Years,1578,815,763,498,258,240,145,61,84,88,44,44,63,30,33,784,422,362
POTTER COUNTY,375,9 Years,1694,832,862,536,266,270,147,72,75,110,47,63,63,31,32,838,416,422
POTTER COUNTY,375,10 Years,1727,873,854,539,264,275,161,94,67,107,49,58,78,45,33,842,421,421
POTTER COUNTY,375,11 Years,1728,905,823,541,272,269,156,89,67,93,51,42,66,34,32,872,459,413
POTTER COUNTY,375,12 Years,1705,840,865,513,266,247,148,71,77,94,40,54,66,28,38,884,435,449
POTTER COUNTY,375,13 Years,1668,842,826,524,264,260,153,75,78,85,36,49,61,26,35,845,441,404
POTTER COUNTY,375,14 Years,1673,854,819,506,261,245,148,82,66,99,35,64,60,25,35,860,451,409
POTTER COUNTY,375,15 Years,1575,791,784,499,251,248,138,73,65,90,35,55,59,24,35,789,408,381
POTTER COUNTY,375,16 Years,1610,816,794,520,262,258,143,78,65,85,35,50,52,25,27,810,416,394
POTTER COUNTY,375,17 Years,1590,794,796,506,245,261,131,71,60,90,40,50,49,25,24,814,413,401
POTTER COUNTY,375,18 Years,1530,770,760,498,238,260,124,66,58,88,49,39,53,26,27,767,391,376
POTTER COUNTY,375,19 Years,1444,755,689,457,234,223,114,67,47,93,49,44,46,23,23,734,382,352
POTTER COUNTY,375,20 Years,1463,798,665,451,241,210,146,91,55,79,36,43,50,21,29,737,409,328
POTTER COUNTY,375,21 Years,1489,774,715,455,225,230,161,96,65,89,46,43,49,21,28,735,386,349
POTTER COUNTY,375,22 Years,1540,836,704,469,239,230,170,103,67,88,56,32,45,27,18,768,411,357
POTTER COUNTY,375,23 Years,1566,826,740,515,265,250,171,110,61,95,46,49,47,23,24,738,382,356
POTTER COUNTY,375,24 Years,1614,861,753,501,251,250,198,122,76,117,64,53,47,19,28,751,405,346
POTTER COUNTY,375,25 Years,1706,934,772,550,278,272,227,137,90,120,64,56,45,23,22,764,432,332
POTTER COUNTY,375,26 Years,1742,922,820,572,302,270,209,122,87,117,61,56,47,22,25,797,415,382
POTTER COUNTY,375,27 Years,1823,966,857,622,322,300,198,123,75,125,69,56,41,19,22,837,433,404
POTTER COUNTY,375,28 Years,1808,945,863,642,331,311,212,131,81,147,65,82,35,15,20,772,403,369
POTTER COUNTY,375,29 Years,1806,957,849,660,340,320,212,133,79,156,92,64,31,14,17,747,378,369
POTTER COUNTY,375,30 Years,1887,1036,851,672,349,323,232,154,78,161,93,68,36,17,19,786,423,363
POTTER COUNTY,375,31 Years,1801,1011,790,677,354,323,224,153,71,133,82,51,35,16,19,732,406,326
POTTER COUNTY,375,32 Years,1807,967,840,734,354,380,197,137,60,124,69,55,35,15,20,717,392,325
POTTER COUNTY,375,33 Years,1789,950,839,733,360,373,190,128,62,134,76,58,36,21,15,696,365,331
POTTER COUNTY,375,34 Years,1736,946,790,702,359,343,183,116,67,145,91,54,28,19,9,678,361,317
POTTER COUNTY,375,35 Years,1752,969,783,704,360,344,191,122,69,134,88,46,34,17,17,689,382,307
POTTER COUNTY,375,36 Years,1768,961,807,729,387,342,186,119,67,119,69,50,32,15,17,702,371,331
POTTER COUNTY,375,37 Years,1738,929,809,773,404,369,184,122,62,108,57,51,32,18,14,641,328,313
POTTER COUNTY,375,38 Years,1688,923,765,741,397,344,188,126,62,118,66,52,25,11,14,616,323,293
POTTER COUNTY,375,39 Years,1531,848,683,671,357,314,181,125,56,87,39,48,19,10,9,573,317,256
POTTER COUNTY,375,40 Years,1491,810,681,667,344,323,159,115,44,88,48,40,18,6,12,559,297,262
POTTER COUNTY,375,41 Years,1442,815,627,649,366,283,153,106,47,68,34,34,28,14,14,544,295,249
POTTER COUNTY,375,42 Years,1433,798,635,646,354,292,142,96,46,80,51,29,24,10,14,541,287,254
POTTER COUNTY,375,43 Years,1391,766,625,606,331,275,149,101,48,73,41,32,22,9,13,541,284,257
POTTER COUNTY,375,44 Years,1366,783,583,603,328,275,142,99,43,77,43,34,21,11,10,523,302,221
POTTER COUNTY,375,45 Years,1384,780,604,617,327,290,140,102,38,73,46,27,25,13,12,529,292,237
POTTER COUNTY,375,46 Years,1419,789,630,639,345,294,147,95,52,88,54,34,22,13,9,523,282,241
POTTER COUNTY,375,47 Years,1405,782,623,657,364,293,145,95,50,74,40,34,27,15,12,502,268,234
POTTER COUNTY,375,48 Years,1469,811,658,704,378,326,151,105,46,66,34,32,24,10,14,524,284,240
POTTER COUNTY,375,49 Years,1383,755,628,663,348,315,147,101,46,58,31,27,20,10,10,495,265,230
POTTER COUNTY,375,50 Years,1304,696,608,609,303,306,124,81,43,57,32,25,31,14,17,483,266,217
POTTER COUNTY,375,51 Years,1272,710,562,584,312,272,128,86,42,64,33,31,28,15,13,468,264,204
POTTER COUNTY,375,52 Years,1307,718,589,623,314,309,130,87,43,56,30,26,24,11,13,474,276,198
POTTER COUNTY,375,53 Years,1390,741,649,689,355,334,141,86,55,54,28,26,28,13,15,478,259,219
POTTER COUNTY,375,54 Years,1398,753,645,733,398,335,134,79,55,59,28,31,32,14,18,440,234,206
POTTER COUNTY,375,55 Years,1361,702,659,750,395,355,133,67,66,49,23,26,29,14,15,400,203,197
POTTER COUNTY,375,56 Years,1362,674,688,767,380,387,120,65,55,51,23,28,23,8,15,401,198,203
POTTER COUNTY,375,57 Years,1361,689,672,779,394,385,116,62,54,57,25,32,22,14,8,387,194,193
POTTER COUNTY,375,58 Years,1418,726,692,847,434,413,116,57,59,58,27,31,22,14,8,375,194,181
POTTER COUNTY,375,59 Years,1369,703,666,805,416,389,113,64,49,58,27,31,25,12,13,368,184,184
POTTER COUNTY,375,60 Years,1345,671,674,805,391,414,102,58,44,52,27,25,21,10,11,365,185,180
POTTER COUNTY,375,61 Years,1327,638,689,801,382,419,109,55,54,55,27,28,19,9,10,343,165,178
POTTER COUNTY,375,62 Years,1360,698,662,856,444,412,106,55,51,54,26,28,14,7,7,330,166,164
POTTER COUNTY,375,63 Years,1311,662,649,831,420,411,103,57,46,57,26,31,19,9,10,301,150,151
POTTER COUNTY,375,64 Years,1185,610,575,757,384,373,90,49,41,48,23,25,25,13,12,265,141,124
POTTER COUNTY,375,65 Years,1151,576,575,746,369,377,80,39,41,55,27,28,23,10,13,247,131,116
POTTER COUNTY,375,66 Years,1055,519,536,702,342,360,74,32,42,46,19,27,17,8,9,216,118,98
POTTER COUNTY,375,67 Years,994,492,502,661,318,343,72,34,38,36,20,16,15,9,6,210,111,99
POTTER COUNTY,375,68 Years,945,477,468,614,300,314,64,31,33,33,21,12,21,11,10,213,114,99
POTTER COUNTY,375,69 Years,897,434,463,597,293,304,67,28,39,40,22,18,21,9,12,172,82,90
POTTER COUNTY,375,70 Years,869,408,461,611,295,316,58,24,34,28,15,13,16,9,7,156,65,91
POTTER COUNTY,375,71 Years,837,390,447,615,282,333,50,20,30,22,13,9,17,10,7,133,65,68
POTTER COUNTY,375,72 Years,698,307,391,482,211,271,37,16,21,23,13,10,16,9,7,140,58,82
POTTER COUNTY,375,73 Years,646,300,346,447,207,240,46,19,27,26,13,13,10,6,4,117,55,62
POTTER COUNTY,375,74 Years,657,311,346,481,232,249,38,15,23,23,12,11,14,5,9,101,47,54
POTTER COUNTY,375,75 Years,593,269,324,440,205,235,38,10,28,18,11,7,14,4,10,83,39,44
POTTER COUNTY,375,76 Years,564,258,306,424,190,234,36,12,24,14,8,6,13,7,6,77,41,36
POTTER COUNTY,375,77 Years,547,250,297,403,187,216,31,12,19,13,7,6,10,3,7,90,41,49
POTTER COUNTY,375,78 Years,505,215,290,388,167,221,22,6,16,13,6,7,9,5,4,73,31,42
POTTER COUNTY,375,79 Years,479,199,280,370,150,220,20,8,12,11,6,5,12,5,7,66,30,36
POTTER COUNTY,375,80 Years,435,187,248,336,141,195,18,8,10,12,7,5,9,4,5,60,27,33
POTTER COUNTY,375,81 Years,416,158,258,326,123,203,19,7,12,12,6,6,7,2,5,52,20,32
POTTER COUNTY,375,82 Years,389,159,230,303,129,174,20,7,13,9,3,6,7,2,5,50,18,32
POTTER COUNTY,375,83 Years,378,153,225,304,125,179,16,6,10,5,3,2,5,1,4,48,18,30
POTTER COUNTY,375,84 Years,359,145,214,290,121,169,15,4,11,6,4,2,5,1,4,43,15,28
POTTER COUNTY,375,85 Years,336,133,203,282,112,170,11,4,7,6,4,2,4,1,3,33,12,21
POTTER COUNTY,375,86 Years,333,130,203,274,103,171,13,6,7,5,3,2,5,1,4,36,17,19
POTTER COUNTY,375,87 Years,290,108,182,236,87,149,13,5,8,4,2,2,3,0,3,34,14,20
POTTER COUNTY,375,88 Years,270,109,161,216,88,128,10,4,6,5,3,2,4,0,4,35,14,21
POTTER COUNTY,375,89 Years,232,89,143,191,69,122,8,4,4,3,2,1,4,2,2,26,12,14
POTTER COUNTY,375,90 Years,209,75,134,172,59,113,7,3,4,3,2,1,3,1,2,24,10,14
POTTER COUNTY,375,91 Years,194,66,128,160,54,106,11,4,7,2,1,1,2,1,1,19,6,13
POTTER COUNTY,375,92 Years,153,53,100,130,47,83,7,2,5,1,0,1,1,0,1,14,4,10
POTTER COUNTY,375,93 Years,121,39,82,104,34,70,5,2,3,1,0,1,1,0,1,10,3,7
POTTER COUNTY,375,94 Years,100,31,69,87,25,62,4,2,2,0,0,0,1,0,1,8,4,4
POTTER COUNTY,375,95 Years +,248,69,179,208,53,155,11,5,6,7,3,4,2,1,1,20,7,13
PRESIDIO COUNTY,377,All Ages,7030,3522,3508,1110,544,566,30,21,9,90,41,49,70,38,32,5730,2878,2852
PRESIDIO COUNTY,377,< 1 Year,107,61,46,14,8,6,0,0,0,1,1,0,2,2,0,90,50,40
PRESIDIO COUNTY,377,1 Years,111,60,51,12,6,6,0,0,0,1,1,0,2,2,0,96,51,45
PRESIDIO COUNTY,377,2 Years,104,54,50,13,6,7,0,0,0,0,0,0,0,0,0,91,48,43
PRESIDIO COUNTY,377,3 Years,116,60,56,14,6,8,0,0,0,0,0,0,0,0,0,102,54,48
PRESIDIO COUNTY,377,4 Years,112,57,55,17,8,9,0,0,0,0,0,0,0,0,0,95,49,46
PRESIDIO COUNTY,377,5 Years,108,56,52,15,7,8,0,0,0,0,0,0,0,0,0,93,49,44
PRESIDIO COUNTY,377,6 Years,95,45,50,13,5,8,0,0,0,0,0,0,0,0,0,82,40,42
PRESIDIO COUNTY,377,7 Years,93,46,47,11,3,8,0,0,0,0,0,0,0,0,0,82,43,39
PRESIDIO COUNTY,377,8 Years,83,41,42,13,4,9,1,1,0,1,0,1,2,1,1,66,35,31
PRESIDIO COUNTY,377,9 Years,87,43,44,12,5,7,2,0,2,2,0,2,1,1,0,70,37,33
PRESIDIO COUNTY,377,10 Years,100,49,51,14,6,8,1,0,1,2,1,1,3,2,1,80,40,40
PRESIDIO COUNTY,377,11 Years,93,43,50,6,3,3,1,1,0,1,0,1,2,1,1,83,38,45
PRESIDIO COUNTY,377,12 Years,86,39,47,9,4,5,0,0,0,1,0,1,0,0,0,76,35,41
PRESIDIO COUNTY,377,13 Years,92,45,47,8,4,4,1,1,0,1,0,1,0,0,0,82,40,42
PRESIDIO COUNTY,377,14 Years,91,50,41,8,4,4,1,1,0,5,1,4,1,1,0,76,43,33
PRESIDIO COUNTY,377,15 Years,94,51,43,14,12,2,0,0,0,4,3,1,2,1,1,74,35,39
PRESIDIO COUNTY,377,16 Years,78,42,36,10,6,4,1,1,0,1,1,0,2,1,1,64,33,31
PRESIDIO COUNTY,377,17 Years,84,48,36,6,5,1,0,0,0,1,1,0,0,0,0,77,42,35
PRESIDIO COUNTY,377,18 Years,83,41,42,5,2,3,1,1,0,4,1,3,1,1,0,72,36,36
PRESIDIO COUNTY,377,19 Years,82,42,40,7,3,4,0,0,0,2,1,1,3,2,1,70,36,34
PRESIDIO COUNTY,377,20 Years,84,46,38,9,5,4,1,1,0,0,0,0,3,2,1,71,38,33
PRESIDIO COUNTY,377,21 Years,77,37,40,6,2,4,1,1,0,1,1,0,2,0,2,67,33,34
PRESIDIO COUNTY,377,22 Years,85,38,47,7,3,4,1,1,0,2,1,1,2,1,1,73,32,41
PRESIDIO COUNTY,377,23 Years,91,43,48,5,4,1,0,0,0,2,1,1,0,0,0,84,38,46
PRESIDIO COUNTY,377,24 Years,90,45,45,4,2,2,1,0,1,3,0,3,1,0,1,81,43,38
PRESIDIO COUNTY,377,25 Years,96,50,46,8,2,6,1,0,1,4,2,2,0,0,0,83,46,37
PRESIDIO COUNTY,377,26 Years,93,52,41,5,3,2,1,0,1,1,1,0,0,0,0,86,48,38
PRESIDIO COUNTY,377,27 Years,90,49,41,1,1,0,0,0,0,1,1,0,0,0,0,88,47,41
PRESIDIO COUNTY,377,28 Years,78,39,39,2,2,0,1,0,1,0,0,0,1,1,0,74,36,38
PRESIDIO COUNTY,377,29 Years,62,38,24,7,3,4,0,0,0,0,0,0,1,1,0,54,34,20
PRESIDIO COUNTY,377,30 Years,64,37,27,8,4,4,0,0,0,0,0,0,0,0,0,56,33,23
PRESIDIO COUNTY,377,31 Years,76,47,29,11,7,4,2,2,0,0,0,0,0,0,0,63,38,25
PRESIDIO COUNTY,377,32 Years,85,43,42,9,4,5,0,0,0,0,0,0,0,0,0,76,39,37
PRESIDIO COUNTY,377,33 Years,74,39,35,14,6,8,0,0,0,0,0,0,0,0,0,60,33,27
PRESIDIO COUNTY,377,34 Years,70,32,38,11,4,7,0,0,0,1,0,1,0,0,0,58,28,30
PRESIDIO COUNTY,377,35 Years,62,29,33,9,4,5,0,0,0,0,0,0,0,0,0,53,25,28
PRESIDIO COUNTY,377,36 Years,64,31,33,10,5,5,1,0,1,1,0,1,0,0,0,52,26,26
PRESIDIO COUNTY,377,37 Years,73,35,38,13,7,6,1,1,0,1,0,1,0,0,0,58,27,31
PRESIDIO COUNTY,377,38 Years,72,36,36,13,8,5,0,0,0,0,0,0,0,0,0,59,28,31
PRESIDIO COUNTY,377,39 Years,68,33,35,11,6,5,1,1,0,3,2,1,0,0,0,53,24,29
PRESIDIO COUNTY,377,40 Years,59,32,27,10,7,3,0,0,0,3,2,1,0,0,0,46,23,23
PRESIDIO COUNTY,377,41 Years,65,30,35,11,6,5,2,2,0,1,0,1,2,0,2,49,22,27
PRESIDIO COUNTY,377,42 Years,72,35,37,10,5,5,1,1,0,3,2,1,0,0,0,58,27,31
PRESIDIO COUNTY,377,43 Years,74,31,43,10,4,6,0,0,0,4,0,4,2,1,1,58,26,32
PRESIDIO COUNTY,377,44 Years,70,28,42,12,7,5,0,0,0,5,1,4,0,0,0,53,20,33
PRESIDIO COUNTY,377,45 Years,72,34,38,15,7,8,0,0,0,1,0,1,1,1,0,55,26,29
PRESIDIO COUNTY,377,46 Years,91,53,38,20,11,9,0,0,0,4,3,1,1,1,0,66,38,28
PRESIDIO COUNTY,377,47 Years,89,42,47,18,9,9,0,0,0,1,1,0,1,1,0,69,31,38
PRESIDIO COUNTY,377,48 Years,88,41,47,18,9,9,0,0,0,2,1,1,2,1,1,66,30,36
PRESIDIO COUNTY,377,49 Years,84,39,45,18,9,9,0,0,0,2,1,1,0,0,0,64,29,35
PRESIDIO COUNTY,377,50 Years,84,40,44,17,8,9,0,0,0,2,1,1,1,0,1,64,31,33
PRESIDIO COUNTY,377,51 Years,74,37,37,11,6,5,1,1,0,2,1,1,0,0,0,60,29,31
PRESIDIO COUNTY,377,52 Years,79,36,43,14,7,7,1,1,0,0,0,0,0,0,0,64,28,36
PRESIDIO COUNTY,377,53 Years,78,40,38,9,5,4,0,0,0,2,2,0,0,0,0,67,33,34
PRESIDIO COUNTY,377,54 Years,91,52,39,11,7,4,0,0,0,1,1,0,0,0,0,79,44,35
PRESIDIO COUNTY,377,55 Years,87,43,44,17,8,9,0,0,0,0,0,0,0,0,0,70,35,35
PRESIDIO COUNTY,377,56 Years,86,41,45,18,9,9,0,0,0,1,0,1,0,0,0,67,32,35
PRESIDIO COUNTY,377,57 Years,86,42,44,13,5,8,0,0,0,2,0,2,0,0,0,71,37,34
PRESIDIO COUNTY,377,58 Years,77,38,39,11,6,5,1,1,0,1,0,1,0,0,0,64,31,33
PRESIDIO COUNTY,377,59 Years,71,36,35,13,6,7,0,0,0,1,1,0,1,1,0,56,28,28
PRESIDIO COUNTY,377,60 Years,78,38,40,18,7,11,0,0,0,1,1,0,0,0,0,59,30,29
PRESIDIO COUNTY,377,61 Years,93,49,44,23,11,12,0,0,0,2,2,0,0,0,0,68,36,32
PRESIDIO COUNTY,377,62 Years,81,40,41,15,8,7,0,0,0,1,1,0,1,0,1,64,31,33
PRESIDIO COUNTY,377,63 Years,78,38,40,18,10,8,1,1,0,0,0,0,1,1,0,58,26,32
PRESIDIO COUNTY,377,64 Years,80,37,43,15,9,6,1,1,0,0,0,0,0,0,0,64,27,37
PRESIDIO COUNTY,377,65 Years,83,39,44,18,8,10,0,0,0,0,0,0,1,1,0,64,30,34
PRESIDIO COUNTY,377,66 Years,89,33,56,19,7,12,0,0,0,0,0,0,2,1,1,68,25,43
PRESIDIO COUNTY,377,67 Years,87,42,45,19,7,12,0,0,0,0,0,0,5,4,1,63,31,32
PRESIDIO COUNTY,377,68 Years,93,50,43,23,12,11,1,0,1,0,0,0,1,1,0,68,37,31
PRESIDIO COUNTY,377,69 Years,99,56,43,30,17,13,0,0,0,0,0,0,2,0,2,67,39,28
PRESIDIO COUNTY,377,70 Years,96,53,43,32,19,13,0,0,0,0,0,0,3,2,1,61,32,29
PRESIDIO COUNTY,377,71 Years,105,57,48,25,15,10,0,0,0,1,0,1,3,1,2,76,41,35
PRESIDIO COUNTY,377,72 Years,73,37,36,22,13,9,0,0,0,0,0,0,1,0,1,50,24,26
PRESIDIO COUNTY,377,73 Years,66,34,32,14,8,6,0,0,0,0,0,0,1,0,1,51,26,25
PRESIDIO COUNTY,377,74 Years,67,40,27,11,5,6,0,0,0,0,0,0,2,0,2,54,35,19
PRESIDIO COUNTY,377,75 Years,76,44,32,15,6,9,0,0,0,0,0,0,1,0,1,60,38,22
PRESIDIO COUNTY,377,76 Years,60,30,30,12,5,7,0,0,0,0,0,0,1,0,1,47,25,22
PRESIDIO COUNTY,377,77 Years,59,25,34,7,4,3,0,0,0,0,0,0,0,0,0,52,21,31
PRESIDIO COUNTY,377,78 Years,49,23,26,8,5,3,0,0,0,0,0,0,1,0,1,40,18,22
PRESIDIO COUNTY,377,79 Years,52,26,26,10,4,6,0,0,0,0,0,0,1,0,1,41,22,19
PRESIDIO COUNTY,377,80 Years,47,26,21,8,4,4,0,0,0,0,0,0,0,0,0,39,22,17
PRESIDIO COUNTY,377,81 Years,42,21,21,8,3,5,0,0,0,0,0,0,0,0,0,34,18,16
PRESIDIO COUNTY,377,82 Years,44,19,25,9,3,6,0,0,0,0,0,0,0,0,0,35,16,19
PRESIDIO COUNTY,377,83 Years,43,21,22,9,3,6,0,0,0,0,0,0,0,0,0,34,18,16
PRESIDIO COUNTY,377,84 Years,35,18,17,9,4,5,0,0,0,0,0,0,0,0,0,26,14,12
PRESIDIO COUNTY,377,85 Years,30,11,19,8,2,6,0,0,0,0,0,0,0,0,0,22,9,13
PRESIDIO COUNTY,377,86 Years,27,11,16,6,2,4,0,0,0,0,0,0,0,0,0,21,9,12
PRESIDIO COUNTY,377,87 Years,26,10,16,5,1,4,0,0,0,0,0,0,1,1,0,20,8,12
PRESIDIO COUNTY,377,88 Years,26,10,16,5,1,4,0,0,0,0,0,0,0,0,0,21,9,12
PRESIDIO COUNTY,377,89 Years,22,9,13,5,2,3,0,0,0,0,0,0,0,0,0,17,7,10
PRESIDIO COUNTY,377,90 Years,23,7,16,6,2,4,0,0,0,0,0,0,0,0,0,17,5,12
PRESIDIO COUNTY,377,91 Years,18,6,12,5,2,3,0,0,0,0,0,0,0,0,0,13,4,9
PRESIDIO COUNTY,377,92 Years,11,5,6,3,1,2,0,0,0,0,0,0,0,0,0,8,4,4
PRESIDIO COUNTY,377,93 Years,10,4,6,1,1,0,0,0,0,0,0,0,0,0,0,9,3,6
PRESIDIO COUNTY,377,94 Years,8,4,4,3,2,1,0,0,0,0,0,0,0,0,0,5,2,3
PRESIDIO COUNTY,377,95 Years +,24,7,17,6,1,5,0,0,0,0,0,0,0,0,0,18,6,12
RAINS COUNTY,379,All Ages,12259,6181,6078,10570,5297,5273,268,141,127,80,39,41,272,129,143,1069,575,494
RAINS COUNTY,379,< 1 Year,171,97,74,132,75,57,0,0,0,5,3,2,8,4,4,26,15,11
RAINS COUNTY,379,1 Years,147,81,66,118,65,53,0,0,0,3,2,1,5,2,3,21,12,9
RAINS COUNTY,379,2 Years,137,72,65,107,56,51,0,0,0,3,2,1,5,3,2,22,11,11
RAINS COUNTY,379,3 Years,116,58,58,95,48,47,0,0,0,2,1,1,4,1,3,15,8,7
RAINS COUNTY,379,4 Years,120,64,56,95,50,45,0,0,0,3,2,1,6,4,2,16,8,8
RAINS COUNTY,379,5 Years,124,66,58,99,52,47,0,0,0,2,1,1,7,4,3,16,9,7
RAINS COUNTY,379,6 Years,130,72,58,105,57,48,1,1,0,0,0,0,5,4,1,19,10,9
RAINS COUNTY,379,7 Years,139,78,61,111,59,52,2,2,0,0,0,0,5,4,1,21,13,8
RAINS COUNTY,379,8 Years,143,79,64,114,60,54,1,0,1,3,3,0,5,0,5,20,16,4
RAINS COUNTY,379,9 Years,124,71,53,98,55,43,5,4,1,1,1,0,5,2,3,15,9,6
RAINS COUNTY,379,10 Years,122,76,46,98,59,39,2,2,0,0,0,0,3,2,1,19,13,6
RAINS COUNTY,379,11 Years,144,73,71,115,57,58,0,0,0,0,0,0,2,0,2,27,16,11
RAINS COUNTY,379,12 Years,135,68,67,108,52,56,1,1,0,1,1,0,2,1,1,23,13,10
RAINS COUNTY,379,13 Years,121,68,53,103,59,44,4,2,2,1,1,0,0,0,0,13,6,7
RAINS COUNTY,379,14 Years,123,71,52,103,59,44,3,2,1,0,0,0,3,2,1,14,8,6
RAINS COUNTY,379,15 Years,123,70,53,91,49,42,1,1,0,1,1,0,6,5,1,24,14,10
RAINS COUNTY,379,16 Years,114,55,59,93,44,49,1,1,0,1,1,0,2,1,1,17,8,9
RAINS COUNTY,379,17 Years,119,59,60,97,48,49,1,1,0,1,1,0,4,2,2,16,7,9
RAINS COUNTY,379,18 Years,117,54,63,80,37,43,5,2,3,0,0,0,7,4,3,25,11,14
RAINS COUNTY,379,19 Years,112,58,54,74,36,38,4,2,2,3,3,0,6,3,3,25,14,11
RAINS COUNTY,379,20 Years,127,65,62,87,43,44,6,3,3,2,1,1,5,3,2,27,15,12
RAINS COUNTY,379,21 Years,114,63,51,86,48,38,5,4,1,1,0,1,5,2,3,17,9,8
RAINS COUNTY,379,22 Years,117,64,53,86,49,37,3,1,2,0,0,0,3,2,1,25,12,13
RAINS COUNTY,379,23 Years,121,65,56,87,49,38,4,2,2,0,0,0,6,2,4,24,12,12
RAINS COUNTY,379,24 Years,125,56,69,93,40,53,4,1,3,2,1,1,6,3,3,20,11,9
RAINS COUNTY,379,25 Years,134,67,67,99,48,51,5,1,4,0,0,0,7,3,4,23,15,8
RAINS COUNTY,379,26 Years,150,78,72,121,63,58,3,1,2,0,0,0,5,2,3,21,12,9
RAINS COUNTY,379,27 Years,136,66,70,114,55,59,3,2,1,0,0,0,3,2,1,16,7,9
RAINS COUNTY,379,28 Years,136,67,69,115,54,61,2,1,1,0,0,0,3,1,2,16,11,5
RAINS COUNTY,379,29 Years,136,78,58,120,69,51,1,1,0,0,0,0,3,1,2,12,7,5
RAINS COUNTY,379,30 Years,129,72,57,112,62,50,0,0,0,0,0,0,2,1,1,15,9,6
RAINS COUNTY,379,31 Years,120,54,66,107,45,62,0,0,0,0,0,0,1,0,1,12,9,3
RAINS COUNTY,379,32 Years,133,59,74,113,47,66,0,0,0,0,0,0,2,0,2,18,12,6
RAINS COUNTY,379,33 Years,136,67,69,115,56,59,1,1,0,1,1,0,2,0,2,17,9,8
RAINS COUNTY,379,34 Years,117,60,57,99,54,45,4,2,2,3,2,1,1,0,1,10,2,8
RAINS COUNTY,379,35 Years,123,51,72,107,43,64,2,1,1,1,0,1,1,1,0,12,6,6
RAINS COUNTY,379,36 Years,133,63,70,111,50,61,2,2,0,0,0,0,2,1,1,18,10,8
RAINS COUNTY,379,37 Years,119,58,61,103,50,53,1,0,1,1,0,1,2,1,1,12,7,5
RAINS COUNTY,379,38 Years,107,53,54,84,40,44,3,3,0,1,0,1,2,1,1,17,9,8
RAINS COUNTY,379,39 Years,118,59,59,103,54,49,4,2,2,0,0,0,0,0,0,11,3,8
RAINS COUNTY,379,40 Years,100,52,48,87,45,42,1,0,1,0,0,0,1,0,1,11,7,4
RAINS COUNTY,379,41 Years,127,64,63,110,56,54,3,2,1,0,0,0,3,1,2,11,5,6
RAINS COUNTY,379,42 Years,130,58,72,109,51,58,5,3,2,3,0,3,2,2,0,11,2,9
RAINS COUNTY,379,43 Years,124,57,67,99,46,53,5,3,2,1,0,1,3,1,2,16,7,9
RAINS COUNTY,379,44 Years,120,61,59,105,54,51,2,1,1,0,0,0,2,1,1,11,5,6
RAINS COUNTY,379,45 Years,127,65,62,109,58,51,4,2,2,0,0,0,3,2,1,11,3,8
RAINS COUNTY,379,46 Years,136,68,68,111,54,57,6,3,3,0,0,0,3,3,0,16,8,8
RAINS COUNTY,379,47 Years,162,80,82,139,69,70,4,0,4,0,0,0,3,1,2,16,10,6
RAINS COUNTY,379,48 Years,152,82,70,135,73,62,1,0,1,1,0,1,4,3,1,11,6,5
RAINS COUNTY,379,49 Years,137,76,61,123,69,54,0,0,0,2,0,2,2,1,1,10,6,4
RAINS COUNTY,379,50 Years,140,71,69,121,63,58,4,2,2,2,0,2,4,1,3,9,5,4
RAINS COUNTY,379,51 Years,172,85,87,150,77,73,4,2,2,1,0,1,4,0,4,13,6,7
RAINS COUNTY,379,52 Years,170,80,90,149,69,80,2,1,1,1,0,1,3,1,2,15,9,6
RAINS COUNTY,379,53 Years,161,83,78,140,71,69,3,1,2,2,2,0,2,1,1,14,8,6
RAINS COUNTY,379,54 Years,170,85,85,156,78,78,2,2,0,1,1,0,0,0,0,11,4,7
RAINS COUNTY,379,55 Years,191,97,94,176,88,88,8,6,2,1,0,1,0,0,0,6,3,3
RAINS COUNTY,379,56 Years,192,104,88,175,98,77,3,2,1,5,2,3,1,0,1,8,2,6
RAINS COUNTY,379,57 Years,194,98,96,180,92,88,2,0,2,3,1,2,2,0,2,7,5,2
RAINS COUNTY,379,58 Years,198,106,92,184,99,85,1,0,1,2,0,2,3,2,1,8,5,3
RAINS COUNTY,379,59 Years,231,113,118,217,104,113,3,2,1,1,0,1,3,1,2,7,6,1
RAINS COUNTY,379,60 Years,224,107,117,203,97,106,6,2,4,1,1,0,6,3,3,8,4,4
RAINS COUNTY,379,61 Years,226,109,117,200,96,104,4,1,3,4,2,2,6,4,2,12,6,6
RAINS COUNTY,379,62 Years,203,94,109,184,85,99,4,2,2,1,0,1,6,4,2,8,3,5
RAINS COUNTY,379,63 Years,166,79,87,151,72,79,5,3,2,0,0,0,3,1,2,7,3,4
RAINS COUNTY,379,64 Years,182,82,100,168,77,91,6,2,4,0,0,0,3,1,2,5,2,3
RAINS COUNTY,379,65 Years,200,100,100,185,91,94,9,5,4,0,0,0,3,2,1,3,2,1
RAINS COUNTY,379,66 Years,189,94,95,172,83,89,6,4,2,0,0,0,6,3,3,5,4,1
RAINS COUNTY,379,67 Years,186,86,100,173,79,94,5,4,1,1,0,1,4,1,3,3,2,1
RAINS COUNTY,379,68 Years,177,91,86,168,86,82,5,4,1,0,0,0,2,0,2,2,1,1
RAINS COUNTY,379,69 Years,190,97,93,176,91,85,7,4,3,0,0,0,2,0,2,5,2,3
RAINS COUNTY,379,70 Years,196,92,104,185,88,97,4,1,3,0,0,0,1,0,1,6,3,3
RAINS COUNTY,379,71 Years,207,108,99,191,97,94,7,6,1,0,0,0,7,4,3,2,1,1
RAINS COUNTY,379,72 Years,143,70,73,130,66,64,5,3,2,0,0,0,4,1,3,4,0,4
RAINS COUNTY,379,73 Years,139,72,67,133,70,63,4,2,2,0,0,0,1,0,1,1,0,1
RAINS COUNTY,379,74 Years,140,74,66,136,73,63,2,1,1,1,0,1,0,0,0,1,0,1
RAINS COUNTY,379,75 Years,131,64,67,125,62,63,1,0,1,1,0,1,0,0,0,4,2,2
RAINS COUNTY,379,76 Years,133,65,68,121,61,60,3,1,2,0,0,0,4,3,1,5,0,5
RAINS COUNTY,379,77 Years,114,61,53,101,53,48,3,0,3,1,1,0,4,3,1,5,4,1
RAINS COUNTY,379,78 Years,99,47,52,93,42,51,2,1,1,1,1,0,1,1,0,2,2,0
RAINS COUNTY,379,79 Years,97,41,56,96,40,56,1,1,0,0,0,0,0,0,0,0,0,0
RAINS COUNTY,379,80 Years,96,37,59,89,34,55,4,2,2,0,0,0,1,0,1,2,1,1
RAINS COUNTY,379,81 Years,78,36,42,71,32,39,4,2,2,0,0,0,0,0,0,3,2,1
RAINS COUNTY,379,82 Years,80,43,37,75,40,35,3,1,2,0,0,0,2,2,0,0,0,0
RAINS COUNTY,379,83 Years,69,40,29,66,37,29,2,2,0,0,0,0,0,0,0,1,1,0
RAINS COUNTY,379,84 Years,57,30,27,53,28,25,1,0,1,0,0,0,0,0,0,3,2,1
RAINS COUNTY,379,85 Years,50,23,27,41,20,21,4,1,3,0,0,0,1,0,1,4,2,2
RAINS COUNTY,379,86 Years,41,20,21,38,18,20,2,1,1,0,0,0,0,0,0,1,1,0
RAINS COUNTY,379,87 Years,37,18,19,35,18,17,1,0,1,0,0,0,0,0,0,1,0,1
RAINS COUNTY,379,88 Years,35,12,23,32,12,20,0,0,0,1,0,1,1,0,1,1,0,1
RAINS COUNTY,379,89 Years,29,13,16,23,9,14,1,1,0,0,0,0,2,1,1,3,2,1
RAINS COUNTY,379,90 Years,22,10,12,20,9,11,1,1,0,0,0,0,1,0,1,0,0,0
RAINS COUNTY,379,91 Years,15,7,8,12,4,8,1,1,0,0,0,0,0,0,0,2,2,0
RAINS COUNTY,379,92 Years,20,6,14,17,5,12,1,0,1,0,0,0,1,0,1,1,1,0
RAINS COUNTY,379,93 Years,12,5,7,11,5,6,1,0,1,0,0,0,0,0,0,0,0,0
RAINS COUNTY,379,94 Years,8,2,6,7,2,5,1,0,1,0,0,0,0,0,0,0,0,0
RAINS COUNTY,379,95 Years +,22,6,16,16,5,11,5,1,4,0,0,0,1,0,1,0,0,0
RANDALL COUNTY,381,All Ages,139785,69315,70470,98404,47790,50614,4116,2338,1778,1982,939,1043,3241,1710,1531,32042,16538,15504
RANDALL COUNTY,381,< 1 Year,1695,889,806,923,483,440,57,31,26,33,16,17,93,50,43,589,309,280
RANDALL COUNTY,381,1 Years,1744,902,842,962,491,471,58,30,28,32,17,15,92,49,43,600,315,285
RANDALL COUNTY,381,2 Years,1784,904,880,1005,514,491,56,28,28,33,16,17,97,47,50,593,299,294
RANDALL COUNTY,381,3 Years,1894,954,940,1076,544,532,59,29,30,34,17,17,105,53,52,620,311,309
RANDALL COUNTY,381,4 Years,1946,993,953,1108,578,530,65,33,32,33,16,17,108,52,56,632,314,318
RANDALL COUNTY,381,5 Years,1964,1015,949,1117,589,528,65,31,34,34,17,17,109,53,56,639,325,314
RANDALL COUNTY,381,6 Years,1936,1015,921,1125,599,526,56,27,29,29,14,15,100,50,50,626,325,301
RANDALL COUNTY,381,7 Years,1901,987,914,1103,571,532,56,26,30,26,15,11,88,46,42,628,329,299
RANDALL COUNTY,381,8 Years,1866,990,876,1074,566,508,53,24,29,21,10,11,85,53,32,633,337,296
RANDALL COUNTY,381,9 Years,1923,1023,900,1136,607,529,63,28,35,21,12,9,75,39,36,628,337,291
RANDALL COUNTY,381,10 Years,1893,990,903,1099,564,535,63,31,32,45,20,25,69,35,34,617,340,277
RANDALL COUNTY,381,11 Years,1932,1000,932,1135,586,549,71,29,42,29,10,19,66,43,23,631,332,299
RANDALL COUNTY,381,12 Years,1926,1011,915,1091,564,527,80,44,36,33,7,26,62,34,28,660,362,298
RANDALL COUNTY,381,13 Years,1933,1018,915,1105,562,543,73,41,32,29,10,19,66,44,22,660,361,299
RANDALL COUNTY,381,14 Years,1894,962,932,1118,573,545,58,30,28,21,5,16,60,34,26,637,320,317
RANDALL COUNTY,381,15 Years,1884,984,900,1125,597,528,66,31,35,35,18,17,50,26,24,608,312,296
RANDALL COUNTY,381,16 Years,1786,944,842,1038,550,488,62,30,32,31,18,13,41,20,21,614,326,288
RANDALL COUNTY,381,17 Years,1778,945,833,1007,529,478,77,48,29,24,9,15,52,31,21,618,328,290
RANDALL COUNTY,381,18 Years,1995,1056,939,1045,517,528,102,60,42,26,11,15,51,25,26,771,443,328
RANDALL COUNTY,381,19 Years,2424,1219,1205,1375,652,723,125,64,61,36,20,16,60,35,25,828,448,380
RANDALL COUNTY,381,20 Years,2258,1121,1137,1235,598,637,103,48,55,38,17,21,61,27,34,821,431,390
RANDALL COUNTY,381,21 Years,2246,1122,1124,1258,615,643,105,54,51,33,17,16,61,28,33,789,408,381
RANDALL COUNTY,381,22 Years,2152,1105,1047,1212,611,601,90,54,36,42,22,20,81,39,42,727,379,348
RANDALL COUNTY,381,23 Years,2065,1105,960,1187,618,569,107,64,43,43,35,8,70,42,28,658,346,312
RANDALL COUNTY,381,24 Years,1925,968,957,1167,578,589,77,40,37,31,14,17,55,35,20,595,301,294
RANDALL COUNTY,381,25 Years,2060,1038,1022,1314,630,684,97,53,44,41,26,15,63,36,27,545,293,252
RANDALL COUNTY,381,26 Years,2080,1043,1037,1455,692,763,101,70,31,35,22,13,47,30,17,442,229,213
RANDALL COUNTY,381,27 Years,1919,1023,896,1357,698,659,60,41,19,43,27,16,30,16,14,429,241,188
RANDALL COUNTY,381,28 Years,1811,872,939,1360,636,724,54,28,26,17,7,10,45,34,11,335,167,168
RANDALL COUNTY,381,29 Years,1732,810,922,1353,641,712,34,17,17,20,7,13,29,18,11,296,127,169
RANDALL COUNTY,381,30 Years,1644,845,799,1258,642,616,36,24,12,13,5,8,22,13,9,315,161,154
RANDALL COUNTY,381,31 Years,1661,870,791,1228,675,553,34,11,23,21,3,18,22,12,10,356,169,187
RANDALL COUNTY,381,32 Years,1850,930,920,1367,692,675,38,19,19,30,9,21,24,12,12,391,198,193
RANDALL COUNTY,381,33 Years,1865,931,934,1357,668,689,56,36,20,16,5,11,23,9,14,413,213,200
RANDALL COUNTY,381,34 Years,1902,948,954,1358,687,671,60,32,28,23,5,18,21,11,10,440,213,227
RANDALL COUNTY,381,35 Years,1906,942,964,1347,675,672,68,36,32,18,4,14,30,14,16,443,213,230
RANDALL COUNTY,381,36 Years,1873,910,963,1312,621,691,56,32,24,27,9,18,32,18,14,446,230,216
RANDALL COUNTY,381,37 Years,1924,942,982,1337,617,720,77,46,31,28,13,15,38,19,19,444,247,197
RANDALL COUNTY,381,38 Years,1958,1001,957,1379,701,678,76,42,34,25,11,14,34,17,17,444,230,214
RANDALL COUNTY,381,39 Years,1794,941,853,1261,642,619,65,50,15,17,9,8,29,16,13,422,224,198
RANDALL COUNTY,381,40 Years,1771,908,863,1237,615,622,61,50,11,29,13,16,22,15,7,422,215,207
RANDALL COUNTY,381,41 Years,1727,894,833,1209,613,596,49,36,13,30,15,15,25,18,7,414,212,202
RANDALL COUNTY,381,42 Years,1691,869,822,1186,587,599,59,38,21,28,17,11,29,17,12,389,210,179
RANDALL COUNTY,381,43 Years,1752,910,842,1245,630,615,48,34,14,24,10,14,34,17,17,401,219,182
RANDALL COUNTY,381,44 Years,1530,773,757,1075,526,549,49,26,23,29,10,19,22,11,11,355,200,155
RANDALL COUNTY,381,45 Years,1456,727,729,1025,493,532,39,28,11,25,13,12,20,11,9,347,182,165
RANDALL COUNTY,381,46 Years,1582,771,811,1112,522,590,47,37,10,25,13,12,20,9,11,378,190,188
RANDALL COUNTY,381,47 Years,1682,833,849,1228,597,631,50,39,11,23,10,13,28,10,18,353,177,176
RANDALL COUNTY,381,48 Years,1720,834,886,1258,605,653,55,32,23,28,14,14,24,9,15,355,174,181
RANDALL COUNTY,381,49 Years,1556,762,794,1125,537,588,43,27,16,22,11,11,19,6,13,347,181,166
RANDALL COUNTY,381,50 Years,1509,721,788,1083,505,578,55,34,21,26,11,15,20,7,13,325,164,161
RANDALL COUNTY,381,51 Years,1490,728,762,1102,533,569,40,26,14,19,10,9,20,9,11,309,150,159
RANDALL COUNTY,381,52 Years,1503,744,759,1105,536,569,32,23,9,19,8,11,27,11,16,320,166,154
RANDALL COUNTY,381,53 Years,1652,807,845,1221,580,641,56,37,19,23,11,12,29,16,13,323,163,160
RANDALL COUNTY,381,54 Years,1693,836,857,1290,631,659,48,32,16,22,11,11,30,18,12,303,144,159
RANDALL COUNTY,381,55 Years,1749,832,917,1348,638,710,51,30,21,22,12,10,32,20,12,296,132,164
RANDALL COUNTY,381,56 Years,1776,892,884,1384,685,699,47,34,13,20,11,9,31,20,11,294,142,152
RANDALL COUNTY,381,57 Years,1774,897,877,1438,729,709,46,28,18,20,11,9,22,10,12,248,119,129
RANDALL COUNTY,381,58 Years,1792,881,911,1430,697,733,58,34,24,26,11,15,21,9,12,257,130,127
RANDALL COUNTY,381,59 Years,1758,859,899,1423,682,741,42,27,15,26,13,13,30,18,12,237,119,118
RANDALL COUNTY,381,60 Years,1753,845,908,1426,674,752,43,24,19,19,10,9,22,13,9,243,124,119
RANDALL COUNTY,381,61 Years,1751,813,938,1441,655,786,30,20,10,22,9,13,22,8,14,236,121,115
RANDALL COUNTY,381,62 Years,1692,813,879,1415,667,748,36,27,9,23,10,13,20,9,11,198,100,98
RANDALL COUNTY,381,63 Years,1695,811,884,1419,676,743,36,16,20,22,12,10,24,12,12,194,95,99
RANDALL COUNTY,381,64 Years,1622,767,855,1371,654,717,25,10,15,17,4,13,22,9,13,187,90,97
RANDALL COUNTY,381,65 Years,1599,748,851,1368,634,734,20,9,11,21,10,11,26,11,15,164,84,80
RANDALL COUNTY,381,66 Years,1530,732,798,1322,630,692,21,11,10,15,7,8,20,12,8,152,72,80
RANDALL COUNTY,381,67 Years,1421,667,754,1212,562,650,20,10,10,18,9,9,20,13,7,151,73,78
RANDALL COUNTY,381,68 Years,1366,637,729,1165,540,625,19,6,13,14,7,7,23,13,10,145,71,74
RANDALL COUNTY,381,69 Years,1307,622,685,1136,533,603,16,6,10,14,6,8,18,9,9,123,68,55
RANDALL COUNTY,381,70 Years,1303,652,651,1147,564,583,14,10,4,13,6,7,22,10,12,107,62,45
RANDALL COUNTY,381,71 Years,1281,598,683,1134,529,605,13,7,6,14,6,8,22,10,12,98,46,52
RANDALL COUNTY,381,72 Years,978,442,536,856,386,470,8,2,6,12,6,6,16,8,8,86,40,46
RANDALL COUNTY,381,73 Years,876,397,479,770,342,428,3,1,2,9,4,5,12,6,6,82,44,38
RANDALL COUNTY,381,74 Years,939,430,509,828,374,454,9,5,4,9,5,4,12,8,4,81,38,43
RANDALL COUNTY,381,75 Years,923,426,497,818,377,441,11,5,6,7,4,3,10,6,4,77,34,43
RANDALL COUNTY,381,76 Years,806,353,453,726,318,408,9,4,5,6,3,3,8,5,3,57,23,34
RANDALL COUNTY,381,77 Years,722,313,409,662,289,373,5,2,3,8,5,3,10,4,6,37,13,24
RANDALL COUNTY,381,78 Years,698,294,404,632,269,363,3,1,2,8,4,4,7,3,4,48,17,31
RANDALL COUNTY,381,79 Years,631,249,382,574,227,347,5,1,4,9,5,4,7,3,4,36,13,23
RANDALL COUNTY,381,80 Years,607,234,373,563,215,348,2,0,2,8,5,3,5,1,4,29,13,16
RANDALL COUNTY,381,81 Years,535,205,330,492,188,304,3,2,1,4,2,2,5,1,4,31,12,19
RANDALL COUNTY,381,82 Years,497,212,285,459,191,268,2,1,1,5,4,1,4,2,2,27,14,13
RANDALL COUNTY,381,83 Years,491,204,287,452,178,274,3,3,0,6,5,1,3,2,1,27,16,11
RANDALL COUNTY,381,84 Years,447,184,263,406,165,241,3,1,2,4,3,1,4,2,2,30,13,17
RANDALL COUNTY,381,85 Years,391,157,234,358,146,212,4,1,3,2,1,1,4,1,3,23,8,15
RANDALL COUNTY,381,86 Years,342,140,202,320,133,187,2,0,2,4,1,3,3,0,3,13,6,7
RANDALL COUNTY,381,87 Years,335,139,196,311,129,182,3,2,1,1,0,1,2,1,1,18,7,11
RANDALL COUNTY,381,88 Years,291,117,174,267,106,161,1,0,1,1,0,1,4,1,3,18,10,8
RANDALL COUNTY,381,89 Years,239,92,147,215,82,133,1,1,0,3,1,2,3,0,3,17,8,9
RANDALL COUNTY,381,90 Years,195,71,124,176,63,113,3,2,1,2,0,2,3,1,2,11,5,6
RANDALL COUNTY,381,91 Years,166,59,107,148,53,95,3,1,2,3,1,2,3,0,3,9,4,5
RANDALL COUNTY,381,92 Years,137,47,90,125,41,84,1,0,1,3,3,0,1,0,1,7,3,4
RANDALL COUNTY,381,93 Years,101,34,67,90,29,61,2,2,0,1,1,0,1,0,1,7,2,5
RANDALL COUNTY,381,94 Years,74,22,52,68,20,48,0,0,0,0,0,0,1,0,1,5,2,3
RANDALL COUNTY,381,95 Years +,158,43,115,139,37,102,3,1,2,3,0,3,1,0,1,12,5,7
REAGAN COUNTY,383,All Ages,3733,1989,1744,1077,530,547,67,41,26,0,0,0,32,15,17,2557,1403,1154
REAGAN COUNTY,383,< 1 Year,49,23,26,5,3,2,0,0,0,0,0,0,0,0,0,44,20,24
REAGAN COUNTY,383,1 Years,55,28,27,6,3,3,0,0,0,0,0,0,0,0,0,49,25,24
REAGAN COUNTY,383,2 Years,59,28,31,7,4,3,0,0,0,0,0,0,0,0,0,52,24,28
REAGAN COUNTY,383,3 Years,59,30,29,7,3,4,2,1,1,0,0,0,1,1,0,49,25,24
REAGAN COUNTY,383,4 Years,62,32,30,7,4,3,0,0,0,0,0,0,0,0,0,55,28,27
REAGAN COUNTY,383,5 Years,56,27,29,6,3,3,1,0,1,0,0,0,0,0,0,49,24,25
REAGAN COUNTY,383,6 Years,60,30,30,7,4,3,0,0,0,0,0,0,0,0,0,53,26,27
REAGAN COUNTY,383,7 Years,50,24,26,6,2,4,0,0,0,0,0,0,0,0,0,44,22,22
REAGAN COUNTY,383,8 Years,53,29,24,7,4,3,1,0,1,0,0,0,1,0,1,44,25,19
REAGAN COUNTY,383,9 Years,63,29,34,6,3,3,0,0,0,0,0,0,3,1,2,54,25,29
REAGAN COUNTY,383,10 Years,61,36,25,7,4,3,0,0,0,0,0,0,1,0,1,53,32,21
REAGAN COUNTY,383,11 Years,65,41,24,11,7,4,1,1,0,0,0,0,2,2,0,51,31,20
REAGAN COUNTY,383,12 Years,59,36,23,11,7,4,1,1,0,0,0,0,1,1,0,46,27,19
REAGAN COUNTY,383,13 Years,52,30,22,7,4,3,0,0,0,0,0,0,0,0,0,45,26,19
REAGAN COUNTY,383,14 Years,56,32,24,7,5,2,1,0,1,0,0,0,1,0,1,47,27,20
REAGAN COUNTY,383,15 Years,76,34,42,9,5,4,0,0,0,0,0,0,1,0,1,66,29,37
REAGAN COUNTY,383,16 Years,61,33,28,8,4,4,0,0,0,0,0,0,2,1,1,51,28,23
REAGAN COUNTY,383,17 Years,58,35,23,9,6,3,2,1,1,0,0,0,0,0,0,47,28,19
REAGAN COUNTY,383,18 Years,50,25,25,8,4,4,1,1,0,0,0,0,0,0,0,41,20,21
REAGAN COUNTY,383,19 Years,49,28,21,7,4,3,0,0,0,0,0,0,0,0,0,42,24,18
REAGAN COUNTY,383,20 Years,48,24,24,9,6,3,2,0,2,0,0,0,0,0,0,37,18,19
REAGAN COUNTY,383,21 Years,63,33,30,9,6,3,1,0,1,0,0,0,0,0,0,53,27,26
REAGAN COUNTY,383,22 Years,58,29,29,9,7,2,2,1,1,0,0,0,1,0,1,46,21,25
REAGAN COUNTY,383,23 Years,53,31,22,9,4,5,0,0,0,0,0,0,1,0,1,43,27,16
REAGAN COUNTY,383,24 Years,44,25,19,7,3,4,1,1,0,0,0,0,0,0,0,36,21,15
REAGAN COUNTY,383,25 Years,47,31,16,11,6,5,1,1,0,0,0,0,1,0,1,34,24,10
REAGAN COUNTY,383,26 Years,57,31,26,19,8,11,1,1,0,0,0,0,0,0,0,37,22,15
REAGAN COUNTY,383,27 Years,39,23,16,9,4,5,3,2,1,0,0,0,0,0,0,27,17,10
REAGAN COUNTY,383,28 Years,43,27,16,6,2,4,1,0,1,0,0,0,0,0,0,36,25,11
REAGAN COUNTY,383,29 Years,40,20,20,9,3,6,1,0,1,0,0,0,0,0,0,30,17,13
REAGAN COUNTY,383,30 Years,46,28,18,13,5,8,1,1,0,0,0,0,0,0,0,32,22,10
REAGAN COUNTY,383,31 Years,37,26,11,11,7,4,0,0,0,0,0,0,0,0,0,26,19,7
REAGAN COUNTY,383,32 Years,46,26,20,13,7,6,1,1,0,0,0,0,0,0,0,32,18,14
REAGAN COUNTY,383,33 Years,47,30,17,21,14,7,1,1,0,0,0,0,0,0,0,25,15,10
REAGAN COUNTY,383,34 Years,50,29,21,14,9,5,1,1,0,0,0,0,0,0,0,35,19,16
REAGAN COUNTY,383,35 Years,48,28,20,14,8,6,1,1,0,0,0,0,0,0,0,33,19,14
REAGAN COUNTY,383,36 Years,49,29,20,12,7,5,2,2,0,0,0,0,0,0,0,35,20,15
REAGAN COUNTY,383,37 Years,45,28,17,11,6,5,3,2,1,0,0,0,0,0,0,31,20,11
REAGAN COUNTY,383,38 Years,39,21,18,12,7,5,0,0,0,0,0,0,0,0,0,27,14,13
REAGAN COUNTY,383,39 Years,41,22,19,10,4,6,0,0,0,0,0,0,2,1,1,29,17,12
REAGAN COUNTY,383,40 Years,46,29,17,10,5,5,1,1,0,0,0,0,0,0,0,35,23,12
REAGAN COUNTY,383,41 Years,50,30,20,13,6,7,1,0,1,0,0,0,0,0,0,36,24,12
REAGAN COUNTY,383,42 Years,46,29,17,8,4,4,0,0,0,0,0,0,0,0,0,38,25,13
REAGAN COUNTY,383,43 Years,48,30,18,11,5,6,0,0,0,0,0,0,0,0,0,37,25,12
REAGAN COUNTY,383,44 Years,35,15,20,7,2,5,0,0,0,0,0,0,0,0,0,28,13,15
REAGAN COUNTY,383,45 Years,44,22,22,7,3,4,0,0,0,0,0,0,0,0,0,37,19,18
REAGAN COUNTY,383,46 Years,47,22,25,9,5,4,1,0,1,0,0,0,0,0,0,37,17,20
REAGAN COUNTY,383,47 Years,47,26,21,11,8,3,1,0,1,0,0,0,0,0,0,35,18,17
REAGAN COUNTY,383,48 Years,48,24,24,17,9,8,3,3,0,0,0,0,2,1,1,26,11,15
REAGAN COUNTY,383,49 Years,51,25,26,19,8,11,1,1,0,0,0,0,0,0,0,31,16,15
REAGAN COUNTY,383,50 Years,45,24,21,19,7,12,0,0,0,0,0,0,0,0,0,26,17,9
REAGAN COUNTY,383,51 Years,41,19,22,16,8,8,0,0,0,0,0,0,1,1,0,24,10,14
REAGAN COUNTY,383,52 Years,43,21,22,15,7,8,0,0,0,0,0,0,1,1,0,27,13,14
REAGAN COUNTY,383,53 Years,38,25,13,15,10,5,0,0,0,0,0,0,0,0,0,23,15,8
REAGAN COUNTY,383,54 Years,42,29,13,18,10,8,0,0,0,0,0,0,0,0,0,24,19,5
REAGAN COUNTY,383,55 Years,44,23,21,20,8,12,2,1,1,0,0,0,0,0,0,22,14,8
REAGAN COUNTY,383,56 Years,49,26,23,24,11,13,2,1,1,0,0,0,0,0,0,23,14,9
REAGAN COUNTY,383,57 Years,51,24,27,27,12,15,1,1,0,0,0,0,0,0,0,23,11,12
REAGAN COUNTY,383,58 Years,46,21,25,23,10,13,1,1,0,0,0,0,0,0,0,22,10,12
REAGAN COUNTY,383,59 Years,40,17,23,21,8,13,1,1,0,0,0,0,0,0,0,18,8,10
REAGAN COUNTY,383,60 Years,48,25,23,24,11,13,2,2,0,0,0,0,0,0,0,22,12,10
REAGAN COUNTY,383,61 Years,48,21,27,23,8,15,1,1,0,0,0,0,1,0,1,23,12,11
REAGAN COUNTY,383,62 Years,47,24,23,19,9,10,0,0,0,0,0,0,1,0,1,27,15,12
REAGAN COUNTY,383,63 Years,46,25,21,23,11,12,0,0,0,0,0,0,1,1,0,22,13,9
REAGAN COUNTY,383,64 Years,38,24,14,23,13,10,1,1,0,0,0,0,1,1,0,13,9,4
REAGAN COUNTY,383,65 Years,35,21,14,17,11,6,1,1,0,0,0,0,0,0,0,17,9,8
REAGAN COUNTY,383,66 Years,28,13,15,15,7,8,1,1,0,0,0,0,0,0,0,12,5,7
REAGAN COUNTY,383,67 Years,36,17,19,19,10,9,1,0,1,0,0,0,1,0,1,15,7,8
REAGAN COUNTY,383,68 Years,30,15,15,14,7,7,0,0,0,0,0,0,1,0,1,15,8,7
REAGAN COUNTY,383,69 Years,21,11,10,8,5,3,0,0,0,0,0,0,0,0,0,13,6,7
REAGAN COUNTY,383,70 Years,26,12,14,11,4,7,1,1,0,0,0,0,0,0,0,14,7,7
REAGAN COUNTY,383,71 Years,31,12,19,12,4,8,1,1,0,0,0,0,0,0,0,18,7,11
REAGAN COUNTY,383,72 Years,25,9,16,13,5,8,1,0,1,0,0,0,1,0,1,10,4,6
REAGAN COUNTY,383,73 Years,19,12,7,8,4,4,0,0,0,0,0,0,0,0,0,11,8,3
REAGAN COUNTY,383,74 Years,16,8,8,8,4,4,0,0,0,0,0,0,0,0,0,8,4,4
REAGAN COUNTY,383,75 Years,17,7,10,12,5,7,0,0,0,0,0,0,0,0,0,5,2,3
REAGAN COUNTY,383,76 Years,15,7,8,10,4,6,0,0,0,0,0,0,0,0,0,5,3,2
REAGAN COUNTY,383,77 Years,20,8,12,9,5,4,0,0,0,0,0,0,0,0,0,11,3,8
REAGAN COUNTY,383,78 Years,18,7,11,11,5,6,0,0,0,0,0,0,0,0,0,7,2,5
REAGAN COUNTY,383,79 Years,14,7,7,9,5,4,1,0,1,0,0,0,0,0,0,4,2,2
REAGAN COUNTY,383,80 Years,20,13,7,8,4,4,1,0,1,0,0,0,2,2,0,9,7,2
REAGAN COUNTY,383,81 Years,16,8,8,10,4,6,1,1,0,0,0,0,0,0,0,5,3,2
REAGAN COUNTY,383,82 Years,17,8,9,12,5,7,2,1,1,0,0,0,1,1,0,2,1,1
REAGAN COUNTY,383,83 Years,13,6,7,9,4,5,1,0,1,0,0,0,0,0,0,3,2,1
REAGAN COUNTY,383,84 Years,14,6,8,10,4,6,0,0,0,0,0,0,0,0,0,4,2,2
REAGAN COUNTY,383,85 Years,11,4,7,7,3,4,0,0,0,0,0,0,0,0,0,4,1,3
REAGAN COUNTY,383,86 Years,10,4,6,8,3,5,0,0,0,0,0,0,0,0,0,2,1,1
REAGAN COUNTY,383,87 Years,10,4,6,6,3,3,1,0,1,0,0,0,0,0,0,3,1,2
REAGAN COUNTY,383,88 Years,11,4,7,7,3,4,0,0,0,0,0,0,0,0,0,4,1,3
REAGAN COUNTY,383,89 Years,5,3,2,4,2,2,0,0,0,0,0,0,0,0,0,1,1,0
REAGAN COUNTY,383,90 Years,6,2,4,4,1,3,0,0,0,0,0,0,0,0,0,2,1,1
REAGAN COUNTY,383,91 Years,7,3,4,5,2,3,0,0,0,0,0,0,0,0,0,2,1,1
REAGAN COUNTY,383,92 Years,5,2,3,3,1,2,0,0,0,0,0,0,0,0,0,2,1,1
REAGAN COUNTY,383,93 Years,4,2,2,2,1,1,0,0,0,0,0,0,0,0,0,2,1,1
REAGAN COUNTY,383,94 Years,4,2,2,2,0,2,1,1,0,0,0,0,0,0,0,1,1,0
REAGAN COUNTY,383,95 Years +,8,1,7,6,1,5,1,0,1,0,0,0,0,0,0,1,0,1
REAL COUNTY,385,All Ages,3569,1772,1797,2483,1221,1262,19,11,8,1,1,0,79,36,43,987,503,484
REAL COUNTY,385,< 1 Year,41,23,18,22,12,10,0,0,0,0,0,0,0,0,0,19,11,8
REAL COUNTY,385,1 Years,44,24,20,24,13,11,0,0,0,0,0,0,1,1,0,19,10,9
REAL COUNTY,385,2 Years,46,23,23,27,14,13,0,0,0,0,0,0,0,0,0,19,9,10
REAL COUNTY,385,3 Years,47,24,23,28,15,13,0,0,0,0,0,0,1,1,0,18,8,10
REAL COUNTY,385,4 Years,45,22,23,29,15,14,0,0,0,0,0,0,0,0,0,16,7,9
REAL COUNTY,385,5 Years,40,20,20,25,13,12,0,0,0,0,0,0,0,0,0,15,7,8
REAL COUNTY,385,6 Years,42,22,20,28,16,12,0,0,0,0,0,0,0,0,0,14,6,8
REAL COUNTY,385,7 Years,42,21,21,28,16,12,0,0,0,0,0,0,0,0,0,14,5,9
REAL COUNTY,385,8 Years,39,24,15,25,18,7,0,0,0,0,0,0,0,0,0,14,6,8
REAL COUNTY,385,9 Years,35,19,16,15,9,6,0,0,0,0,0,0,0,0,0,20,10,10
REAL COUNTY,385,10 Years,33,16,17,18,8,10,0,0,0,0,0,0,1,0,1,14,8,6
REAL COUNTY,385,11 Years,32,11,21,17,6,11,0,0,0,0,0,0,2,0,2,13,5,8
REAL COUNTY,385,12 Years,35,17,18,20,10,10,0,0,0,0,0,0,1,0,1,14,7,7
REAL COUNTY,385,13 Years,28,14,14,14,6,8,1,0,1,0,0,0,2,2,0,11,6,5
REAL COUNTY,385,14 Years,35,19,16,18,11,7,0,0,0,0,0,0,1,0,1,16,8,8
REAL COUNTY,385,15 Years,35,22,13,20,16,4,0,0,0,0,0,0,0,0,0,15,6,9
REAL COUNTY,385,16 Years,30,13,17,20,9,11,0,0,0,0,0,0,0,0,0,10,4,6
REAL COUNTY,385,17 Years,33,17,16,22,9,13,0,0,0,0,0,0,0,0,0,11,8,3
REAL COUNTY,385,18 Years,27,13,14,18,8,10,0,0,0,0,0,0,0,0,0,9,5,4
REAL COUNTY,385,19 Years,31,17,14,15,6,9,0,0,0,0,0,0,0,0,0,16,11,5
REAL COUNTY,385,20 Years,34,17,17,18,9,9,0,0,0,1,1,0,2,1,1,13,6,7
REAL COUNTY,385,21 Years,47,23,24,22,12,10,0,0,0,0,0,0,1,0,1,24,11,13
REAL COUNTY,385,22 Years,39,17,22,19,9,10,0,0,0,0,0,0,1,0,1,19,8,11
REAL COUNTY,385,23 Years,41,21,20,23,12,11,2,1,1,0,0,0,2,1,1,14,7,7
REAL COUNTY,385,24 Years,61,33,28,36,22,14,6,3,3,0,0,0,1,1,0,18,7,11
REAL COUNTY,385,25 Years,58,29,29,31,14,17,2,1,1,0,0,0,2,2,0,23,12,11
REAL COUNTY,385,26 Years,44,20,24,23,9,14,1,1,0,0,0,0,7,4,3,13,6,7
REAL COUNTY,385,27 Years,40,26,14,25,15,10,1,1,0,0,0,0,3,2,1,11,8,3
REAL COUNTY,385,28 Years,31,17,14,23,13,10,0,0,0,0,0,0,0,0,0,8,4,4
REAL COUNTY,385,29 Years,21,8,13,13,5,8,0,0,0,0,0,0,1,0,1,7,3,4
REAL COUNTY,385,30 Years,25,13,12,15,7,8,0,0,0,0,0,0,1,1,0,9,5,4
REAL COUNTY,385,31 Years,23,10,13,12,5,7,0,0,0,0,0,0,0,0,0,11,5,6
REAL COUNTY,385,32 Years,20,10,10,13,8,5,0,0,0,0,0,0,0,0,0,7,2,5
REAL COUNTY,385,33 Years,24,14,10,13,11,2,0,0,0,0,0,0,0,0,0,11,3,8
REAL COUNTY,385,34 Years,28,9,19,15,6,9,0,0,0,0,0,0,0,0,0,13,3,10
REAL COUNTY,385,35 Years,29,12,17,15,5,10,0,0,0,0,0,0,1,0,1,13,7,6
REAL COUNTY,385,36 Years,28,14,14,16,8,8,0,0,0,0,0,0,1,0,1,11,6,5
REAL COUNTY,385,37 Years,22,13,9,13,7,6,0,0,0,0,0,0,0,0,0,9,6,3
REAL COUNTY,385,38 Years,22,11,11,16,6,10,0,0,0,0,0,0,0,0,0,6,5,1
REAL COUNTY,385,39 Years,21,14,7,14,9,5,0,0,0,0,0,0,0,0,0,7,5,2
REAL COUNTY,385,40 Years,24,13,11,17,9,8,0,0,0,0,0,0,1,0,1,6,4,2
REAL COUNTY,385,41 Years,26,13,13,15,6,9,0,0,0,0,0,0,1,0,1,10,7,3
REAL COUNTY,385,42 Years,29,13,16,20,10,10,0,0,0,0,0,0,1,0,1,8,3,5
REAL COUNTY,385,43 Years,35,18,17,23,12,11,0,0,0,0,0,0,1,0,1,11,6,5
REAL COUNTY,385,44 Years,26,15,11,18,10,8,0,0,0,0,0,0,0,0,0,8,5,3
REAL COUNTY,385,45 Years,32,9,23,23,7,16,0,0,0,0,0,0,0,0,0,9,2,7
REAL COUNTY,385,46 Years,26,13,13,21,11,10,0,0,0,0,0,0,0,0,0,5,2,3
REAL COUNTY,385,47 Years,31,20,11,22,13,9,0,0,0,0,0,0,0,0,0,9,7,2
REAL COUNTY,385,48 Years,38,16,22,25,10,15,0,0,0,0,0,0,3,1,2,10,5,5
REAL COUNTY,385,49 Years,29,17,12,21,12,9,0,0,0,0,0,0,2,1,1,6,4,2
REAL COUNTY,385,50 Years,43,22,21,35,16,19,0,0,0,0,0,0,1,1,0,7,5,2
REAL COUNTY,385,51 Years,41,20,21,29,13,16,0,0,0,0,0,0,1,1,0,11,6,5
REAL COUNTY,385,52 Years,30,13,17,21,8,13,1,1,0,0,0,0,0,0,0,8,4,4
REAL COUNTY,385,53 Years,36,15,21,27,12,15,0,0,0,0,0,0,2,0,2,7,3,4
REAL COUNTY,385,54 Years,44,21,23,28,14,14,0,0,0,0,0,0,1,0,1,15,7,8
REAL COUNTY,385,55 Years,62,26,36,46,16,30,0,0,0,0,0,0,3,2,1,13,8,5
REAL COUNTY,385,56 Years,53,31,22,38,20,18,0,0,0,0,0,0,2,1,1,13,10,3
REAL COUNTY,385,57 Years,44,20,24,36,15,21,0,0,0,0,0,0,0,0,0,8,5,3
REAL COUNTY,385,58 Years,54,26,28,43,21,22,0,0,0,0,0,0,0,0,0,11,5,6
REAL COUNTY,385,59 Years,48,21,27,35,14,21,1,0,1,0,0,0,1,1,0,11,6,5
REAL COUNTY,385,60 Years,49,26,23,37,20,17,1,0,1,0,0,0,2,1,1,9,5,4
REAL COUNTY,385,61 Years,50,35,15,42,28,14,0,0,0,0,0,0,1,1,0,7,6,1
REAL COUNTY,385,62 Years,57,31,26,49,26,23,0,0,0,0,0,0,1,1,0,7,4,3
REAL COUNTY,385,63 Years,67,37,30,56,31,25,0,0,0,0,0,0,0,0,0,11,6,5
REAL COUNTY,385,64 Years,58,25,33,47,21,26,0,0,0,0,0,0,1,0,1,10,4,6
REAL COUNTY,385,65 Years,53,22,31,46,19,27,1,1,0,0,0,0,1,0,1,5,2,3
REAL COUNTY,385,66 Years,45,20,25,39,18,21,0,0,0,0,0,0,0,0,0,6,2,4
REAL COUNTY,385,67 Years,57,23,34,49,20,29,0,0,0,0,0,0,0,0,0,8,3,5
REAL COUNTY,385,68 Years,61,24,37,49,16,33,0,0,0,0,0,0,0,0,0,12,8,4
REAL COUNTY,385,69 Years,71,34,37,54,24,30,0,0,0,0,0,0,2,2,0,15,8,7
REAL COUNTY,385,70 Years,68,31,37,50,23,27,0,0,0,0,0,0,1,0,1,17,8,9
REAL COUNTY,385,71 Years,70,36,34,59,30,29,0,0,0,0,0,0,0,0,0,11,6,5
REAL COUNTY,385,72 Years,57,27,30,49,21,28,1,1,0,0,0,0,1,1,0,6,4,2
REAL COUNTY,385,73 Years,66,35,31,46,24,22,0,0,0,0,0,0,2,2,0,18,9,9
REAL COUNTY,385,74 Years,63,31,32,48,24,24,0,0,0,0,0,0,0,0,0,15,7,8
REAL COUNTY,385,75 Years,52,23,29,44,20,24,0,0,0,0,0,0,2,0,2,6,3,3
REAL COUNTY,385,76 Years,43,21,22,35,19,16,0,0,0,0,0,0,1,0,1,7,2,5
REAL COUNTY,385,77 Years,43,21,22,37,19,18,0,0,0,0,0,0,0,0,0,6,2,4
REAL COUNTY,385,78 Years,42,18,24,34,16,18,0,0,0,0,0,0,1,0,1,7,2,5
REAL COUNTY,385,79 Years,39,19,20,31,15,16,0,0,0,0,0,0,1,0,1,7,4,3
REAL COUNTY,385,80 Years,43,23,20,31,14,17,0,0,0,0,0,0,3,2,1,9,7,2
REAL COUNTY,385,81 Years,39,23,16,30,18,12,0,0,0,0,0,0,2,1,1,7,4,3
REAL COUNTY,385,82 Years,42,26,16,33,20,13,0,0,0,0,0,0,2,1,1,7,5,2
REAL COUNTY,385,83 Years,33,20,13,27,16,11,0,0,0,0,0,0,1,0,1,5,4,1
REAL COUNTY,385,84 Years,24,10,14,18,9,9,0,0,0,0,0,0,1,0,1,5,1,4
REAL COUNTY,385,85 Years,17,7,10,13,5,8,0,0,0,0,0,0,0,0,0,4,2,2
REAL COUNTY,385,86 Years,18,10,8,14,7,7,0,0,0,0,0,0,0,0,0,4,3,1
REAL COUNTY,385,87 Years,14,6,8,10,5,5,0,0,0,0,0,0,0,0,0,4,1,3
REAL COUNTY,385,88 Years,15,7,8,10,4,6,0,0,0,0,0,0,0,0,0,5,3,2
REAL COUNTY,385,89 Years,13,7,6,9,5,4,0,0,0,0,0,0,0,0,0,4,2,2
REAL COUNTY,385,90 Years,10,6,4,8,4,4,0,0,0,0,0,0,0,0,0,2,2,0
REAL COUNTY,385,91 Years,7,2,5,6,2,4,0,0,0,0,0,0,1,0,1,0,0,0
REAL COUNTY,385,92 Years,7,4,3,5,2,3,1,1,0,0,0,0,0,0,0,1,1,0
REAL COUNTY,385,93 Years,6,2,4,3,1,2,0,0,0,0,0,0,0,0,0,3,1,2
REAL COUNTY,385,94 Years,5,2,3,4,2,2,0,0,0,0,0,0,0,0,0,1,0,1
REAL COUNTY,385,95 Years +,16,4,12,10,2,8,0,0,0,0,0,0,0,0,0,6,2,4
RED RIVER COUNTY,387,All Ages,11971,5833,6138,8552,4159,4393,2115,1001,1114,26,16,10,398,194,204,880,463,417
RED RIVER COUNTY,387,< 1 Year,136,76,60,85,51,34,27,14,13,0,0,0,17,8,9,7,3,4
RED RIVER COUNTY,387,1 Years,136,69,67,84,43,41,23,13,10,0,0,0,20,9,11,9,4,5
RED RIVER COUNTY,387,2 Years,133,68,65,87,45,42,21,10,11,0,0,0,16,8,8,9,5,4
RED RIVER COUNTY,387,3 Years,137,65,72,90,41,49,22,11,11,1,0,1,15,8,7,9,5,4
RED RIVER COUNTY,387,4 Years,150,73,77,100,46,54,24,14,10,1,1,0,16,8,8,9,4,5
RED RIVER COUNTY,387,5 Years,157,75,82,100,43,57,29,17,12,1,1,0,18,10,8,9,4,5
RED RIVER COUNTY,387,6 Years,154,75,79,96,45,51,29,15,14,1,1,0,18,9,9,10,5,5
RED RIVER COUNTY,387,7 Years,144,71,73,90,45,45,29,14,15,0,0,0,15,8,7,10,4,6
RED RIVER COUNTY,387,8 Years,141,65,76,96,41,55,23,11,12,0,0,0,12,4,8,10,9,1
RED RIVER COUNTY,387,9 Years,128,64,64,77,38,39,25,12,13,0,0,0,10,5,5,16,9,7
RED RIVER COUNTY,387,10 Years,139,67,72,84,40,44,26,13,13,1,1,0,9,5,4,19,8,11
RED RIVER COUNTY,387,11 Years,133,66,67,79,40,39,25,12,13,0,0,0,8,4,4,21,10,11
RED RIVER COUNTY,387,12 Years,134,74,60,82,43,39,25,14,11,0,0,0,5,3,2,22,14,8
RED RIVER COUNTY,387,13 Years,117,62,55,71,38,33,18,8,10,0,0,0,7,5,2,21,11,10
RED RIVER COUNTY,387,14 Years,117,65,52,74,41,33,23,15,8,0,0,0,3,2,1,17,7,10
RED RIVER COUNTY,387,15 Years,128,69,59,75,41,34,29,16,13,0,0,0,3,1,2,21,11,10
RED RIVER COUNTY,387,16 Years,121,68,53,72,39,33,25,16,9,0,0,0,4,3,1,20,10,10
RED RIVER COUNTY,387,17 Years,124,68,56,72,39,33,26,15,11,0,0,0,5,3,2,21,11,10
RED RIVER COUNTY,387,18 Years,119,67,52,72,41,31,27,14,13,1,1,0,6,3,3,13,8,5
RED RIVER COUNTY,387,19 Years,113,64,49,67,35,32,27,18,9,1,0,1,5,2,3,13,9,4
RED RIVER COUNTY,387,20 Years,105,56,49,60,32,28,19,9,10,0,0,0,7,3,4,19,12,7
RED RIVER COUNTY,387,21 Years,108,53,55,64,32,32,22,10,12,0,0,0,6,3,3,16,8,8
RED RIVER COUNTY,387,22 Years,123,65,58,71,37,34,36,20,16,1,0,1,1,0,1,14,8,6
RED RIVER COUNTY,387,23 Years,126,72,54,76,44,32,31,18,13,0,0,0,3,1,2,16,9,7
RED RIVER COUNTY,387,24 Years,135,77,58,78,42,36,30,18,12,0,0,0,6,4,2,21,13,8
RED RIVER COUNTY,387,25 Years,136,76,60,80,47,33,31,16,15,0,0,0,5,3,2,20,10,10
RED RIVER COUNTY,387,26 Years,154,75,79,92,46,46,39,17,22,0,0,0,5,3,2,18,9,9
RED RIVER COUNTY,387,27 Years,139,63,76,92,42,50,25,13,12,0,0,0,6,4,2,16,4,12
RED RIVER COUNTY,387,28 Years,136,62,74,94,46,48,28,11,17,0,0,0,3,1,2,11,4,7
RED RIVER COUNTY,387,29 Years,132,66,66,85,43,42,34,16,18,0,0,0,4,3,1,9,4,5
RED RIVER COUNTY,387,30 Years,135,63,72,88,40,48,31,16,15,0,0,0,3,1,2,13,6,7
RED RIVER COUNTY,387,31 Years,127,63,64,83,42,41,29,14,15,0,0,0,3,1,2,12,6,6
RED RIVER COUNTY,387,32 Years,124,66,58,85,47,38,24,11,13,0,0,0,2,0,2,13,8,5
RED RIVER COUNTY,387,33 Years,124,53,71,86,35,51,22,8,14,0,0,0,3,2,1,13,8,5
RED RIVER COUNTY,387,34 Years,120,64,56,83,42,41,18,10,8,1,1,0,3,3,0,15,8,7
RED RIVER COUNTY,387,35 Years,127,67,60,91,49,42,17,7,10,1,1,0,2,2,0,16,8,8
RED RIVER COUNTY,387,36 Years,130,55,75,94,38,56,18,7,11,0,0,0,2,2,0,16,8,8
RED RIVER COUNTY,387,37 Years,135,68,67,97,52,45,26,9,17,0,0,0,1,1,0,11,6,5
RED RIVER COUNTY,387,38 Years,131,62,69,99,49,50,20,8,12,0,0,0,2,0,2,10,5,5
RED RIVER COUNTY,387,39 Years,110,57,53,81,39,42,18,11,7,1,1,0,3,2,1,7,4,3
RED RIVER COUNTY,387,40 Years,127,59,68,95,45,50,19,7,12,0,0,0,2,1,1,11,6,5
RED RIVER COUNTY,387,41 Years,126,64,62,100,52,48,13,5,8,0,0,0,1,0,1,12,7,5
RED RIVER COUNTY,387,42 Years,114,69,45,86,54,32,15,7,8,1,1,0,2,1,1,10,6,4
RED RIVER COUNTY,387,43 Years,119,64,55,89,49,40,20,10,10,0,0,0,1,0,1,9,5,4
RED RIVER COUNTY,387,44 Years,112,57,55,85,44,41,14,8,6,0,0,0,0,0,0,13,5,8
RED RIVER COUNTY,387,45 Years,124,64,60,90,46,44,22,14,8,0,0,0,2,0,2,10,4,6
RED RIVER COUNTY,387,46 Years,150,73,77,112,53,59,25,12,13,0,0,0,2,1,1,11,7,4
RED RIVER COUNTY,387,47 Years,165,81,84,125,63,62,31,15,16,1,0,1,2,0,2,6,3,3
RED RIVER COUNTY,387,48 Years,142,64,78,94,44,50,29,12,17,0,0,0,3,2,1,16,6,10
RED RIVER COUNTY,387,49 Years,130,71,59,92,55,37,19,5,14,1,0,1,4,3,1,14,8,6
RED RIVER COUNTY,387,50 Years,150,71,79,102,52,50,26,8,18,1,0,1,5,2,3,16,9,7
RED RIVER COUNTY,387,51 Years,150,64,86,106,47,59,29,10,19,0,0,0,4,1,3,11,6,5
RED RIVER COUNTY,387,52 Years,149,70,79,101,47,54,38,17,21,0,0,0,2,0,2,8,6,2
RED RIVER COUNTY,387,53 Years,146,70,76,110,55,55,26,11,15,0,0,0,3,1,2,7,3,4
RED RIVER COUNTY,387,54 Years,156,76,80,120,57,63,25,11,14,0,0,0,3,2,1,8,6,2
RED RIVER COUNTY,387,55 Years,185,86,99,135,66,69,38,13,25,0,0,0,3,1,2,9,6,3
RED RIVER COUNTY,387,56 Years,172,80,92,123,55,68,33,16,17,0,0,0,5,2,3,11,7,4
RED RIVER COUNTY,387,57 Years,166,79,87,122,57,65,30,13,17,2,2,0,3,1,2,9,6,3
RED RIVER COUNTY,387,58 Years,178,85,93,129,65,64,35,14,21,2,1,1,2,0,2,10,5,5
RED RIVER COUNTY,387,59 Years,186,81,105,133,60,73,40,17,23,1,0,1,3,1,2,9,3,6
RED RIVER COUNTY,387,60 Years,180,76,104,131,57,74,38,15,23,1,0,1,3,1,2,7,3,4
RED RIVER COUNTY,387,61 Years,166,74,92,127,55,72,33,15,18,0,0,0,3,2,1,3,2,1
RED RIVER COUNTY,387,62 Years,170,82,88,134,64,70,28,14,14,0,0,0,4,2,2,4,2,2
RED RIVER COUNTY,387,63 Years,176,93,83,141,72,69,27,16,11,0,0,0,2,1,1,6,4,2
RED RIVER COUNTY,387,64 Years,186,99,87,150,84,66,25,12,13,0,0,0,3,0,3,8,3,5
RED RIVER COUNTY,387,65 Years,175,80,95,136,64,72,28,11,17,0,0,0,2,0,2,9,5,4
RED RIVER COUNTY,387,66 Years,160,73,87,126,58,68,25,9,16,1,1,0,1,0,1,7,5,2
RED RIVER COUNTY,387,67 Years,173,89,84,135,72,63,29,13,16,0,0,0,5,3,2,4,1,3
RED RIVER COUNTY,387,68 Years,158,81,77,129,64,65,22,13,9,0,0,0,3,2,1,4,2,2
RED RIVER COUNTY,387,69 Years,151,80,71,122,64,58,23,13,10,1,0,1,1,1,0,4,2,2
RED RIVER COUNTY,387,70 Years,161,71,90,132,56,76,24,11,13,0,0,0,2,2,0,3,2,1
RED RIVER COUNTY,387,71 Years,176,76,100,147,64,83,23,10,13,0,0,0,4,0,4,2,2,0
RED RIVER COUNTY,387,72 Years,156,62,94,130,51,79,20,9,11,0,0,0,3,1,2,3,1,2
RED RIVER COUNTY,387,73 Years,146,65,81,120,52,68,19,8,11,0,0,0,1,1,0,6,4,2
RED RIVER COUNTY,387,74 Years,159,77,82,136,67,69,18,8,10,1,1,0,2,0,2,2,1,1
RED RIVER COUNTY,387,75 Years,137,68,69,113,57,56,17,7,10,1,1,0,4,2,2,2,1,1
RED RIVER COUNTY,387,76 Years,111,53,58,95,45,50,13,6,7,0,0,0,2,2,0,1,0,1
RED RIVER COUNTY,387,77 Years,125,55,70,106,47,59,15,6,9,0,0,0,2,1,1,2,1,1
RED RIVER COUNTY,387,78 Years,98,43,55,79,36,43,15,6,9,0,0,0,1,0,1,3,1,2
RED RIVER COUNTY,387,79 Years,104,45,59,85,38,47,14,6,8,0,0,0,3,0,3,2,1,1
RED RIVER COUNTY,387,80 Years,95,47,48,80,39,41,12,6,6,0,0,0,1,1,0,2,1,1
RED RIVER COUNTY,387,81 Years,81,35,46,69,29,40,10,5,5,0,0,0,1,1,0,1,0,1
RED RIVER COUNTY,387,82 Years,77,33,44,65,27,38,10,5,5,0,0,0,2,1,1,0,0,0
RED RIVER COUNTY,387,83 Years,66,31,35,52,24,28,11,5,6,0,0,0,1,1,0,2,1,1
RED RIVER COUNTY,387,84 Years,62,28,34,50,22,28,10,4,6,0,0,0,1,1,0,1,1,0
RED RIVER COUNTY,387,85 Years,55,22,33,47,18,29,5,1,4,0,0,0,1,1,0,2,2,0
RED RIVER COUNTY,387,86 Years,45,17,28,39,15,24,6,2,4,0,0,0,0,0,0,0,0,0
RED RIVER COUNTY,387,87 Years,42,17,25,33,14,19,8,3,5,0,0,0,1,0,1,0,0,0
RED RIVER COUNTY,387,88 Years,40,13,27,32,10,22,6,3,3,0,0,0,1,0,1,1,0,1
RED RIVER COUNTY,387,89 Years,32,13,19,25,9,16,6,3,3,0,0,0,1,1,0,0,0,0
RED RIVER COUNTY,387,90 Years,34,12,22,26,10,16,5,2,3,0,0,0,1,0,1,2,0,2
RED RIVER COUNTY,387,91 Years,22,9,13,17,7,10,3,1,2,0,0,0,1,0,1,1,1,0
RED RIVER COUNTY,387,92 Years,19,9,10,15,7,8,4,2,2,0,0,0,0,0,0,0,0,0
RED RIVER COUNTY,387,93 Years,16,5,11,14,5,9,2,0,2,0,0,0,0,0,0,0,0,0
RED RIVER COUNTY,387,94 Years,14,4,10,9,3,6,3,1,2,0,0,0,0,0,0,2,0,2
RED RIVER COUNTY,387,95 Years +,38,14,24,24,8,16,10,4,6,1,1,0,1,0,1,2,1,1
REEVES COUNTY,389,All Ages,15672,9338,6334,2774,1833,941,723,620,103,128,76,52,94,47,47,11953,6762,5191
REEVES COUNTY,389,< 1 Year,195,94,101,16,8,8,0,0,0,1,0,1,2,1,1,176,85,91
REEVES COUNTY,389,1 Years,206,95,111,17,6,11,0,0,0,1,0,1,2,1,1,186,88,98
REEVES COUNTY,389,2 Years,212,102,110,18,7,11,5,2,3,2,1,1,3,1,2,184,91,93
REEVES COUNTY,389,3 Years,216,104,112,19,7,12,5,2,3,1,0,1,2,1,1,189,94,95
REEVES COUNTY,389,4 Years,212,104,108,18,7,11,5,4,1,1,0,1,2,1,1,186,92,94
REEVES COUNTY,389,5 Years,197,97,100,15,7,8,3,2,1,1,0,1,2,1,1,176,87,89
REEVES COUNTY,389,6 Years,184,91,93,16,6,10,3,2,1,1,1,0,2,1,1,162,81,81
REEVES COUNTY,389,7 Years,172,92,80,15,8,7,0,0,0,1,1,0,3,2,1,153,81,72
REEVES COUNTY,389,8 Years,173,92,81,14,9,5,1,1,0,1,1,0,2,1,1,155,80,75
REEVES COUNTY,389,9 Years,186,99,87,14,7,7,2,1,1,0,0,0,2,1,1,168,90,78
REEVES COUNTY,389,10 Years,212,107,105,20,8,12,3,1,2,1,1,0,2,1,1,186,96,90
REEVES COUNTY,389,11 Years,202,98,104,20,8,12,3,2,1,3,2,1,2,1,1,174,85,89
REEVES COUNTY,389,12 Years,171,90,81,18,9,9,1,1,0,2,2,0,2,1,1,148,77,71
REEVES COUNTY,389,13 Years,149,82,67,16,7,9,1,1,0,0,0,0,1,1,0,131,73,58
REEVES COUNTY,389,14 Years,178,100,78,17,6,11,2,2,0,1,1,0,1,1,0,157,90,67
REEVES COUNTY,389,15 Years,180,104,76,17,8,9,3,1,2,1,1,0,2,1,1,157,93,64
REEVES COUNTY,389,16 Years,187,105,82,21,10,11,2,0,2,6,5,1,2,1,1,156,89,67
REEVES COUNTY,389,17 Years,181,98,83,23,12,11,2,1,1,4,3,1,0,0,0,152,82,70
REEVES COUNTY,389,18 Years,187,104,83,14,8,6,2,1,1,2,1,1,0,0,0,169,94,75
REEVES COUNTY,389,19 Years,183,103,80,27,16,11,7,6,1,2,1,1,1,0,1,146,80,66
REEVES COUNTY,389,20 Years,286,213,73,54,49,5,24,22,2,3,2,1,2,2,0,203,138,65
REEVES COUNTY,389,21 Years,238,150,88,28,22,6,14,9,5,2,2,0,2,2,0,192,115,77
REEVES COUNTY,389,22 Years,224,132,92,28,21,7,5,3,2,0,0,0,0,0,0,191,108,83
REEVES COUNTY,389,23 Years,308,206,102,61,52,9,25,23,2,3,2,1,0,0,0,219,129,90
REEVES COUNTY,389,24 Years,398,288,110,87,75,12,26,25,1,2,1,1,1,1,0,282,186,96
REEVES COUNTY,389,25 Years,297,209,88,49,39,10,11,10,1,3,1,2,5,4,1,229,155,74
REEVES COUNTY,389,26 Years,276,190,86,39,32,7,16,15,1,0,0,0,2,0,2,219,143,76
REEVES COUNTY,389,27 Years,266,176,90,35,28,7,17,14,3,3,1,2,0,0,0,211,133,78
REEVES COUNTY,389,28 Years,287,191,96,47,40,7,19,18,1,3,1,2,1,0,1,217,132,85
REEVES COUNTY,389,29 Years,212,125,87,19,13,6,14,14,0,2,2,0,1,0,1,176,96,80
REEVES COUNTY,389,30 Years,167,95,72,17,10,7,4,4,0,1,1,0,1,0,1,144,80,64
REEVES COUNTY,389,31 Years,370,306,64,104,98,6,46,46,0,3,3,0,1,0,1,216,159,57
REEVES COUNTY,389,32 Years,256,187,69,34,25,9,26,26,0,1,1,0,1,0,1,194,135,59
REEVES COUNTY,389,33 Years,348,273,75,77,66,11,33,32,1,3,3,0,1,0,1,234,172,62
REEVES COUNTY,389,34 Years,218,135,83,27,18,9,6,5,1,3,1,2,0,0,0,182,111,71
REEVES COUNTY,389,35 Years,242,154,88,38,27,11,16,14,2,2,2,0,0,0,0,186,111,75
REEVES COUNTY,389,36 Years,274,194,80,46,37,9,17,16,1,1,1,0,0,0,0,210,140,70
REEVES COUNTY,389,37 Years,312,236,76,71,59,12,23,22,1,1,1,0,0,0,0,217,154,63
REEVES COUNTY,389,38 Years,293,221,72,70,62,8,24,22,2,2,2,0,2,2,0,195,133,62
REEVES COUNTY,389,39 Years,289,207,82,44,34,10,27,24,3,5,5,0,1,1,0,212,143,69
REEVES COUNTY,389,40 Years,215,136,79,27,20,7,16,15,1,4,3,1,1,1,0,167,97,70
REEVES COUNTY,389,41 Years,264,190,74,49,39,10,27,25,2,4,3,1,0,0,0,184,123,61
REEVES COUNTY,389,42 Years,205,133,72,40,33,7,15,14,1,1,0,1,2,2,0,147,84,63
REEVES COUNTY,389,43 Years,145,94,51,23,19,4,7,6,1,0,0,0,0,0,0,115,69,46
REEVES COUNTY,389,44 Years,178,110,68,31,24,7,12,10,2,3,2,1,2,1,1,130,73,57
REEVES COUNTY,389,45 Years,167,106,61,20,16,4,9,7,2,3,1,2,0,0,0,135,82,53
REEVES COUNTY,389,46 Years,249,173,76,42,37,5,19,18,1,2,1,1,1,0,1,185,117,68
REEVES COUNTY,389,47 Years,175,114,61,24,20,4,11,10,1,3,1,2,2,2,0,135,81,54
REEVES COUNTY,389,48 Years,195,126,69,40,34,6,12,11,1,1,0,1,0,0,0,142,81,61
REEVES COUNTY,389,49 Years,242,178,64,56,46,10,20,20,0,4,1,3,1,1,0,161,110,51
REEVES COUNTY,389,50 Years,148,87,61,27,13,14,5,5,0,1,0,1,0,0,0,115,69,46
REEVES COUNTY,389,51 Years,151,96,55,27,19,8,8,8,0,0,0,0,2,2,0,114,67,47
REEVES COUNTY,389,52 Years,149,85,64,31,20,11,7,6,1,3,1,2,0,0,0,108,58,50
REEVES COUNTY,389,53 Years,136,64,72,28,15,13,7,6,1,1,0,1,2,2,0,98,41,57
REEVES COUNTY,389,54 Years,174,87,87,31,21,10,5,4,1,1,0,1,1,0,1,136,62,74
REEVES COUNTY,389,55 Years,148,75,73,24,15,9,4,4,0,1,0,1,0,0,0,119,56,63
REEVES COUNTY,389,56 Years,151,89,62,36,22,14,6,6,0,1,0,1,1,1,0,107,60,47
REEVES COUNTY,389,57 Years,172,103,69,38,26,12,8,6,2,1,1,0,0,0,0,125,70,55
REEVES COUNTY,389,58 Years,146,77,69,30,14,16,6,4,2,0,0,0,2,1,1,108,58,50
REEVES COUNTY,389,59 Years,147,86,61,40,23,17,6,5,1,0,0,0,1,0,1,100,58,42
REEVES COUNTY,389,60 Years,149,87,62,42,26,16,7,6,1,0,0,0,1,0,1,99,55,44
REEVES COUNTY,389,61 Years,151,76,75,40,22,18,8,6,2,0,0,0,2,0,2,101,48,53
REEVES COUNTY,389,62 Years,142,60,82,31,15,16,4,2,2,2,0,2,1,0,1,104,43,61
REEVES COUNTY,389,63 Years,134,49,85,34,14,20,4,1,3,2,1,1,1,0,1,93,33,60
REEVES COUNTY,389,64 Years,144,79,65,43,25,18,5,3,2,2,2,0,0,0,0,94,49,45
REEVES COUNTY,389,65 Years,131,69,62,32,20,12,2,1,1,1,1,0,0,0,0,96,47,49
REEVES COUNTY,389,66 Years,121,62,59,31,17,14,2,2,0,0,0,0,1,1,0,87,42,45
REEVES COUNTY,389,67 Years,113,58,55,25,13,12,1,1,0,0,0,0,1,0,1,86,44,42
REEVES COUNTY,389,68 Years,120,64,56,25,14,11,3,2,1,1,1,0,2,1,1,89,46,43
REEVES COUNTY,389,69 Years,115,60,55,29,18,11,1,1,0,1,1,0,0,0,0,84,40,44
REEVES COUNTY,389,70 Years,109,47,62,26,15,11,2,2,0,1,0,1,1,0,1,79,30,49
REEVES COUNTY,389,71 Years,104,43,61,28,12,16,2,1,1,0,0,0,1,0,1,73,30,43
REEVES COUNTY,389,72 Years,90,38,52,26,12,14,0,0,0,1,1,0,0,0,0,63,25,38
REEVES COUNTY,389,73 Years,77,33,44,20,9,11,1,1,0,0,0,0,1,1,0,55,22,33
REEVES COUNTY,389,74 Years,102,50,52,30,16,14,1,1,0,1,0,1,3,1,2,67,32,35
REEVES COUNTY,389,75 Years,97,51,46,25,14,11,1,1,0,2,0,2,0,0,0,69,36,33
REEVES COUNTY,389,76 Years,72,34,38,26,12,14,1,0,1,0,0,0,0,0,0,45,22,23
REEVES COUNTY,389,77 Years,85,32,53,30,10,20,1,0,1,0,0,0,0,0,0,54,22,32
REEVES COUNTY,389,78 Years,79,31,48,24,9,15,1,0,1,2,0,2,1,0,1,51,22,29
REEVES COUNTY,389,79 Years,62,28,34,25,14,11,0,0,0,1,0,1,0,0,0,36,14,22
REEVES COUNTY,389,80 Years,65,25,40,22,8,14,0,0,0,2,2,0,0,0,0,41,15,26
REEVES COUNTY,389,81 Years,59,27,32,24,11,13,2,1,1,0,0,0,0,0,0,33,15,18
REEVES COUNTY,389,82 Years,59,25,34,21,10,11,2,1,1,0,0,0,0,0,0,36,14,22
REEVES COUNTY,389,83 Years,50,17,33,16,5,11,2,0,2,0,0,0,0,0,0,32,12,20
REEVES COUNTY,389,84 Years,48,17,31,13,5,8,2,0,2,0,0,0,1,0,1,32,12,20
REEVES COUNTY,389,85 Years,48,21,27,13,6,7,2,0,2,0,0,0,1,0,1,32,15,17
REEVES COUNTY,389,86 Years,41,17,24,12,6,6,0,0,0,0,0,0,1,0,1,28,11,17
REEVES COUNTY,389,87 Years,36,18,18,11,5,6,1,1,0,0,0,0,0,0,0,24,12,12
REEVES COUNTY,389,88 Years,35,11,24,10,5,5,1,0,1,0,0,0,0,0,0,24,6,18
REEVES COUNTY,389,89 Years,25,10,15,7,3,4,1,0,1,0,0,0,0,0,0,17,7,10
REEVES COUNTY,389,90 Years,22,7,15,7,3,4,3,0,3,0,0,0,0,0,0,12,4,8
REEVES COUNTY,389,91 Years,20,8,12,8,3,5,3,1,2,0,0,0,0,0,0,9,4,5
REEVES COUNTY,389,92 Years,14,6,8,6,2,4,0,0,0,0,0,0,0,0,0,8,4,4
REEVES COUNTY,389,93 Years,11,6,5,4,2,2,1,1,0,0,0,0,0,0,0,6,3,3
REEVES COUNTY,389,94 Years,9,3,6,3,1,2,0,0,0,0,0,0,1,0,1,5,2,3
REEVES COUNTY,389,95 Years +,32,11,21,11,4,7,3,0,3,0,0,0,0,0,0,18,7,11
REFUGIO COUNTY,391,All Ages,6944,3401,3543,2815,1347,1468,410,218,192,26,12,14,96,52,44,3597,1772,1825
REFUGIO COUNTY,391,< 1 Year,84,43,41,30,16,14,2,1,1,0,0,0,0,0,0,52,26,26
REFUGIO COUNTY,391,1 Years,82,41,41,26,12,14,1,0,1,0,0,0,2,1,1,53,28,25
REFUGIO COUNTY,391,2 Years,96,48,48,33,16,17,2,1,1,1,0,1,3,1,2,57,30,27
REFUGIO COUNTY,391,3 Years,97,46,51,36,16,20,2,1,1,0,0,0,4,3,1,55,26,29
REFUGIO COUNTY,391,4 Years,90,45,45,32,15,17,2,1,1,0,0,0,3,2,1,53,27,26
REFUGIO COUNTY,391,5 Years,86,38,48,31,13,18,2,1,1,0,0,0,0,0,0,53,24,29
REFUGIO COUNTY,391,6 Years,88,39,49,28,11,17,3,1,2,0,0,0,0,0,0,57,27,30
REFUGIO COUNTY,391,7 Years,92,42,50,31,13,18,1,1,0,0,0,0,0,0,0,60,28,32
REFUGIO COUNTY,391,8 Years,86,43,43,28,11,17,3,2,1,0,0,0,2,1,1,53,29,24
REFUGIO COUNTY,391,9 Years,63,32,31,16,9,7,3,3,0,0,0,0,1,0,1,43,20,23
REFUGIO COUNTY,391,10 Years,88,39,49,22,9,13,5,3,2,0,0,0,2,0,2,59,27,32
REFUGIO COUNTY,391,11 Years,96,49,47,28,15,13,4,2,2,0,0,0,3,2,1,61,30,31
REFUGIO COUNTY,391,12 Years,82,43,39,22,11,11,5,3,2,0,0,0,1,1,0,54,28,26
REFUGIO COUNTY,391,13 Years,82,40,42,28,16,12,6,4,2,0,0,0,2,2,0,46,18,28
REFUGIO COUNTY,391,14 Years,83,44,39,27,17,10,5,4,1,2,2,0,1,0,1,48,21,27
REFUGIO COUNTY,391,15 Years,82,41,41,25,15,10,3,1,2,1,0,1,2,1,1,51,24,27
REFUGIO COUNTY,391,16 Years,82,43,39,28,17,11,4,3,1,0,0,0,2,0,2,48,23,25
REFUGIO COUNTY,391,17 Years,110,54,56,33,17,16,3,2,1,0,0,0,2,1,1,72,34,38
REFUGIO COUNTY,391,18 Years,95,41,54,22,10,12,3,2,1,0,0,0,1,1,0,69,28,41
REFUGIO COUNTY,391,19 Years,86,45,41,21,12,9,4,2,2,0,0,0,1,1,0,60,30,30
REFUGIO COUNTY,391,20 Years,79,43,36,24,12,12,8,6,2,0,0,0,1,1,0,46,24,22
REFUGIO COUNTY,391,21 Years,76,46,30,24,11,13,7,5,2,0,0,0,1,1,0,44,29,15
REFUGIO COUNTY,391,22 Years,77,42,35,21,10,11,7,3,4,1,1,0,2,2,0,46,26,20
REFUGIO COUNTY,391,23 Years,82,41,41,24,12,12,7,4,3,0,0,0,1,1,0,50,24,26
REFUGIO COUNTY,391,24 Years,80,40,40,24,10,14,9,4,5,0,0,0,3,1,2,44,25,19
REFUGIO COUNTY,391,25 Years,99,48,51,30,10,20,7,3,4,0,0,0,2,1,1,60,34,26
REFUGIO COUNTY,391,26 Years,99,48,51,37,14,23,5,3,2,0,0,0,0,0,0,57,31,26
REFUGIO COUNTY,391,27 Years,86,51,35,24,11,13,6,4,2,0,0,0,0,0,0,56,36,20
REFUGIO COUNTY,391,28 Years,97,47,50,30,11,19,7,6,1,1,0,1,2,1,1,57,29,28
REFUGIO COUNTY,391,29 Years,69,32,37,21,10,11,7,4,3,0,0,0,1,0,1,40,18,22
REFUGIO COUNTY,391,30 Years,55,30,25,13,9,4,6,3,3,0,0,0,2,1,1,34,17,17
REFUGIO COUNTY,391,31 Years,74,43,31,34,19,15,7,3,4,0,0,0,0,0,0,33,21,12
REFUGIO COUNTY,391,32 Years,66,27,39,32,14,18,3,0,3,0,0,0,2,2,0,29,11,18
REFUGIO COUNTY,391,33 Years,52,24,28,17,8,9,2,1,1,0,0,0,1,1,0,32,14,18
REFUGIO COUNTY,391,34 Years,57,29,28,22,14,8,4,3,1,0,0,0,1,1,0,30,11,19
REFUGIO COUNTY,391,35 Years,74,40,34,30,16,14,2,2,0,0,0,0,1,1,0,41,21,20
REFUGIO COUNTY,391,36 Years,69,33,36,28,14,14,3,3,0,0,0,0,1,0,1,37,16,21
REFUGIO COUNTY,391,37 Years,66,33,33,20,9,11,6,4,2,0,0,0,0,0,0,40,20,20
REFUGIO COUNTY,391,38 Years,59,28,31,18,8,10,3,2,1,0,0,0,1,1,0,37,17,20
REFUGIO COUNTY,391,39 Years,62,29,33,22,8,14,5,2,3,1,0,1,2,1,1,32,18,14
REFUGIO COUNTY,391,40 Years,66,27,39,26,8,18,5,1,4,1,0,1,0,0,0,34,18,16
REFUGIO COUNTY,391,41 Years,46,19,27,18,8,10,2,0,2,0,0,0,0,0,0,26,11,15
REFUGIO COUNTY,391,42 Years,49,23,26,20,10,10,3,3,0,0,0,0,0,0,0,26,10,16
REFUGIO COUNTY,391,43 Years,56,24,32,20,9,11,3,0,3,1,1,0,1,0,1,31,14,17
REFUGIO COUNTY,391,44 Years,68,28,40,26,9,17,5,2,3,1,1,0,0,0,0,36,16,20
REFUGIO COUNTY,391,45 Years,83,44,39,35,16,19,4,3,1,1,0,1,0,0,0,43,25,18
REFUGIO COUNTY,391,46 Years,70,33,37,26,12,14,2,1,1,1,0,1,0,0,0,41,20,21
REFUGIO COUNTY,391,47 Years,83,42,41,37,20,17,3,2,1,1,0,1,0,0,0,42,20,22
REFUGIO COUNTY,391,48 Years,82,41,41,34,20,14,3,1,2,1,0,1,2,0,2,42,20,22
REFUGIO COUNTY,391,49 Years,83,39,44,31,13,18,3,2,1,1,0,1,1,1,0,47,23,24
REFUGIO COUNTY,391,50 Years,84,37,47,36,17,19,3,2,1,1,1,0,1,0,1,43,17,26
REFUGIO COUNTY,391,51 Years,86,38,48,40,18,22,4,3,1,0,0,0,0,0,0,42,17,25
REFUGIO COUNTY,391,52 Years,80,40,40,36,16,20,4,2,2,0,0,0,2,2,0,38,20,18
REFUGIO COUNTY,391,53 Years,87,45,42,37,19,18,8,6,2,0,0,0,1,1,0,41,19,22
REFUGIO COUNTY,391,54 Years,95,48,47,44,23,21,6,5,1,0,0,0,0,0,0,45,20,25
REFUGIO COUNTY,391,55 Years,100,52,48,49,27,22,7,4,3,1,1,0,1,0,1,42,20,22
REFUGIO COUNTY,391,56 Years,97,49,48,46,22,24,6,2,4,0,0,0,1,0,1,44,25,19
REFUGIO COUNTY,391,57 Years,95,50,45,47,24,23,5,2,3,0,0,0,3,2,1,40,22,18
REFUGIO COUNTY,391,58 Years,95,51,44,43,24,19,10,3,7,1,1,0,3,1,2,38,22,16
REFUGIO COUNTY,391,59 Years,93,48,45,41,20,21,8,4,4,0,0,0,1,1,0,43,23,20
REFUGIO COUNTY,391,60 Years,94,46,48,43,20,23,6,4,2,1,0,1,1,1,0,43,21,22
REFUGIO COUNTY,391,61 Years,94,47,47,53,25,28,4,2,2,0,0,0,1,0,1,36,20,16
REFUGIO COUNTY,391,62 Years,104,52,52,50,22,28,4,2,2,0,0,0,4,2,2,46,26,20
REFUGIO COUNTY,391,63 Years,102,53,49,47,25,22,6,3,3,0,0,0,2,1,1,47,24,23
REFUGIO COUNTY,391,64 Years,87,45,42,42,19,23,7,5,2,0,0,0,1,1,0,37,20,17
REFUGIO COUNTY,391,65 Years,84,51,33,41,24,17,5,3,2,2,2,0,0,0,0,36,22,14
REFUGIO COUNTY,391,66 Years,80,45,35,34,20,14,5,3,2,0,0,0,2,1,1,39,21,18
REFUGIO COUNTY,391,67 Years,75,40,35,35,17,18,3,3,0,0,0,0,2,1,1,35,19,16
REFUGIO COUNTY,391,68 Years,77,39,38,39,19,20,3,2,1,0,0,0,0,0,0,35,18,17
REFUGIO COUNTY,391,69 Years,80,42,38,45,23,22,5,2,3,0,0,0,1,1,0,29,16,13
REFUGIO COUNTY,391,70 Years,100,44,56,53,23,30,6,1,5,1,0,1,1,0,1,39,20,19
REFUGIO COUNTY,391,71 Years,82,32,50,41,14,27,8,3,5,0,0,0,0,0,0,33,15,18
REFUGIO COUNTY,391,72 Years,86,38,48,42,21,21,5,1,4,0,0,0,1,0,1,38,16,22
REFUGIO COUNTY,391,73 Years,81,38,43,38,21,17,9,4,5,0,0,0,0,0,0,34,13,21
REFUGIO COUNTY,391,74 Years,88,44,44,49,22,27,7,4,3,1,1,0,2,0,2,29,17,12
REFUGIO COUNTY,391,75 Years,74,32,42,45,18,27,5,1,4,1,1,0,0,0,0,23,12,11
REFUGIO COUNTY,391,76 Years,61,25,36,30,13,17,4,2,2,0,0,0,1,0,1,26,10,16
REFUGIO COUNTY,391,77 Years,61,29,32,30,14,16,6,3,3,0,0,0,0,0,0,25,12,13
REFUGIO COUNTY,391,78 Years,56,28,28,32,16,16,3,2,1,0,0,0,0,0,0,21,10,11
REFUGIO COUNTY,391,79 Years,65,31,34,36,19,17,2,1,1,0,0,0,1,0,1,26,11,15
REFUGIO COUNTY,391,80 Years,55,28,27,31,16,15,3,1,2,0,0,0,0,0,0,21,11,10
REFUGIO COUNTY,391,81 Years,59,32,27,35,21,14,2,1,1,0,0,0,0,0,0,22,10,12
REFUGIO COUNTY,391,82 Years,52,27,25,31,19,12,2,0,2,0,0,0,0,0,0,19,8,11
REFUGIO COUNTY,391,83 Years,49,18,31,28,11,17,2,0,2,1,0,1,0,0,0,18,7,11
REFUGIO COUNTY,391,84 Years,36,15,21,17,7,10,1,1,0,1,0,1,0,0,0,17,7,10
REFUGIO COUNTY,391,85 Years,32,16,16,14,7,7,3,2,1,0,0,0,1,1,0,14,6,8
REFUGIO COUNTY,391,86 Years,32,9,23,17,5,12,2,0,2,0,0,0,0,0,0,13,4,9
REFUGIO COUNTY,391,87 Years,27,11,16,14,4,10,2,2,0,0,0,0,0,0,0,11,5,6
REFUGIO COUNTY,391,88 Years,22,10,12,10,4,6,3,2,1,0,0,0,1,1,0,8,3,5
REFUGIO COUNTY,391,89 Years,23,10,13,11,4,7,3,2,1,0,0,0,1,1,0,8,3,5
REFUGIO COUNTY,391,90 Years,14,6,8,7,3,4,0,0,0,0,0,0,0,0,0,7,3,4
REFUGIO COUNTY,391,91 Years,15,5,10,6,3,3,3,0,3,0,0,0,0,0,0,6,2,4
REFUGIO COUNTY,391,92 Years,16,6,10,9,3,6,2,1,1,0,0,0,0,0,0,5,2,3
REFUGIO COUNTY,391,93 Years,15,4,11,7,1,6,3,1,2,0,0,0,0,0,0,5,2,3
REFUGIO COUNTY,391,94 Years,14,4,10,7,2,5,3,0,3,0,0,0,0,0,0,4,2,2
REFUGIO COUNTY,391,95 Years +,26,11,15,12,6,6,5,3,2,0,0,0,0,0,0,9,2,7
ROBERTS COUNTY,393,All Ages,891,455,436,807,412,395,0,0,0,2,0,2,14,10,4,68,33,35
ROBERTS COUNTY,393,< 1 Year,10,6,4,10,6,4,0,0,0,0,0,0,0,0,0,0,0,0
ROBERTS COUNTY,393,1 Years,10,6,4,10,6,4,0,0,0,0,0,0,0,0,0,0,0,0
ROBERTS COUNTY,393,2 Years,12,7,5,10,6,4,0,0,0,0,0,0,0,0,0,2,1,1
ROBERTS COUNTY,393,3 Years,11,4,7,10,4,6,0,0,0,0,0,0,0,0,0,1,0,1
ROBERTS COUNTY,393,4 Years,8,3,5,7,3,4,0,0,0,0,0,0,0,0,0,1,0,1
ROBERTS COUNTY,393,5 Years,11,6,5,11,6,5,0,0,0,0,0,0,0,0,0,0,0,0
ROBERTS COUNTY,393,6 Years,11,7,4,11,7,4,0,0,0,0,0,0,0,0,0,0,0,0
ROBERTS COUNTY,393,7 Years,11,8,3,11,8,3,0,0,0,0,0,0,0,0,0,0,0,0
ROBERTS COUNTY,393,8 Years,12,8,4,11,7,4,0,0,0,0,0,0,0,0,0,1,1,0
ROBERTS COUNTY,393,9 Years,7,3,4,6,2,4,0,0,0,0,0,0,0,0,0,1,1,0
ROBERTS COUNTY,393,10 Years,14,9,5,10,7,3,0,0,0,0,0,0,0,0,0,4,2,2
ROBERTS COUNTY,393,11 Years,23,13,10,21,11,10,0,0,0,0,0,0,0,0,0,2,2,0
ROBERTS COUNTY,393,12 Years,13,9,4,10,7,3,0,0,0,0,0,0,1,1,0,2,1,1
ROBERTS COUNTY,393,13 Years,15,5,10,13,4,9,0,0,0,0,0,0,0,0,0,2,1,1
ROBERTS COUNTY,393,14 Years,10,5,5,9,4,5,0,0,0,0,0,0,0,0,0,1,1,0
ROBERTS COUNTY,393,15 Years,7,4,3,7,4,3,0,0,0,0,0,0,0,0,0,0,0,0
ROBERTS COUNTY,393,16 Years,8,4,4,7,4,3,0,0,0,0,0,0,0,0,0,1,0,1
ROBERTS COUNTY,393,17 Years,15,8,7,14,7,7,0,0,0,0,0,0,0,0,0,1,1,0
ROBERTS COUNTY,393,18 Years,12,7,5,11,7,4,0,0,0,0,0,0,0,0,0,1,0,1
ROBERTS COUNTY,393,19 Years,11,7,4,9,6,3,0,0,0,0,0,0,0,0,0,2,1,1
ROBERTS COUNTY,393,20 Years,10,6,4,9,6,3,0,0,0,0,0,0,0,0,0,1,0,1
ROBERTS COUNTY,393,21 Years,8,6,2,8,6,2,0,0,0,0,0,0,0,0,0,0,0,0
ROBERTS COUNTY,393,22 Years,8,5,3,8,5,3,0,0,0,0,0,0,0,0,0,0,0,0
ROBERTS COUNTY,393,23 Years,7,2,5,6,2,4,0,0,0,0,0,0,0,0,0,1,0,1
ROBERTS COUNTY,393,24 Years,7,3,4,6,3,3,0,0,0,0,0,0,0,0,0,1,0,1
ROBERTS COUNTY,393,25 Years,9,4,5,6,2,4,0,0,0,0,0,0,1,1,0,2,1,1
ROBERTS COUNTY,393,26 Years,10,5,5,9,4,5,0,0,0,0,0,0,0,0,0,1,1,0
ROBERTS COUNTY,393,27 Years,4,2,2,3,1,2,0,0,0,0,0,0,1,1,0,0,0,0
ROBERTS COUNTY,393,28 Years,7,5,2,7,5,2,0,0,0,0,0,0,0,0,0,0,0,0
ROBERTS COUNTY,393,29 Years,11,4,7,9,4,5,0,0,0,0,0,0,0,0,0,2,0,2
ROBERTS COUNTY,393,30 Years,7,3,4,6,3,3,0,0,0,0,0,0,0,0,0,1,0,1
ROBERTS COUNTY,393,31 Years,10,3,7,9,3,6,0,0,0,0,0,0,0,0,0,1,0,1
ROBERTS COUNTY,393,32 Years,7,2,5,5,1,4,0,0,0,0,0,0,0,0,0,2,1,1
ROBERTS COUNTY,393,33 Years,10,3,7,8,3,5,0,0,0,1,0,1,0,0,0,1,0,1
ROBERTS COUNTY,393,34 Years,9,5,4,8,5,3,0,0,0,0,0,0,0,0,0,1,0,1
ROBERTS COUNTY,393,35 Years,12,7,5,12,7,5,0,0,0,0,0,0,0,0,0,0,0,0
ROBERTS COUNTY,393,36 Years,12,6,6,11,5,6,0,0,0,0,0,0,0,0,0,1,1,0
ROBERTS COUNTY,393,37 Years,14,7,7,11,5,6,0,0,0,0,0,0,1,1,0,2,1,1
ROBERTS COUNTY,393,38 Years,10,4,6,9,3,6,0,0,0,0,0,0,0,0,0,1,1,0
ROBERTS COUNTY,393,39 Years,14,11,3,13,10,3,0,0,0,0,0,0,0,0,0,1,1,0
ROBERTS COUNTY,393,40 Years,11,8,3,10,7,3,0,0,0,0,0,0,0,0,0,1,1,0
ROBERTS COUNTY,393,41 Years,7,5,2,7,5,2,0,0,0,0,0,0,0,0,0,0,0,0
ROBERTS COUNTY,393,42 Years,6,2,4,6,2,4,0,0,0,0,0,0,0,0,0,0,0,0
ROBERTS COUNTY,393,43 Years,7,1,6,6,0,6,0,0,0,0,0,0,0,0,0,1,1,0
ROBERTS COUNTY,393,44 Years,4,1,3,4,1,3,0,0,0,0,0,0,0,0,0,0,0,0
ROBERTS COUNTY,393,45 Years,6,3,3,6,3,3,0,0,0,0,0,0,0,0,0,0,0,0
ROBERTS COUNTY,393,46 Years,6,3,3,5,3,2,0,0,0,0,0,0,0,0,0,1,0,1
ROBERTS COUNTY,393,47 Years,10,4,6,8,3,5,0,0,0,0,0,0,0,0,0,2,1,1
ROBERTS COUNTY,393,48 Years,12,3,9,11,3,8,0,0,0,0,0,0,0,0,0,1,0,1
ROBERTS COUNTY,393,49 Years,12,4,8,10,3,7,0,0,0,0,0,0,0,0,0,2,1,1
ROBERTS COUNTY,393,50 Years,11,6,5,8,4,4,0,0,0,0,0,0,0,0,0,3,2,1
ROBERTS COUNTY,393,51 Years,11,7,4,11,7,4,0,0,0,0,0,0,0,0,0,0,0,0
ROBERTS COUNTY,393,52 Years,10,7,3,10,7,3,0,0,0,0,0,0,0,0,0,0,0,0
ROBERTS COUNTY,393,53 Years,11,8,3,10,7,3,0,0,0,0,0,0,0,0,0,1,1,0
ROBERTS COUNTY,393,54 Years,13,6,7,12,6,6,0,0,0,0,0,0,0,0,0,1,0,1
ROBERTS COUNTY,393,55 Years,11,5,6,9,5,4,0,0,0,0,0,0,0,0,0,2,0,2
ROBERTS COUNTY,393,56 Years,15,9,6,13,8,5,0,0,0,0,0,0,1,1,0,1,0,1
ROBERTS COUNTY,393,57 Years,13,9,4,11,7,4,0,0,0,0,0,0,1,1,0,1,1,0
ROBERTS COUNTY,393,58 Years,15,6,9,14,6,8,0,0,0,0,0,0,0,0,0,1,0,1
ROBERTS COUNTY,393,59 Years,15,8,7,14,8,6,0,0,0,0,0,0,1,0,1,0,0,0
ROBERTS COUNTY,393,60 Years,11,5,6,10,5,5,0,0,0,0,0,0,1,0,1,0,0,0
ROBERTS COUNTY,393,61 Years,13,5,8,12,4,8,0,0,0,0,0,0,0,0,0,1,1,0
ROBERTS COUNTY,393,62 Years,9,4,5,9,4,5,0,0,0,0,0,0,0,0,0,0,0,0
ROBERTS COUNTY,393,63 Years,11,6,5,10,5,5,0,0,0,0,0,0,0,0,0,1,1,0
ROBERTS COUNTY,393,64 Years,15,6,9,14,6,8,0,0,0,0,0,0,0,0,0,1,0,1
ROBERTS COUNTY,393,65 Years,13,8,5,11,7,4,0,0,0,0,0,0,2,1,1,0,0,0
ROBERTS COUNTY,393,66 Years,14,9,5,12,7,5,0,0,0,0,0,0,1,1,0,1,1,0
ROBERTS COUNTY,393,67 Years,11,5,6,11,5,6,0,0,0,0,0,0,0,0,0,0,0,0
ROBERTS COUNTY,393,68 Years,10,6,4,9,5,4,0,0,0,0,0,0,1,1,0,0,0,0
ROBERTS COUNTY,393,69 Years,8,4,4,7,4,3,0,0,0,0,0,0,0,0,0,1,0,1
ROBERTS COUNTY,393,70 Years,13,7,6,12,7,5,0,0,0,0,0,0,0,0,0,1,0,1
ROBERTS COUNTY,393,71 Years,13,9,4,12,8,4,0,0,0,0,0,0,0,0,0,1,1,0
ROBERTS COUNTY,393,72 Years,9,4,5,9,4,5,0,0,0,0,0,0,0,0,0,0,0,0
ROBERTS COUNTY,393,73 Years,10,5,5,9,4,5,0,0,0,0,0,0,0,0,0,1,1,0
ROBERTS COUNTY,393,74 Years,12,5,7,11,4,7,0,0,0,0,0,0,1,1,0,0,0,0
ROBERTS COUNTY,393,75 Years,11,5,6,10,4,6,0,0,0,0,0,0,0,0,0,1,1,0
ROBERTS COUNTY,393,76 Years,9,4,5,9,4,5,0,0,0,0,0,0,0,0,0,0,0,0
ROBERTS COUNTY,393,77 Years,6,4,2,6,4,2,0,0,0,0,0,0,0,0,0,0,0,0
ROBERTS COUNTY,393,78 Years,5,2,3,4,2,2,0,0,0,0,0,0,1,0,1,0,0,0
ROBERTS COUNTY,393,79 Years,5,1,4,5,1,4,0,0,0,0,0,0,0,0,0,0,0,0
ROBERTS COUNTY,393,80 Years,9,3,6,9,3,6,0,0,0,0,0,0,0,0,0,0,0,0
ROBERTS COUNTY,393,81 Years,5,1,4,5,1,4,0,0,0,0,0,0,0,0,0,0,0,0
ROBERTS COUNTY,393,82 Years,4,2,2,4,2,2,0,0,0,0,0,0,0,0,0,0,0,0
ROBERTS COUNTY,393,83 Years,5,4,1,5,4,1,0,0,0,0,0,0,0,0,0,0,0,0
ROBERTS COUNTY,393,84 Years,5,3,2,5,3,2,0,0,0,0,0,0,0,0,0,0,0,0
ROBERTS COUNTY,393,85 Years,3,1,2,2,1,1,0,0,0,1,0,1,0,0,0,0,0,0
ROBERTS COUNTY,393,86 Years,2,1,1,2,1,1,0,0,0,0,0,0,0,0,0,0,0,0
ROBERTS COUNTY,393,87 Years,5,1,4,5,1,4,0,0,0,0,0,0,0,0,0,0,0,0
ROBERTS COUNTY,393,88 Years,4,1,3,4,1,3,0,0,0,0,0,0,0,0,0,0,0,0
ROBERTS COUNTY,393,89 Years,3,1,2,3,1,2,0,0,0,0,0,0,0,0,0,0,0,0
ROBERTS COUNTY,393,90 Years,4,1,3,4,1,3,0,0,0,0,0,0,0,0,0,0,0,0
ROBERTS COUNTY,393,91 Years,3,1,2,3,1,2,0,0,0,0,0,0,0,0,0,0,0,0
ROBERTS COUNTY,393,92 Years,2,1,1,2,1,1,0,0,0,0,0,0,0,0,0,0,0,0
ROBERTS COUNTY,393,93 Years,1,1,0,1,1,0,0,0,0,0,0,0,0,0,0,0,0,0
ROBERTS COUNTY,393,94 Years,0,0,0,0,0,0,0,0,0,0,0,0,0,0,0,0,0,0
ROBERTS COUNTY,393,95 Years +,5,2,3,5,2,3,0,0,0,0,0,0,0,0,0,0,0,0
ROBERTSON COUNTY,395,All Ages,17896,8911,8985,10116,5051,5065,3534,1704,1830,114,56,58,233,114,119,3899,1986,1913
ROBERTSON COUNTY,395,< 1 Year,225,121,104,84,42,42,48,25,23,4,2,2,3,2,1,86,50,36
ROBERTSON COUNTY,395,1 Years,222,115,107,88,42,46,45,23,22,3,1,2,4,3,1,82,46,36
ROBERTSON COUNTY,395,2 Years,219,115,104,90,45,45,42,21,21,2,1,1,2,1,1,83,47,36
ROBERTSON COUNTY,395,3 Years,225,116,109,100,49,51,42,22,20,0,0,0,2,1,1,81,44,37
ROBERTSON COUNTY,395,4 Years,229,115,114,101,52,49,42,21,21,0,0,0,2,0,2,84,42,42
ROBERTSON COUNTY,395,5 Years,219,111,108,94,45,49,40,21,19,0,0,0,2,1,1,83,44,39
ROBERTSON COUNTY,395,6 Years,211,106,105,89,42,47,39,20,19,4,2,2,2,1,1,77,41,36
ROBERTSON COUNTY,395,7 Years,207,106,101,88,42,46,35,18,17,2,1,1,2,1,1,80,44,36
ROBERTSON COUNTY,395,8 Years,217,109,108,87,44,43,36,19,17,3,2,1,3,2,1,88,42,46
ROBERTSON COUNTY,395,9 Years,211,101,110,89,41,48,33,15,18,1,1,0,7,4,3,81,40,41
ROBERTSON COUNTY,395,10 Years,249,125,124,110,61,49,43,17,26,2,0,2,9,6,3,85,41,44
ROBERTSON COUNTY,395,11 Years,237,112,125,123,57,66,41,18,23,0,0,0,5,3,2,68,34,34
ROBERTSON COUNTY,395,12 Years,246,133,113,117,65,52,42,19,23,1,1,0,3,2,1,83,46,37
ROBERTSON COUNTY,395,13 Years,214,115,99,99,52,47,37,21,16,1,1,0,7,2,5,70,39,31
ROBERTSON COUNTY,395,14 Years,205,103,102,98,56,42,40,19,21,1,0,1,3,0,3,63,28,35
ROBERTSON COUNTY,395,15 Years,200,102,98,92,54,38,34,14,20,1,0,1,2,0,2,71,34,37
ROBERTSON COUNTY,395,16 Years,196,93,103,86,41,45,41,20,21,1,1,0,3,0,3,65,31,34
ROBERTSON COUNTY,395,17 Years,225,102,123,106,45,61,46,26,20,2,1,1,8,3,5,63,27,36
ROBERTSON COUNTY,395,18 Years,223,113,110,113,55,58,38,21,17,3,2,1,6,3,3,63,32,31
ROBERTSON COUNTY,395,19 Years,181,96,85,86,46,40,36,22,14,1,0,1,5,2,3,53,26,27
ROBERTSON COUNTY,395,20 Years,180,81,99,75,37,38,39,19,20,2,0,2,7,4,3,57,21,36
ROBERTSON COUNTY,395,21 Years,186,89,97,82,46,36,41,23,18,1,0,1,6,2,4,56,18,38
ROBERTSON COUNTY,395,22 Years,190,103,87,91,53,38,49,27,22,2,2,0,3,2,1,45,19,26
ROBERTSON COUNTY,395,23 Years,221,119,102,98,54,44,58,35,23,1,1,0,5,3,2,59,26,33
ROBERTSON COUNTY,395,24 Years,248,127,121,118,60,58,67,36,31,3,2,1,5,2,3,55,27,28
ROBERTSON COUNTY,395,25 Years,259,132,127,132,69,63,68,32,36,2,2,0,3,1,2,54,28,26
ROBERTSON COUNTY,395,26 Years,263,131,132,130,68,62,74,38,36,2,1,1,3,3,0,54,21,33
ROBERTSON COUNTY,395,27 Years,254,124,130,123,59,64,72,34,38,0,0,0,3,2,1,56,29,27
ROBERTSON COUNTY,395,28 Years,246,111,135,103,51,52,77,30,47,0,0,0,2,2,0,64,28,36
ROBERTSON COUNTY,395,29 Years,220,99,121,104,51,53,65,25,40,0,0,0,3,2,1,48,21,27
ROBERTSON COUNTY,395,30 Years,221,102,119,111,48,63,50,22,28,0,0,0,2,1,1,58,31,27
ROBERTSON COUNTY,395,31 Years,214,105,109,104,52,52,55,28,27,2,2,0,1,1,0,52,22,30
ROBERTSON COUNTY,395,32 Years,208,90,118,108,52,56,50,22,28,2,1,1,2,1,1,46,14,32
ROBERTSON COUNTY,395,33 Years,230,116,114,122,64,58,45,23,22,3,0,3,2,1,1,58,28,30
ROBERTSON COUNTY,395,34 Years,218,108,110,113,59,54,45,24,21,1,0,1,1,0,1,58,25,33
ROBERTSON COUNTY,395,35 Years,224,100,124,109,49,60,52,25,27,0,0,0,2,1,1,61,25,36
ROBERTSON COUNTY,395,36 Years,215,110,105,128,62,66,37,23,14,2,2,0,1,1,0,47,22,25
ROBERTSON COUNTY,395,37 Years,191,104,87,108,59,49,33,19,14,2,1,1,1,0,1,47,25,22
ROBERTSON COUNTY,395,38 Years,223,124,99,125,68,57,41,20,21,1,0,1,2,1,1,54,35,19
ROBERTSON COUNTY,395,39 Years,209,118,91,108,63,45,35,18,17,4,2,2,1,0,1,61,35,26
ROBERTSON COUNTY,395,40 Years,202,101,101,104,52,52,41,18,23,1,0,1,2,1,1,54,30,24
ROBERTSON COUNTY,395,41 Years,193,101,92,100,54,46,36,17,19,3,1,2,2,1,1,52,28,24
ROBERTSON COUNTY,395,42 Years,177,94,83,84,46,38,41,19,22,2,1,1,1,0,1,49,28,21
ROBERTSON COUNTY,395,43 Years,191,89,102,94,44,50,54,24,30,0,0,0,2,1,1,41,20,21
ROBERTSON COUNTY,395,44 Years,174,91,83,87,48,39,39,16,23,1,1,0,2,1,1,45,25,20
ROBERTSON COUNTY,395,45 Years,174,95,79,98,62,36,35,10,25,1,1,0,1,1,0,39,21,18
ROBERTSON COUNTY,395,46 Years,201,105,96,121,61,60,37,18,19,2,2,0,1,0,1,40,24,16
ROBERTSON COUNTY,395,47 Years,218,94,124,131,55,76,39,14,25,3,2,1,2,0,2,43,23,20
ROBERTSON COUNTY,395,48 Years,199,97,102,119,61,58,39,10,29,1,1,0,5,2,3,35,23,12
ROBERTSON COUNTY,395,49 Years,207,97,110,123,65,58,45,15,30,1,1,0,2,0,2,36,16,20
ROBERTSON COUNTY,395,50 Years,220,101,119,133,64,69,42,18,24,2,0,2,2,1,1,41,18,23
ROBERTSON COUNTY,395,51 Years,229,111,118,130,57,73,53,30,23,3,2,1,2,0,2,41,22,19
ROBERTSON COUNTY,395,52 Years,233,113,120,145,64,81,49,28,21,2,1,1,3,2,1,34,18,16
ROBERTSON COUNTY,395,53 Years,238,127,111,143,79,64,47,25,22,1,0,1,3,2,1,44,21,23
ROBERTSON COUNTY,395,54 Years,248,133,115,155,82,73,50,28,22,4,2,2,2,2,0,37,19,18
ROBERTSON COUNTY,395,55 Years,243,129,114,170,88,82,46,29,17,1,0,1,1,0,1,25,12,13
ROBERTSON COUNTY,395,56 Years,244,111,133,165,77,88,45,16,29,3,1,2,1,0,1,30,17,13
ROBERTSON COUNTY,395,57 Years,226,118,108,140,72,68,43,18,25,3,2,1,4,2,2,36,24,12
ROBERTSON COUNTY,395,58 Years,263,145,118,164,93,71,53,24,29,2,0,2,3,2,1,41,26,15
ROBERTSON COUNTY,395,59 Years,273,134,139,190,93,97,44,19,25,2,0,2,3,3,0,34,19,15
ROBERTSON COUNTY,395,60 Years,254,125,129,165,82,83,52,25,27,3,0,3,4,1,3,30,17,13
ROBERTSON COUNTY,395,61 Years,262,137,125,171,93,78,55,27,28,1,0,1,3,0,3,32,17,15
ROBERTSON COUNTY,395,62 Years,249,136,113,166,91,75,48,26,22,3,3,0,3,1,2,29,15,14
ROBERTSON COUNTY,395,63 Years,237,117,120,170,84,86,37,17,20,3,2,1,4,3,1,23,11,12
ROBERTSON COUNTY,395,64 Years,255,127,128,178,89,89,38,16,22,1,1,0,5,2,3,33,19,14
ROBERTSON COUNTY,395,65 Years,246,113,133,170,77,93,41,18,23,0,0,0,4,1,3,31,17,14
ROBERTSON COUNTY,395,66 Years,201,100,101,139,67,72,38,21,17,0,0,0,2,0,2,22,12,10
ROBERTSON COUNTY,395,67 Years,204,102,102,149,69,80,34,20,14,0,0,0,2,0,2,19,13,6
ROBERTSON COUNTY,395,68 Years,207,101,106,146,71,75,35,17,18,0,0,0,2,0,2,24,13,11
ROBERTSON COUNTY,395,69 Years,223,107,116,159,73,86,37,19,18,0,0,0,1,1,0,26,14,12
ROBERTSON COUNTY,395,70 Years,214,112,102,155,81,74,35,18,17,0,0,0,4,4,0,20,9,11
ROBERTSON COUNTY,395,71 Years,213,115,98,159,86,73,30,15,15,0,0,0,2,2,0,22,12,10
ROBERTSON COUNTY,395,72 Years,179,95,84,126,65,61,30,16,14,0,0,0,2,2,0,21,12,9
ROBERTSON COUNTY,395,73 Years,141,64,77,105,48,57,17,6,11,1,0,1,1,1,0,17,9,8
ROBERTSON COUNTY,395,74 Years,160,81,79,121,64,57,24,11,13,0,0,0,0,0,0,15,6,9
ROBERTSON COUNTY,395,75 Years,151,69,82,111,52,59,23,11,12,1,0,1,1,0,1,15,6,9
ROBERTSON COUNTY,395,76 Years,142,69,73,102,47,55,22,12,10,0,0,0,1,0,1,17,10,7
ROBERTSON COUNTY,395,77 Years,122,56,66,92,39,53,17,8,9,0,0,0,3,2,1,10,7,3
ROBERTSON COUNTY,395,78 Years,112,48,64,88,38,50,16,7,9,0,0,0,2,1,1,6,2,4
ROBERTSON COUNTY,395,79 Years,109,55,54,86,41,45,16,9,7,0,0,0,0,0,0,7,5,2
ROBERTSON COUNTY,395,80 Years,102,57,45,73,38,35,15,8,7,1,0,1,2,2,0,11,9,2
ROBERTSON COUNTY,395,81 Years,100,57,43,73,41,32,15,8,7,0,0,0,1,1,0,11,7,4
ROBERTSON COUNTY,395,82 Years,87,42,45,69,33,36,11,4,7,0,0,0,0,0,0,7,5,2
ROBERTSON COUNTY,395,83 Years,69,31,38,54,24,30,12,5,7,0,0,0,1,1,0,2,1,1
ROBERTSON COUNTY,395,84 Years,63,31,32,46,25,21,14,5,9,0,0,0,0,0,0,3,1,2
ROBERTSON COUNTY,395,85 Years,65,31,34,46,22,24,10,5,5,0,0,0,2,1,1,7,3,4
ROBERTSON COUNTY,395,86 Years,54,21,33,40,15,25,9,4,5,0,0,0,1,0,1,4,2,2
ROBERTSON COUNTY,395,87 Years,54,21,33,38,14,24,10,4,6,0,0,0,0,0,0,6,3,3
ROBERTSON COUNTY,395,88 Years,46,16,30,34,11,23,7,2,5,0,0,0,0,0,0,5,3,2
ROBERTSON COUNTY,395,89 Years,44,16,28,32,12,20,7,2,5,0,0,0,0,0,0,5,2,3
ROBERTSON COUNTY,395,90 Years,42,19,23,30,12,18,7,3,4,0,0,0,0,0,0,5,4,1
ROBERTSON COUNTY,395,91 Years,35,13,22,24,7,17,7,3,4,0,0,0,0,0,0,4,3,1
ROBERTSON COUNTY,395,92 Years,29,11,18,20,6,14,5,2,3,0,0,0,0,0,0,4,3,1
ROBERTSON COUNTY,395,93 Years,25,8,17,13,6,7,9,2,7,0,0,0,0,0,0,3,0,3
ROBERTSON COUNTY,395,94 Years,22,7,15,12,4,8,7,2,5,0,0,0,0,0,0,3,1,2
ROBERTSON COUNTY,395,95 Years +,44,13,31,26,7,19,13,5,8,0,0,0,1,0,1,4,1,3
ROCKWALL COUNTY,397,All Ages,98492,48215,50277,70343,34137,36206,5957,3005,2952,2731,1200,1531,2014,1015,999,17447,8858,8589
ROCKWALL COUNTY,397,< 1 Year,1086,570,516,633,330,303,80,42,38,24,12,12,58,29,29,291,157,134
ROCKWALL COUNTY,397,1 Years,1127,581,546,656,342,314,86,44,42,26,12,14,59,30,29,300,153,147
ROCKWALL COUNTY,397,2 Years,1130,576,554,683,346,337,77,40,37,24,13,11,54,29,25,292,148,144
ROCKWALL COUNTY,397,3 Years,1148,589,559,701,364,337,76,37,39,23,12,11,50,28,22,298,148,150
ROCKWALL COUNTY,397,4 Years,1138,583,555,707,366,341,66,30,36,23,12,11,43,25,18,299,150,149
ROCKWALL COUNTY,397,5 Years,1142,577,565,702,363,339,63,31,32,25,12,13,44,24,20,308,147,161
ROCKWALL COUNTY,397,6 Years,1166,582,584,718,361,357,64,32,32,25,12,13,41,24,17,318,153,165
ROCKWALL COUNTY,397,7 Years,1177,588,589,732,369,363,66,35,31,23,11,12,39,19,20,317,154,163
ROCKWALL COUNTY,397,8 Years,1218,599,619,761,371,390,78,43,35,16,10,6,34,11,23,329,164,165
ROCKWALL COUNTY,397,9 Years,1312,663,649,851,438,413,83,39,44,26,12,14,40,24,16,312,150,162
ROCKWALL COUNTY,397,10 Years,1420,712,708,903,465,438,85,42,43,34,12,22,44,27,17,354,166,188
ROCKWALL COUNTY,397,11 Years,1488,744,744,930,466,464,89,50,39,37,20,17,46,21,25,386,187,199
ROCKWALL COUNTY,397,12 Years,1527,785,742,975,502,473,97,55,42,35,22,13,43,21,22,377,185,192
ROCKWALL COUNTY,397,13 Years,1587,795,792,1041,524,517,97,46,51,36,22,14,41,17,24,372,186,186
ROCKWALL COUNTY,397,14 Years,1664,845,819,1095,547,548,102,46,56,39,23,16,47,20,27,381,209,172
ROCKWALL COUNTY,397,15 Years,1639,825,814,1096,535,561,110,56,54,33,17,16,47,23,24,353,194,159
ROCKWALL COUNTY,397,16 Years,1708,891,817,1140,570,570,120,65,55,35,21,14,47,29,18,366,206,160
ROCKWALL COUNTY,397,17 Years,1783,923,860,1221,620,601,112,63,49,47,17,30,46,27,19,357,196,161
ROCKWALL COUNTY,397,18 Years,1690,859,831,1162,584,578,100,49,51,35,13,22,43,25,18,350,188,162
ROCKWALL COUNTY,397,19 Years,1507,748,759,1002,487,515,94,47,47,37,13,24,44,20,24,330,181,149
ROCKWALL COUNTY,397,20 Years,1501,781,720,997,525,472,99,57,42,47,12,35,44,22,22,314,165,149
ROCKWALL COUNTY,397,21 Years,1412,731,681,948,497,451,112,60,52,33,11,22,35,15,20,284,148,136
ROCKWALL COUNTY,397,22 Years,1481,753,728,992,508,484,130,68,62,39,15,24,43,22,21,277,140,137
ROCKWALL COUNTY,397,23 Years,1519,767,752,1000,504,496,133,67,66,36,14,22,47,25,22,303,157,146
ROCKWALL COUNTY,397,24 Years,1425,732,693,951,477,474,119,66,53,31,15,16,46,26,20,278,148,130
ROCKWALL COUNTY,397,25 Years,1434,728,706,965,481,484,126,71,55,34,16,18,39,25,14,270,135,135
ROCKWALL COUNTY,397,26 Years,1321,676,645,868,457,411,95,49,46,56,18,38,37,17,20,265,135,130
ROCKWALL COUNTY,397,27 Years,1031,537,494,640,322,318,84,46,38,28,11,17,25,11,14,254,147,107
ROCKWALL COUNTY,397,28 Years,978,513,465,583,315,268,88,42,46,34,20,14,21,10,11,252,126,126
ROCKWALL COUNTY,397,29 Years,887,470,417,553,291,262,59,33,26,36,16,20,17,11,6,222,119,103
ROCKWALL COUNTY,397,30 Years,837,442,395,509,266,243,48,28,20,59,28,31,10,6,4,211,114,97
ROCKWALL COUNTY,397,31 Years,832,429,403,529,263,266,42,27,15,49,18,31,8,3,5,204,118,86
ROCKWALL COUNTY,397,32 Years,892,426,466,577,257,320,28,16,12,47,16,31,15,9,6,225,128,97
ROCKWALL COUNTY,397,33 Years,980,483,497,653,308,345,46,22,24,39,19,20,15,9,6,227,125,102
ROCKWALL COUNTY,397,34 Years,1027,513,514,675,336,339,49,16,33,46,27,19,16,7,9,241,127,114
ROCKWALL COUNTY,397,35 Years,1121,513,608,735,331,404,54,23,31,51,24,27,21,11,10,260,124,136
ROCKWALL COUNTY,397,36 Years,1154,546,608,780,366,414,57,28,29,49,19,30,16,8,8,252,125,127
ROCKWALL COUNTY,397,37 Years,1231,606,625,827,412,415,55,26,29,47,22,25,18,9,9,284,137,147
ROCKWALL COUNTY,397,38 Years,1270,612,658,867,409,458,70,35,35,43,22,21,14,6,8,276,140,136
ROCKWALL COUNTY,397,39 Years,1306,652,654,874,418,456,80,42,38,34,21,13,13,6,7,305,165,140
ROCKWALL COUNTY,397,40 Years,1340,624,716,899,408,491,76,34,42,49,25,24,10,6,4,306,151,155
ROCKWALL COUNTY,397,41 Years,1291,603,688,859,392,467,80,40,40,49,18,31,22,11,11,281,142,139
ROCKWALL COUNTY,397,42 Years,1348,625,723,923,417,506,92,38,54,38,10,28,23,14,9,272,146,126
ROCKWALL COUNTY,397,43 Years,1355,634,721,936,432,504,85,38,47,47,15,32,24,14,10,263,135,128
ROCKWALL COUNTY,397,44 Years,1395,653,742,977,456,521,85,40,45,50,16,34,21,8,13,262,133,129
ROCKWALL COUNTY,397,45 Years,1366,662,704,977,474,503,82,42,40,43,17,26,17,7,10,247,122,125
ROCKWALL COUNTY,397,46 Years,1429,670,759,1027,479,548,95,44,51,47,22,25,18,9,9,242,116,126
ROCKWALL COUNTY,397,47 Years,1589,760,829,1153,550,603,122,59,63,50,23,27,24,13,11,240,115,125
ROCKWALL COUNTY,397,48 Years,1545,746,799,1156,564,592,100,50,50,45,20,25,21,12,9,223,100,123
ROCKWALL COUNTY,397,49 Years,1456,682,774,1059,497,562,104,48,56,57,26,31,17,6,11,219,105,114
ROCKWALL COUNTY,397,50 Years,1431,696,735,1058,512,546,93,46,47,48,22,26,21,10,11,211,106,105
ROCKWALL COUNTY,397,51 Years,1368,700,668,1016,513,503,101,58,43,49,24,25,21,7,14,181,98,83
ROCKWALL COUNTY,397,52 Years,1341,708,633,992,523,469,109,57,52,46,23,23,20,10,10,174,95,79
ROCKWALL COUNTY,397,53 Years,1417,725,692,1091,554,537,109,51,58,36,22,14,16,9,7,165,89,76
ROCKWALL COUNTY,397,54 Years,1488,728,760,1153,547,606,102,56,46,50,21,29,16,10,6,167,94,73
ROCKWALL COUNTY,397,55 Years,1460,701,759,1151,547,604,96,47,49,31,8,23,15,10,5,167,89,78
ROCKWALL COUNTY,397,56 Years,1423,684,739,1137,543,594,84,43,41,38,18,20,17,7,10,147,73,74
ROCKWALL COUNTY,397,57 Years,1493,726,767,1173,567,606,111,66,45,33,12,21,14,8,6,162,73,89
ROCKWALL COUNTY,397,58 Years,1429,685,744,1142,546,596,87,46,41,26,10,16,17,8,9,157,75,82
ROCKWALL COUNTY,397,59 Years,1296,620,676,1039,497,542,76,41,35,26,9,17,22,7,15,133,66,67
ROCKWALL COUNTY,397,60 Years,1252,594,658,1032,497,535,71,33,38,29,11,18,20,6,14,100,47,53
ROCKWALL COUNTY,397,61 Years,1231,552,679,997,453,544,73,37,36,21,9,12,18,8,10,122,45,77
ROCKWALL COUNTY,397,62 Years,1214,577,637,1003,471,532,70,36,34,19,8,11,19,12,7,103,50,53
ROCKWALL COUNTY,397,63 Years,1145,523,622,967,439,528,47,20,27,23,10,13,18,8,10,90,46,44
ROCKWALL COUNTY,397,64 Years,1030,482,548,875,419,456,38,14,24,24,6,18,11,4,7,82,39,43
ROCKWALL COUNTY,397,65 Years,1005,466,539,856,409,447,37,20,17,27,8,19,13,6,7,72,23,49
ROCKWALL COUNTY,397,66 Years,987,498,489,834,426,408,39,17,22,26,10,16,10,6,4,78,39,39
ROCKWALL COUNTY,397,67 Years,890,433,457,754,367,387,35,17,18,21,8,13,13,5,8,67,36,31
ROCKWALL COUNTY,397,68 Years,855,407,448,734,341,393,30,18,12,18,7,11,10,3,7,63,38,25
ROCKWALL COUNTY,397,69 Years,830,392,438,722,331,391,25,14,11,17,10,7,12,7,5,54,30,24
ROCKWALL COUNTY,397,70 Years,795,368,427,682,313,369,31,17,14,20,9,11,14,8,6,48,21,27
ROCKWALL COUNTY,397,71 Years,802,373,429,703,332,371,23,9,14,20,6,14,9,4,5,47,22,25
ROCKWALL COUNTY,397,72 Years,622,298,324,539,261,278,17,10,7,13,3,10,5,3,2,48,21,27
ROCKWALL COUNTY,397,73 Years,602,262,340,524,235,289,25,9,16,6,2,4,6,1,5,41,15,26
ROCKWALL COUNTY,397,74 Years,608,261,347,540,237,303,23,10,13,13,4,9,5,1,4,27,9,18
ROCKWALL COUNTY,397,75 Years,604,265,339,537,239,298,14,7,7,13,5,8,4,1,3,36,13,23
ROCKWALL COUNTY,397,76 Years,518,239,279,456,212,244,12,5,7,14,7,7,4,3,1,32,12,20
ROCKWALL COUNTY,397,77 Years,473,233,240,414,209,205,18,6,12,11,6,5,1,1,0,29,11,18
ROCKWALL COUNTY,397,78 Years,441,204,237,388,181,207,17,7,10,12,6,6,3,2,1,21,8,13
ROCKWALL COUNTY,397,79 Years,401,180,221,362,160,202,9,6,3,11,6,5,4,1,3,15,7,8
ROCKWALL COUNTY,397,80 Years,337,146,191,305,134,171,7,3,4,9,4,5,2,0,2,14,5,9
ROCKWALL COUNTY,397,81 Years,290,133,157,256,117,139,10,5,5,7,4,3,4,1,3,13,6,7
ROCKWALL COUNTY,397,82 Years,273,127,146,237,109,128,7,3,4,7,4,3,3,2,1,19,9,10
ROCKWALL COUNTY,397,83 Years,250,106,144,227,98,129,5,2,3,5,2,3,1,0,1,12,4,8
ROCKWALL COUNTY,397,84 Years,226,80,146,196,71,125,6,3,3,4,1,3,4,1,3,16,4,12
ROCKWALL COUNTY,397,85 Years,219,90,129,189,80,109,7,2,5,4,2,2,4,1,3,15,5,10
ROCKWALL COUNTY,397,86 Years,180,65,115,147,58,89,8,2,6,7,2,5,3,1,2,15,2,13
ROCKWALL COUNTY,397,87 Years,167,56,111,146,46,100,5,1,4,4,2,2,2,2,0,10,5,5
ROCKWALL COUNTY,397,88 Years,141,45,96,119,39,80,8,3,5,3,1,2,3,0,3,8,2,6
ROCKWALL COUNTY,397,89 Years,115,42,73,98,36,62,5,2,3,4,2,2,1,0,1,7,2,5
ROCKWALL COUNTY,397,90 Years,92,32,60,79,28,51,4,2,2,5,2,3,0,0,0,4,0,4
ROCKWALL COUNTY,397,91 Years,78,28,50,66,22,44,5,2,3,3,1,2,0,0,0,4,3,1
ROCKWALL COUNTY,397,92 Years,67,23,44,57,17,40,3,1,2,2,1,1,0,0,0,5,4,1
ROCKWALL COUNTY,397,93 Years,52,16,36,38,10,28,5,2,3,4,2,2,1,0,1,4,2,2
ROCKWALL COUNTY,397,94 Years,38,15,23,29,10,19,3,1,2,3,3,0,0,0,0,3,1,2
ROCKWALL COUNTY,397,95 Years +,106,27,79,85,19,66,7,1,6,3,3,0,1,0,1,10,4,6
RUNNELS COUNTY,399,All Ages,9938,4982,4956,6054,2933,3121,158,81,77,22,11,11,147,78,69,3557,1879,1678
RUNNELS COUNTY,399,< 1 Year,130,73,57,65,38,27,0,0,0,0,0,0,0,0,0,65,35,30
RUNNELS COUNTY,399,1 Years,126,70,56,66,37,29,0,0,0,0,0,0,4,3,1,56,30,26
RUNNELS COUNTY,399,2 Years,125,66,59,65,35,30,0,0,0,0,0,0,4,3,1,56,28,28
RUNNELS COUNTY,399,3 Years,122,63,59,65,34,31,0,0,0,1,1,0,7,4,3,49,24,25
RUNNELS COUNTY,399,4 Years,118,64,54,56,32,24,0,0,0,1,1,0,10,8,2,51,23,28
RUNNELS COUNTY,399,5 Years,115,62,53,53,29,24,0,0,0,2,1,1,11,8,3,49,24,25
RUNNELS COUNTY,399,6 Years,127,66,61,61,31,30,1,1,0,1,1,0,7,6,1,57,27,30
RUNNELS COUNTY,399,7 Years,139,69,70,68,30,38,2,1,1,0,0,0,4,2,2,65,36,29
RUNNELS COUNTY,399,8 Years,148,80,68,75,41,34,0,0,0,0,0,0,1,1,0,72,38,34
RUNNELS COUNTY,399,9 Years,126,64,62,68,36,32,0,0,0,0,0,0,2,0,2,56,28,28
RUNNELS COUNTY,399,10 Years,146,73,73,78,39,39,2,1,1,0,0,0,3,0,3,63,33,30
RUNNELS COUNTY,399,11 Years,139,63,76,67,28,39,3,2,1,0,0,0,3,1,2,66,32,34
RUNNELS COUNTY,399,12 Years,134,74,60,67,34,33,5,4,1,0,0,0,0,0,0,62,36,26
RUNNELS COUNTY,399,13 Years,133,72,61,60,30,30,3,2,1,0,0,0,0,0,0,70,40,30
RUNNELS COUNTY,399,14 Years,135,70,65,70,35,35,3,2,1,0,0,0,1,0,1,61,33,28
RUNNELS COUNTY,399,15 Years,129,69,60,67,36,31,0,0,0,0,0,0,1,0,1,61,33,28
RUNNELS COUNTY,399,16 Years,121,63,58,53,22,31,1,1,0,0,0,0,1,0,1,66,40,26
RUNNELS COUNTY,399,17 Years,115,59,56,60,30,30,3,2,1,0,0,0,0,0,0,52,27,25
RUNNELS COUNTY,399,18 Years,110,56,54,58,31,27,2,1,1,0,0,0,2,1,1,48,23,25
RUNNELS COUNTY,399,19 Years,91,45,46,40,20,20,2,1,1,1,1,0,2,1,1,46,22,24
RUNNELS COUNTY,399,20 Years,111,49,62,50,20,30,3,1,2,0,0,0,3,1,2,55,27,28
RUNNELS COUNTY,399,21 Years,115,53,62,54,23,31,1,0,1,0,0,0,2,0,2,58,30,28
RUNNELS COUNTY,399,22 Years,109,57,52,48,23,25,3,3,0,0,0,0,3,2,1,55,29,26
RUNNELS COUNTY,399,23 Years,103,57,46,43,23,20,3,2,1,0,0,0,2,1,1,55,31,24
RUNNELS COUNTY,399,24 Years,113,55,58,54,21,33,2,1,1,0,0,0,2,1,1,55,32,23
RUNNELS COUNTY,399,25 Years,116,58,58,61,26,35,1,0,1,2,1,1,1,1,0,51,30,21
RUNNELS COUNTY,399,26 Years,122,70,52,66,34,32,3,2,1,1,0,1,2,2,0,50,32,18
RUNNELS COUNTY,399,27 Years,121,60,61,63,26,37,0,0,0,0,0,0,3,1,2,55,33,22
RUNNELS COUNTY,399,28 Years,123,65,58,62,31,31,2,1,1,1,1,0,3,2,1,55,30,25
RUNNELS COUNTY,399,29 Years,125,72,53,61,33,28,4,2,2,0,0,0,2,1,1,58,36,22
RUNNELS COUNTY,399,30 Years,125,64,61,69,29,40,3,2,1,0,0,0,2,1,1,51,32,19
RUNNELS COUNTY,399,31 Years,107,57,50,68,33,35,1,1,0,1,0,1,1,1,0,36,22,14
RUNNELS COUNTY,399,32 Years,111,55,56,67,32,35,4,1,3,0,0,0,1,0,1,39,22,17
RUNNELS COUNTY,399,33 Years,128,67,61,77,40,37,5,2,3,0,0,0,1,0,1,45,25,20
RUNNELS COUNTY,399,34 Years,124,66,58,75,41,34,2,1,1,0,0,0,1,0,1,46,24,22
RUNNELS COUNTY,399,35 Years,127,69,58,68,36,32,1,1,0,0,0,0,1,0,1,57,32,25
RUNNELS COUNTY,399,36 Years,104,44,60,60,22,38,1,1,0,0,0,0,1,0,1,42,21,21
RUNNELS COUNTY,399,37 Years,103,50,53,59,29,30,1,0,1,1,0,1,1,1,0,41,20,21
RUNNELS COUNTY,399,38 Years,104,53,51,66,36,30,1,1,0,1,0,1,0,0,0,36,16,20
RUNNELS COUNTY,399,39 Years,102,60,42,66,39,27,2,2,0,0,0,0,2,1,1,32,18,14
RUNNELS COUNTY,399,40 Years,103,64,39,60,36,24,0,0,0,0,0,0,2,1,1,41,27,14
RUNNELS COUNTY,399,41 Years,84,39,45,46,21,25,1,0,1,0,0,0,2,2,0,35,16,19
RUNNELS COUNTY,399,42 Years,82,40,42,46,21,25,1,0,1,0,0,0,1,1,0,34,18,16
RUNNELS COUNTY,399,43 Years,93,46,47,53,23,30,1,0,1,0,0,0,0,0,0,39,23,16
RUNNELS COUNTY,399,44 Years,99,43,56,58,27,31,1,1,0,1,0,1,2,0,2,37,15,22
RUNNELS COUNTY,399,45 Years,93,48,45,55,29,26,1,1,0,0,0,0,1,0,1,36,18,18
RUNNELS COUNTY,399,46 Years,105,51,54,68,32,36,1,1,0,0,0,0,0,0,0,36,18,18
RUNNELS COUNTY,399,47 Years,110,48,62,67,27,40,3,1,2,0,0,0,0,0,0,40,20,20
RUNNELS COUNTY,399,48 Years,121,54,67,80,35,45,2,0,2,0,0,0,0,0,0,39,19,20
RUNNELS COUNTY,399,49 Years,118,52,66,69,37,32,2,0,2,0,0,0,0,0,0,47,15,32
RUNNELS COUNTY,399,50 Years,101,47,54,65,33,32,1,1,0,0,0,0,0,0,0,35,13,22
RUNNELS COUNTY,399,51 Years,107,49,58,66,30,36,1,1,0,0,0,0,0,0,0,40,18,22
RUNNELS COUNTY,399,52 Years,115,57,58,75,34,41,1,0,1,0,0,0,1,1,0,38,22,16
RUNNELS COUNTY,399,53 Years,126,63,63,79,40,39,1,0,1,1,0,1,1,1,0,44,22,22
RUNNELS COUNTY,399,54 Years,124,64,60,84,42,42,3,2,1,0,0,0,1,1,0,36,19,17
RUNNELS COUNTY,399,55 Years,137,66,71,96,46,50,3,2,1,1,0,1,0,0,0,37,18,19
RUNNELS COUNTY,399,56 Years,144,71,73,96,45,51,4,2,2,0,0,0,0,0,0,44,24,20
RUNNELS COUNTY,399,57 Years,121,67,54,81,43,38,2,2,0,0,0,0,2,0,2,36,22,14
RUNNELS COUNTY,399,58 Years,128,65,63,84,43,41,3,0,3,0,0,0,1,0,1,40,22,18
RUNNELS COUNTY,399,59 Years,130,59,71,90,37,53,2,0,2,0,0,0,0,0,0,38,22,16
RUNNELS COUNTY,399,60 Years,114,55,59,76,36,40,3,0,3,0,0,0,0,0,0,35,19,16
RUNNELS COUNTY,399,61 Years,128,71,57,90,49,41,4,3,1,0,0,0,1,0,1,33,19,14
RUNNELS COUNTY,399,62 Years,140,67,73,98,46,52,2,1,1,0,0,0,4,1,3,36,19,17
RUNNELS COUNTY,399,63 Years,130,66,64,91,45,46,1,1,0,2,1,1,1,0,1,35,19,16
RUNNELS COUNTY,399,64 Years,119,62,57,83,39,44,4,3,1,1,1,0,0,0,0,31,19,12
RUNNELS COUNTY,399,65 Years,110,54,56,82,40,42,2,1,1,1,1,0,1,0,1,24,12,12
RUNNELS COUNTY,399,66 Years,137,76,61,103,56,47,2,1,1,0,0,0,2,2,0,30,17,13
RUNNELS COUNTY,399,67 Years,118,64,54,92,51,41,4,1,3,0,0,0,2,1,1,20,11,9
RUNNELS COUNTY,399,68 Years,117,57,60,81,40,41,2,0,2,0,0,0,2,1,1,32,16,16
RUNNELS COUNTY,399,69 Years,108,53,55,74,35,39,1,0,1,0,0,0,2,1,1,31,17,14
RUNNELS COUNTY,399,70 Years,110,43,67,82,30,52,1,0,1,0,0,0,1,0,1,26,13,13
RUNNELS COUNTY,399,71 Years,127,62,65,102,47,55,2,1,1,0,0,0,0,0,0,23,14,9
RUNNELS COUNTY,399,72 Years,109,55,54,83,41,42,3,1,2,0,0,0,0,0,0,23,13,10
RUNNELS COUNTY,399,73 Years,118,57,61,89,44,45,2,0,2,0,0,0,1,0,1,26,13,13
RUNNELS COUNTY,399,74 Years,117,55,62,89,43,46,3,2,1,0,0,0,1,1,0,24,9,15
RUNNELS COUNTY,399,75 Years,110,49,61,84,38,46,2,1,1,0,0,0,1,1,0,23,9,14
RUNNELS COUNTY,399,76 Years,97,44,53,68,31,37,3,1,2,0,0,0,1,1,0,25,11,14
RUNNELS COUNTY,399,77 Years,95,45,50,73,34,39,2,1,1,0,0,0,0,0,0,20,10,10
RUNNELS COUNTY,399,78 Years,78,41,37,57,27,30,1,1,0,0,0,0,0,0,0,20,13,7
RUNNELS COUNTY,399,79 Years,82,40,42,63,30,33,0,0,0,0,0,0,2,1,1,17,9,8
RUNNELS COUNTY,399,80 Years,78,35,43,60,25,35,1,1,0,0,0,0,5,2,3,12,7,5
RUNNELS COUNTY,399,81 Years,56,24,32,43,20,23,0,0,0,1,0,1,1,1,0,11,3,8
RUNNELS COUNTY,399,82 Years,53,25,28,41,20,21,2,2,0,0,0,0,1,0,1,9,3,6
RUNNELS COUNTY,399,83 Years,49,26,23,37,18,19,0,0,0,1,1,0,2,2,0,9,5,4
RUNNELS COUNTY,399,84 Years,45,21,24,36,16,20,0,0,0,0,0,0,1,1,0,8,4,4
RUNNELS COUNTY,399,85 Years,51,22,29,43,19,24,2,0,2,0,0,0,1,1,0,5,2,3
RUNNELS COUNTY,399,86 Years,41,21,20,35,18,17,0,0,0,0,0,0,0,0,0,6,3,3
RUNNELS COUNTY,399,87 Years,43,16,27,34,12,22,0,0,0,0,0,0,1,0,1,8,4,4
RUNNELS COUNTY,399,88 Years,36,16,20,28,12,16,1,0,1,0,0,0,0,0,0,7,4,3
RUNNELS COUNTY,399,89 Years,31,17,14,22,11,11,1,1,0,0,0,0,0,0,0,8,5,3
RUNNELS COUNTY,399,90 Years,29,12,17,22,8,14,1,1,0,0,0,0,0,0,0,6,3,3
RUNNELS COUNTY,399,91 Years,22,9,13,17,7,10,0,0,0,0,0,0,0,0,0,5,2,3
RUNNELS COUNTY,399,92 Years,17,7,10,13,5,8,0,0,0,0,0,0,0,0,0,4,2,2
RUNNELS COUNTY,399,93 Years,15,6,9,12,5,7,0,0,0,0,0,0,1,0,1,2,1,1
RUNNELS COUNTY,399,94 Years,14,4,10,10,2,8,1,0,1,0,0,0,0,0,0,3,2,1
RUNNELS COUNTY,399,95 Years +,31,10,21,24,7,17,1,1,0,0,0,0,1,0,1,5,2,3
RUSK COUNTY,401,All Ages,54042,28311,25731,34228,17394,16834,9041,5075,3966,218,107,111,1131,575,556,9424,5160,4264
RUSK COUNTY,401,< 1 Year,581,304,277,302,161,141,86,39,47,2,1,1,24,17,7,167,86,81
RUSK COUNTY,401,1 Years,579,300,279,294,154,140,82,41,41,1,1,0,27,17,10,175,87,88
RUSK COUNTY,401,2 Years,604,314,290,300,154,146,88,45,43,1,1,0,28,17,11,187,97,90
RUSK COUNTY,401,3 Years,599,304,295,303,151,152,82,43,39,1,1,0,26,15,11,187,94,93
RUSK COUNTY,401,4 Years,609,309,300,317,161,156,86,43,43,0,0,0,25,15,10,181,90,91
RUSK COUNTY,401,5 Years,624,312,312,325,170,155,87,43,44,0,0,0,20,10,10,192,89,103
RUSK COUNTY,401,6 Years,653,333,320,339,179,160,90,46,44,1,1,0,27,13,14,196,94,102
RUSK COUNTY,401,7 Years,679,344,335,351,181,170,95,55,40,2,1,1,24,11,13,207,96,111
RUSK COUNTY,401,8 Years,653,317,336,346,163,183,85,52,33,1,0,1,27,16,11,194,86,108
RUSK COUNTY,401,9 Years,692,349,343,381,192,189,92,57,35,4,4,0,29,16,13,186,80,106
RUSK COUNTY,401,10 Years,714,349,365,405,202,203,92,48,44,3,2,1,30,11,19,184,86,98
RUSK COUNTY,401,11 Years,709,347,362,400,203,197,89,45,44,2,0,2,28,11,17,190,88,102
RUSK COUNTY,401,12 Years,695,347,348,392,196,196,94,52,42,2,2,0,29,13,16,178,84,94
RUSK COUNTY,401,13 Years,707,366,341,373,196,177,109,70,39,3,2,1,23,12,11,199,86,113
RUSK COUNTY,401,14 Years,638,331,307,336,171,165,98,64,34,3,3,0,19,10,9,182,83,99
RUSK COUNTY,401,15 Years,642,312,330,349,170,179,106,63,43,0,0,0,27,9,18,160,70,90
RUSK COUNTY,401,16 Years,649,321,328,371,184,187,101,53,48,3,2,1,23,10,13,151,72,79
RUSK COUNTY,401,17 Years,694,342,352,377,188,189,118,60,58,3,2,1,19,10,9,177,82,95
RUSK COUNTY,401,18 Years,716,386,330,373,200,173,132,82,50,3,1,2,24,13,11,184,90,94
RUSK COUNTY,401,19 Years,617,336,281,316,165,151,96,63,33,2,1,1,26,16,10,177,91,86
RUSK COUNTY,401,20 Years,660,389,271,320,185,135,126,84,42,1,0,1,27,17,10,186,103,83
RUSK COUNTY,401,21 Years,662,384,278,329,182,147,141,97,44,3,1,2,22,13,9,167,91,76
RUSK COUNTY,401,22 Years,659,386,273,358,198,160,123,83,40,3,1,2,21,11,10,154,93,61
RUSK COUNTY,401,23 Years,705,408,297,378,210,168,134,83,51,2,0,2,28,17,11,163,98,65
RUSK COUNTY,401,24 Years,785,470,315,422,236,186,152,98,54,2,2,0,24,20,4,185,114,71
RUSK COUNTY,401,25 Years,795,469,326,447,243,204,163,110,53,2,1,1,20,11,9,163,104,59
RUSK COUNTY,401,26 Years,776,448,328,451,244,207,169,112,57,5,2,3,15,9,6,136,81,55
RUSK COUNTY,401,27 Years,817,473,344,482,270,212,183,114,69,4,3,1,10,6,4,138,80,58
RUSK COUNTY,401,28 Years,810,456,354,478,244,234,162,106,56,6,2,4,9,7,2,155,97,58
RUSK COUNTY,401,29 Years,800,459,341,482,257,225,164,109,55,4,0,4,12,8,4,138,85,53
RUSK COUNTY,401,30 Years,759,445,314,461,257,204,147,96,51,2,1,1,10,4,6,139,87,52
RUSK COUNTY,401,31 Years,741,415,326,434,234,200,137,93,44,6,3,3,11,3,8,153,82,71
RUSK COUNTY,401,32 Years,733,417,316,437,229,208,120,80,40,5,3,2,10,4,6,161,101,60
RUSK COUNTY,401,33 Years,750,434,316,450,245,205,125,82,43,2,1,1,14,6,8,159,100,59
RUSK COUNTY,401,34 Years,704,399,305,419,220,199,125,80,45,2,1,1,11,6,5,147,92,55
RUSK COUNTY,401,35 Years,695,373,322,421,214,207,143,79,64,3,1,2,9,5,4,119,74,45
RUSK COUNTY,401,36 Years,735,392,343,448,220,228,136,86,50,5,2,3,7,1,6,139,83,56
RUSK COUNTY,401,37 Years,742,392,350,458,220,238,130,85,45,4,3,1,10,6,4,140,78,62
RUSK COUNTY,401,38 Years,730,394,336,442,232,210,125,71,54,3,2,1,12,4,8,148,85,63
RUSK COUNTY,401,39 Years,701,382,319,441,227,214,121,78,43,3,1,2,7,1,6,129,75,54
RUSK COUNTY,401,40 Years,683,386,297,418,228,190,121,74,47,3,2,1,11,3,8,130,79,51
RUSK COUNTY,401,41 Years,650,372,278,408,226,182,112,67,45,4,2,2,10,2,8,116,75,41
RUSK COUNTY,401,42 Years,675,374,301,403,213,190,127,70,57,3,1,2,10,4,6,132,86,46
RUSK COUNTY,401,43 Years,687,379,308,416,217,199,121,70,51,3,2,1,10,6,4,137,84,53
RUSK COUNTY,401,44 Years,654,375,279,393,226,167,116,67,49,3,1,2,8,3,5,134,78,56
RUSK COUNTY,401,45 Years,622,359,263,374,217,157,108,64,44,3,1,2,12,5,7,125,72,53
RUSK COUNTY,401,46 Years,648,378,270,395,236,159,118,68,50,5,2,3,10,5,5,120,67,53
RUSK COUNTY,401,47 Years,710,395,315,449,248,201,128,67,61,6,4,2,8,4,4,119,72,47
RUSK COUNTY,401,48 Years,728,399,329,476,248,228,120,76,44,4,2,2,12,6,6,116,67,49
RUSK COUNTY,401,49 Years,661,368,293,442,237,205,100,60,40,6,4,2,11,4,7,102,63,39
RUSK COUNTY,401,50 Years,634,345,289,400,204,196,122,68,54,2,1,1,8,2,6,102,70,32
RUSK COUNTY,401,51 Years,650,350,300,411,208,203,120,69,51,2,2,0,7,3,4,110,68,42
RUSK COUNTY,401,52 Years,642,343,299,414,216,198,127,67,60,2,1,1,9,5,4,90,54,36
RUSK COUNTY,401,53 Years,678,364,314,444,237,207,138,66,72,1,1,0,12,5,7,83,55,28
RUSK COUNTY,401,54 Years,709,383,326,494,258,236,133,71,62,2,2,0,7,4,3,73,48,25
RUSK COUNTY,401,55 Years,689,360,329,469,237,232,135,68,67,6,2,4,2,1,1,77,52,25
RUSK COUNTY,401,56 Years,693,332,361,486,221,265,123,61,62,6,3,3,4,4,0,74,43,31
RUSK COUNTY,401,57 Years,719,342,377,532,252,280,112,48,64,4,2,2,4,0,4,67,40,27
RUSK COUNTY,401,58 Years,767,370,397,542,258,284,129,63,66,6,3,3,8,2,6,82,44,38
RUSK COUNTY,401,59 Years,709,371,338,498,255,243,126,70,56,3,1,2,10,4,6,72,41,31
RUSK COUNTY,401,60 Years,700,367,333,517,270,247,113,64,49,5,2,3,7,3,4,58,28,30
RUSK COUNTY,401,61 Years,710,357,353,513,259,254,122,59,63,4,1,3,7,4,3,64,34,30
RUSK COUNTY,401,62 Years,690,331,359,510,247,263,115,53,62,2,1,1,9,3,6,54,27,27
RUSK COUNTY,401,63 Years,677,347,330,502,257,245,119,61,58,2,0,2,7,2,5,47,27,20
RUSK COUNTY,401,64 Years,657,331,326,492,242,250,108,49,59,3,3,0,8,6,2,46,31,15
RUSK COUNTY,401,65 Years,672,322,350,518,247,271,100,48,52,1,0,1,8,2,6,45,25,20
RUSK COUNTY,401,66 Years,611,288,323,474,229,245,94,39,55,3,1,2,7,2,5,33,17,16
RUSK COUNTY,401,67 Years,547,267,280,430,210,220,78,38,40,2,1,1,7,3,4,30,15,15
RUSK COUNTY,401,68 Years,543,271,272,411,201,210,94,46,48,2,0,2,7,4,3,29,20,9
RUSK COUNTY,401,69 Years,542,269,273,422,213,209,88,40,48,1,0,1,7,4,3,24,12,12
RUSK COUNTY,401,70 Years,555,276,279,439,222,217,76,33,43,1,1,0,8,6,2,31,14,17
RUSK COUNTY,401,71 Years,556,261,295,444,209,235,78,35,43,1,0,1,7,3,4,26,14,12
RUSK COUNTY,401,72 Years,458,208,250,361,165,196,72,28,44,2,1,1,5,4,1,18,10,8
RUSK COUNTY,401,73 Years,446,212,234,368,179,189,51,20,31,1,0,1,5,2,3,21,11,10
RUSK COUNTY,401,74 Years,406,194,212,325,154,171,54,25,29,0,0,0,5,2,3,22,13,9
RUSK COUNTY,401,75 Years,390,186,204,311,144,167,56,28,28,1,0,1,6,4,2,16,10,6
RUSK COUNTY,401,76 Years,348,151,197,285,124,161,47,21,26,1,0,1,6,3,3,9,3,6
RUSK COUNTY,401,77 Years,326,142,184,280,120,160,36,18,18,0,0,0,3,2,1,7,2,5
RUSK COUNTY,401,78 Years,322,154,168,267,122,145,35,21,14,1,0,1,4,3,1,15,8,7
RUSK COUNTY,401,79 Years,272,124,148,227,101,126,30,15,15,0,0,0,4,3,1,11,5,6
RUSK COUNTY,401,80 Years,261,121,140,216,98,118,31,15,16,0,0,0,6,3,3,8,5,3
RUSK COUNTY,401,81 Years,225,91,134,179,75,104,31,11,20,0,0,0,5,2,3,10,3,7
RUSK COUNTY,401,82 Years,221,100,121,178,77,101,27,13,14,1,1,0,3,2,1,12,7,5
RUSK COUNTY,401,83 Years,211,95,116,171,77,94,30,13,17,0,0,0,2,2,0,8,3,5
RUSK COUNTY,401,84 Years,175,75,100,144,64,80,20,6,14,2,0,2,3,2,1,6,3,3
RUSK COUNTY,401,85 Years,168,73,95,130,57,73,26,10,16,1,0,1,3,1,2,8,5,3
RUSK COUNTY,401,86 Years,146,60,86,117,50,67,24,8,16,0,0,0,1,1,0,4,1,3
RUSK COUNTY,401,87 Years,141,48,93,108,41,67,26,5,21,1,0,1,3,1,2,3,1,2
RUSK COUNTY,401,88 Years,128,48,80,106,41,65,16,4,12,0,0,0,3,1,2,3,2,1
RUSK COUNTY,401,89 Years,103,41,62,88,34,54,10,5,5,1,0,1,1,0,1,3,2,1
RUSK COUNTY,401,90 Years,86,35,51,72,28,44,9,4,5,0,0,0,1,0,1,4,3,1
RUSK COUNTY,401,91 Years,75,30,45,60,25,35,12,4,8,0,0,0,1,0,1,2,1,1
RUSK COUNTY,401,92 Years,59,22,37,50,19,31,7,2,5,0,0,0,0,0,0,2,1,1
RUSK COUNTY,401,93 Years,55,18,37,41,13,28,9,2,7,1,1,0,1,1,0,3,1,2
RUSK COUNTY,401,94 Years,42,14,28,32,10,22,6,2,4,0,0,0,1,0,1,3,2,1
RUSK COUNTY,401,95 Years +,97,29,68,68,20,48,21,6,15,0,0,0,3,1,2,5,2,3
SABINE COUNTY,403,All Ages,11038,5434,5604,9241,4523,4718,856,451,405,42,16,26,385,185,200,514,259,255
SABINE COUNTY,403,< 1 Year,117,62,55,65,32,33,7,5,2,2,1,1,34,18,16,9,6,3
SABINE COUNTY,403,1 Years,119,57,62,68,35,33,8,5,3,1,0,1,28,11,17,14,6,8
SABINE COUNTY,403,2 Years,120,60,60,66,35,31,8,5,3,1,0,1,28,10,18,17,10,7
SABINE COUNTY,403,3 Years,113,60,53,66,38,28,8,4,4,1,0,1,17,5,12,21,13,8
SABINE COUNTY,403,4 Years,109,63,46,62,36,26,7,5,2,0,0,0,17,11,6,23,11,12
SABINE COUNTY,403,5 Years,98,54,44,53,31,22,7,4,3,1,1,0,19,10,9,18,8,10
SABINE COUNTY,403,6 Years,101,52,49,56,33,23,8,4,4,0,0,0,19,10,9,18,5,13
SABINE COUNTY,403,7 Years,99,48,51,62,34,28,9,4,5,0,0,0,11,4,7,17,6,11
SABINE COUNTY,403,8 Years,103,41,62,73,28,45,8,3,5,0,0,0,7,4,3,15,6,9
SABINE COUNTY,403,9 Years,108,51,57,82,37,45,9,4,5,0,0,0,7,4,3,10,6,4
SABINE COUNTY,403,10 Years,118,56,62,91,44,47,10,4,6,1,0,1,7,4,3,9,4,5
SABINE COUNTY,403,11 Years,128,67,61,102,56,46,11,5,6,1,0,1,4,2,2,10,4,6
SABINE COUNTY,403,12 Years,137,68,69,102,47,55,18,13,5,1,0,1,4,2,2,12,6,6
SABINE COUNTY,403,13 Years,124,68,56,94,50,44,12,8,4,1,0,1,5,3,2,12,7,5
SABINE COUNTY,403,14 Years,106,54,52,87,44,43,6,3,3,0,0,0,5,3,2,8,4,4
SABINE COUNTY,403,15 Years,107,54,53,87,44,43,8,5,3,0,0,0,5,3,2,7,2,5
SABINE COUNTY,403,16 Years,109,57,52,89,49,40,8,4,4,0,0,0,4,1,3,8,3,5
SABINE COUNTY,403,17 Years,113,57,56,90,49,41,11,4,7,0,0,0,3,0,3,9,4,5
SABINE COUNTY,403,18 Years,112,64,48,88,51,37,10,5,5,0,0,0,5,2,3,9,6,3
SABINE COUNTY,403,19 Years,98,48,50,77,38,39,8,3,5,0,0,0,8,4,4,5,3,2
SABINE COUNTY,403,20 Years,83,42,41,64,30,34,10,5,5,0,0,0,5,4,1,4,3,1
SABINE COUNTY,403,21 Years,86,40,46,66,30,36,11,5,6,1,1,0,2,2,0,6,2,4
SABINE COUNTY,403,22 Years,91,45,46,75,38,37,8,3,5,0,0,0,6,3,3,2,1,1
SABINE COUNTY,403,23 Years,99,48,51,81,39,42,9,5,4,0,0,0,6,3,3,3,1,2
SABINE COUNTY,403,24 Years,112,58,54,91,45,46,11,8,3,0,0,0,3,2,1,7,3,4
SABINE COUNTY,403,25 Years,112,59,53,91,46,45,15,10,5,1,1,0,2,1,1,3,1,2
SABINE COUNTY,403,26 Years,113,62,51,93,50,43,14,8,6,1,1,0,1,0,1,4,3,1
SABINE COUNTY,403,27 Years,99,51,48,82,44,38,9,2,7,1,1,0,3,2,1,4,2,2
SABINE COUNTY,403,28 Years,101,47,54,85,41,44,9,3,6,0,0,0,3,2,1,4,1,3
SABINE COUNTY,403,29 Years,105,50,55,87,43,44,11,4,7,0,0,0,1,1,0,6,2,4
SABINE COUNTY,403,30 Years,100,47,53,84,40,44,10,6,4,0,0,0,1,0,1,5,1,4
SABINE COUNTY,403,31 Years,103,49,54,84,38,46,7,5,2,0,0,0,3,2,1,9,4,5
SABINE COUNTY,403,32 Years,103,59,44,88,48,40,6,5,1,0,0,0,3,2,1,6,4,2
SABINE COUNTY,403,33 Years,88,45,43,74,33,41,8,7,1,0,0,0,1,1,0,5,4,1
SABINE COUNTY,403,34 Years,84,44,40,76,38,38,4,3,1,0,0,0,1,1,0,3,2,1
SABINE COUNTY,403,35 Years,90,47,43,76,40,36,8,3,5,1,1,0,0,0,0,5,3,2
SABINE COUNTY,403,36 Years,90,46,44,74,33,41,5,3,2,1,1,0,0,0,0,10,9,1
SABINE COUNTY,403,37 Years,91,35,56,72,24,48,11,6,5,0,0,0,1,1,0,7,4,3
SABINE COUNTY,403,38 Years,99,36,63,83,31,52,10,3,7,0,0,0,1,0,1,5,2,3
SABINE COUNTY,403,39 Years,98,40,58,86,36,50,7,3,4,0,0,0,2,0,2,3,1,2
SABINE COUNTY,403,40 Years,98,53,45,84,43,41,9,6,3,1,1,0,1,1,0,3,2,1
SABINE COUNTY,403,41 Years,95,49,46,82,40,42,9,6,3,0,0,0,1,0,1,3,3,0
SABINE COUNTY,403,42 Years,87,47,40,77,41,36,5,4,1,1,0,1,0,0,0,4,2,2
SABINE COUNTY,403,43 Years,83,45,38,72,39,33,4,2,2,1,1,0,1,1,0,5,2,3
SABINE COUNTY,403,44 Years,96,47,49,81,36,45,8,6,2,0,0,0,3,2,1,4,3,1
SABINE COUNTY,403,45 Years,97,46,51,79,39,40,12,5,7,0,0,0,1,0,1,5,2,3
SABINE COUNTY,403,46 Years,107,48,59,92,41,51,10,5,5,1,0,1,0,0,0,4,2,2
SABINE COUNTY,403,47 Years,101,49,52,91,44,47,6,3,3,1,0,1,0,0,0,3,2,1
SABINE COUNTY,403,48 Years,125,61,64,107,54,53,9,2,7,1,1,0,3,2,1,5,2,3
SABINE COUNTY,403,49 Years,127,52,75,110,46,64,9,4,5,1,0,1,2,1,1,5,1,4
SABINE COUNTY,403,50 Years,133,59,74,112,52,60,15,4,11,1,0,1,1,1,0,4,2,2
SABINE COUNTY,403,51 Years,121,50,71,93,35,58,21,10,11,2,1,1,1,1,0,4,3,1
SABINE COUNTY,403,52 Years,118,65,53,99,53,46,12,6,6,0,0,0,2,1,1,5,5,0
SABINE COUNTY,403,53 Years,152,78,74,127,65,62,17,8,9,0,0,0,3,2,1,5,3,2
SABINE COUNTY,403,54 Years,150,83,67,132,75,57,11,5,6,2,0,2,2,1,1,3,2,1
SABINE COUNTY,403,55 Years,142,64,78,125,56,69,10,5,5,1,0,1,2,0,2,4,3,1
SABINE COUNTY,403,56 Years,185,97,88,169,87,82,10,6,4,0,0,0,2,1,1,4,3,1
SABINE COUNTY,403,57 Years,190,101,89,172,91,81,12,7,5,1,0,1,2,1,1,3,2,1
SABINE COUNTY,403,58 Years,185,102,83,168,90,78,12,9,3,1,0,1,2,1,1,2,2,0
SABINE COUNTY,403,59 Years,187,98,89,168,87,81,12,8,4,1,0,1,3,1,2,3,2,1
SABINE COUNTY,403,60 Years,187,89,98,163,77,86,17,10,7,0,0,0,4,2,2,3,0,3
SABINE COUNTY,403,61 Years,196,102,94,176,90,86,16,11,5,0,0,0,3,1,2,1,0,1
SABINE COUNTY,403,62 Years,221,117,104,199,104,95,15,9,6,0,0,0,3,2,1,4,2,2
SABINE COUNTY,403,63 Years,181,94,87,164,82,82,12,8,4,0,0,0,3,2,1,2,2,0
SABINE COUNTY,403,64 Years,183,90,93,171,84,87,9,4,5,1,0,1,2,2,0,0,0,0
SABINE COUNTY,403,65 Years,182,86,96,172,80,92,9,5,4,0,0,0,1,1,0,0,0,0
SABINE COUNTY,403,66 Years,177,84,93,164,77,87,11,6,5,0,0,0,0,0,0,2,1,1
SABINE COUNTY,403,67 Years,176,87,89,157,78,79,9,6,3,0,0,0,2,0,2,8,3,5
SABINE COUNTY,403,68 Years,186,85,101,165,74,91,10,7,3,0,0,0,5,2,3,6,2,4
SABINE COUNTY,403,69 Years,177,88,89,156,79,77,11,7,4,0,0,0,3,0,3,7,2,5
SABINE COUNTY,403,70 Years,188,82,106,169,73,96,10,5,5,0,0,0,4,1,3,5,3,2
SABINE COUNTY,403,71 Years,198,98,100,184,89,95,9,6,3,0,0,0,4,2,2,1,1,0
SABINE COUNTY,403,72 Years,184,90,94,164,77,87,13,7,6,0,0,0,6,5,1,1,1,0
SABINE COUNTY,403,73 Years,167,77,90,151,71,80,9,4,5,1,0,1,3,1,2,3,1,2
SABINE COUNTY,403,74 Years,180,85,95,169,81,88,4,2,2,0,0,0,5,1,4,2,1,1
SABINE COUNTY,403,75 Years,163,83,80,148,75,73,9,6,3,1,0,1,2,0,2,3,2,1
SABINE COUNTY,403,76 Years,136,74,62,123,68,55,7,3,4,0,0,0,2,0,2,4,3,1
SABINE COUNTY,403,77 Years,134,71,63,122,65,57,6,3,3,0,0,0,3,1,2,3,2,1
SABINE COUNTY,403,78 Years,126,68,58,110,60,50,6,3,3,1,0,1,4,2,2,5,3,2
SABINE COUNTY,403,79 Years,104,52,52,93,46,47,7,3,4,0,0,0,3,2,1,1,1,0
SABINE COUNTY,403,80 Years,97,46,51,86,39,47,8,5,3,0,0,0,2,1,1,1,1,0
SABINE COUNTY,403,81 Years,86,38,48,76,32,44,8,4,4,1,1,0,0,0,0,1,1,0
SABINE COUNTY,403,82 Years,89,37,52,78,33,45,8,3,5,0,0,0,0,0,0,3,1,2
SABINE COUNTY,403,83 Years,82,36,46,70,30,40,5,3,2,2,1,1,1,1,0,4,1,3
SABINE COUNTY,403,84 Years,66,30,36,61,28,33,2,0,2,1,0,1,1,1,0,1,1,0
SABINE COUNTY,403,85 Years,62,28,34,56,26,30,4,2,2,0,0,0,1,0,1,1,0,1
SABINE COUNTY,403,86 Years,47,23,24,43,21,22,4,2,2,0,0,0,0,0,0,0,0,0
SABINE COUNTY,403,87 Years,44,17,27,39,17,22,3,0,3,0,0,0,0,0,0,2,0,2
SABINE COUNTY,403,88 Years,49,19,30,42,15,27,5,3,2,1,1,0,0,0,0,1,0,1
SABINE COUNTY,403,89 Years,47,16,31,38,13,25,4,1,3,1,1,0,1,0,1,3,1,2
SABINE COUNTY,403,90 Years,36,15,21,28,11,17,6,3,3,0,0,0,1,0,1,1,1,0
SABINE COUNTY,403,91 Years,31,12,19,24,10,14,5,1,4,0,0,0,1,0,1,1,1,0
SABINE COUNTY,403,92 Years,26,8,18,21,8,13,3,0,3,0,0,0,1,0,1,1,0,1
SABINE COUNTY,403,93 Years,21,6,15,16,5,11,4,1,3,0,0,0,0,0,0,1,0,1
SABINE COUNTY,403,94 Years,15,6,9,11,5,6,4,1,3,0,0,0,0,0,0,0,0,0
SABINE COUNTY,403,95 Years +,29,10,19,20,8,12,7,2,5,0,0,0,0,0,0,2,0,2
SAN AUGUSTINE COUNTY,405,All Ages,8562,4119,4443,5771,2771,3000,1995,936,1059,23,6,17,113,59,54,660,347,313
SAN AUGUSTINE COUNTY,405,< 1 Year,88,42,46,55,29,26,18,6,12,0,0,0,4,2,2,11,5,6
SAN AUGUSTINE COUNTY,405,1 Years,91,47,44,57,31,26,20,9,11,0,0,0,2,1,1,12,6,6
SAN AUGUSTINE COUNTY,405,2 Years,90,45,45,57,29,28,20,9,11,0,0,0,2,1,1,11,6,5
SAN AUGUSTINE COUNTY,405,3 Years,95,48,47,59,28,31,21,10,11,0,0,0,3,2,1,12,8,4
SAN AUGUSTINE COUNTY,405,4 Years,98,45,53,59,25,34,23,12,11,0,0,0,0,0,0,16,8,8
SAN AUGUSTINE COUNTY,405,5 Years,115,53,62,65,24,41,29,15,14,0,0,0,0,0,0,21,14,7
SAN AUGUSTINE COUNTY,405,6 Years,123,60,63,65,25,40,30,15,15,0,0,0,0,0,0,28,20,8
SAN AUGUSTINE COUNTY,405,7 Years,121,55,66,60,22,38,32,13,19,0,0,0,0,0,0,29,20,9
SAN AUGUSTINE COUNTY,405,8 Years,74,35,39,39,21,18,22,11,11,0,0,0,1,0,1,12,3,9
SAN AUGUSTINE COUNTY,405,9 Years,83,39,44,44,23,21,26,11,15,0,0,0,1,1,0,12,4,8
SAN AUGUSTINE COUNTY,405,10 Years,86,40,46,47,19,28,24,13,11,0,0,0,1,1,0,14,7,7
SAN AUGUSTINE COUNTY,405,11 Years,87,44,43,48,24,24,22,12,10,1,0,1,2,2,0,14,6,8
SAN AUGUSTINE COUNTY,405,12 Years,83,41,42,44,23,21,20,9,11,0,0,0,2,1,1,17,8,9
SAN AUGUSTINE COUNTY,405,13 Years,82,41,41,43,22,21,23,12,11,0,0,0,3,2,1,13,5,8
SAN AUGUSTINE COUNTY,405,14 Years,79,44,35,42,25,17,22,11,11,1,1,0,3,3,0,11,4,7
SAN AUGUSTINE COUNTY,405,15 Years,83,38,45,48,25,23,19,7,12,0,0,0,4,2,2,12,4,8
SAN AUGUSTINE COUNTY,405,16 Years,79,41,38,46,28,18,23,9,14,0,0,0,1,0,1,9,4,5
SAN AUGUSTINE COUNTY,405,17 Years,84,42,42,46,26,20,22,10,12,1,0,1,1,0,1,14,6,8
SAN AUGUSTINE COUNTY,405,18 Years,75,39,36,43,23,20,18,11,7,1,0,1,1,0,1,12,5,7
SAN AUGUSTINE COUNTY,405,19 Years,81,38,43,50,24,26,18,9,9,0,0,0,2,1,1,11,4,7
SAN AUGUSTINE COUNTY,405,20 Years,75,36,39,42,21,21,21,10,11,1,0,1,1,1,0,10,4,6
SAN AUGUSTINE COUNTY,405,21 Years,70,32,38,39,18,21,22,12,10,0,0,0,2,0,2,7,2,5
SAN AUGUSTINE COUNTY,405,22 Years,72,36,36,38,19,19,21,10,11,0,0,0,1,1,0,12,6,6
SAN AUGUSTINE COUNTY,405,23 Years,88,44,44,54,26,28,22,11,11,2,1,1,1,1,0,9,5,4
SAN AUGUSTINE COUNTY,405,24 Years,83,36,47,53,23,30,21,10,11,1,1,0,1,0,1,7,2,5
SAN AUGUSTINE COUNTY,405,25 Years,97,43,54,60,28,32,23,11,12,2,1,1,5,1,4,7,2,5
SAN AUGUSTINE COUNTY,405,26 Years,96,44,52,58,29,29,23,12,11,1,0,1,4,1,3,10,2,8
SAN AUGUSTINE COUNTY,405,27 Years,99,52,47,65,34,31,26,15,11,0,0,0,1,0,1,7,3,4
SAN AUGUSTINE COUNTY,405,28 Years,96,52,44,55,30,25,33,17,16,1,1,0,1,0,1,6,4,2
SAN AUGUSTINE COUNTY,405,29 Years,90,48,42,57,28,29,25,15,10,0,0,0,2,0,2,6,5,1
SAN AUGUSTINE COUNTY,405,30 Years,102,49,53,68,29,39,29,16,13,0,0,0,1,0,1,4,4,0
SAN AUGUSTINE COUNTY,405,31 Years,88,43,45,51,25,26,29,13,16,0,0,0,1,1,0,7,4,3
SAN AUGUSTINE COUNTY,405,32 Years,97,47,50,59,25,34,24,12,12,0,0,0,3,2,1,11,8,3
SAN AUGUSTINE COUNTY,405,33 Years,87,44,43,49,23,26,23,13,10,0,0,0,1,0,1,14,8,6
SAN AUGUSTINE COUNTY,405,34 Years,71,38,33,40,21,19,20,10,10,0,0,0,0,0,0,11,7,4
SAN AUGUSTINE COUNTY,405,35 Years,75,35,40,45,19,26,16,8,8,0,0,0,2,1,1,12,7,5
SAN AUGUSTINE COUNTY,405,36 Years,74,29,45,40,16,24,26,9,17,0,0,0,2,1,1,6,3,3
SAN AUGUSTINE COUNTY,405,37 Years,63,24,39,37,15,22,18,7,11,1,0,1,0,0,0,7,2,5
SAN AUGUSTINE COUNTY,405,38 Years,78,34,44,44,18,26,21,11,10,0,0,0,0,0,0,13,5,8
SAN AUGUSTINE COUNTY,405,39 Years,81,38,43,51,24,27,21,8,13,0,0,0,0,0,0,9,6,3
SAN AUGUSTINE COUNTY,405,40 Years,88,39,49,54,23,31,19,8,11,0,0,0,2,2,0,13,6,7
SAN AUGUSTINE COUNTY,405,41 Years,71,37,34,37,18,19,23,12,11,0,0,0,2,2,0,9,5,4
SAN AUGUSTINE COUNTY,405,42 Years,77,38,39,48,26,22,23,9,14,0,0,0,1,1,0,5,2,3
SAN AUGUSTINE COUNTY,405,43 Years,74,40,34,48,22,26,16,12,4,0,0,0,1,1,0,9,5,4
SAN AUGUSTINE COUNTY,405,44 Years,78,39,39,60,29,31,11,6,5,0,0,0,0,0,0,7,4,3
SAN AUGUSTINE COUNTY,405,45 Years,92,43,49,72,30,42,14,9,5,1,0,1,0,0,0,5,4,1
SAN AUGUSTINE COUNTY,405,46 Years,97,49,48,73,38,35,18,7,11,1,0,1,2,1,1,3,3,0
SAN AUGUSTINE COUNTY,405,47 Years,103,45,58,76,35,41,20,7,13,0,0,0,1,0,1,6,3,3
SAN AUGUSTINE COUNTY,405,48 Years,98,39,59,69,28,41,23,8,15,0,0,0,1,0,1,5,3,2
SAN AUGUSTINE COUNTY,405,49 Years,87,40,47,57,24,33,26,13,13,1,1,0,0,0,0,3,2,1
SAN AUGUSTINE COUNTY,405,50 Years,94,49,45,57,25,32,27,16,11,0,0,0,2,2,0,8,6,2
SAN AUGUSTINE COUNTY,405,51 Years,106,53,53,68,36,32,28,11,17,1,0,1,3,3,0,6,3,3
SAN AUGUSTINE COUNTY,405,52 Years,111,63,48,69,41,28,32,15,17,2,0,2,1,1,0,7,6,1
SAN AUGUSTINE COUNTY,405,53 Years,119,50,69,80,33,47,29,12,17,1,0,1,3,2,1,6,3,3
SAN AUGUSTINE COUNTY,405,54 Years,116,55,61,80,41,39,28,10,18,0,0,0,1,1,0,7,3,4
SAN AUGUSTINE COUNTY,405,55 Years,138,69,69,95,50,45,36,15,21,0,0,0,2,1,1,5,3,2
SAN AUGUSTINE COUNTY,405,56 Years,122,54,68,82,37,45,32,13,19,1,0,1,1,1,0,6,3,3
SAN AUGUSTINE COUNTY,405,57 Years,140,67,73,105,49,56,26,14,12,0,0,0,1,0,1,8,4,4
SAN AUGUSTINE COUNTY,405,58 Years,131,72,59,99,55,44,27,13,14,0,0,0,1,1,0,4,3,1
SAN AUGUSTINE COUNTY,405,59 Years,145,81,64,104,57,47,33,20,13,0,0,0,2,1,1,6,3,3
SAN AUGUSTINE COUNTY,405,60 Years,151,86,65,106,65,41,37,18,19,1,0,1,2,1,1,5,2,3
SAN AUGUSTINE COUNTY,405,61 Years,144,61,83,112,46,66,29,14,15,0,0,0,1,0,1,2,1,1
SAN AUGUSTINE COUNTY,405,62 Years,121,58,63,89,43,46,31,15,16,0,0,0,0,0,0,1,0,1
SAN AUGUSTINE COUNTY,405,63 Years,116,59,57,87,46,41,24,9,15,0,0,0,0,0,0,5,4,1
SAN AUGUSTINE COUNTY,405,64 Years,119,61,58,89,47,42,21,10,11,1,0,1,0,0,0,8,4,4
SAN AUGUSTINE COUNTY,405,65 Years,135,68,67,100,51,49,30,15,15,0,0,0,2,1,1,3,1,2
SAN AUGUSTINE COUNTY,405,66 Years,140,64,76,104,48,56,32,15,17,0,0,0,2,1,1,2,0,2
SAN AUGUSTINE COUNTY,405,67 Years,130,67,63,102,51,51,22,13,9,0,0,0,2,0,2,4,3,1
SAN AUGUSTINE COUNTY,405,68 Years,133,74,59,104,57,47,22,14,8,0,0,0,2,0,2,5,3,2
SAN AUGUSTINE COUNTY,405,69 Years,122,55,67,97,44,53,23,10,13,0,0,0,0,0,0,2,1,1
SAN AUGUSTINE COUNTY,405,70 Years,123,64,59,95,52,43,26,11,15,0,0,0,0,0,0,2,1,1
SAN AUGUSTINE COUNTY,405,71 Years,147,67,80,117,52,65,26,12,14,0,0,0,2,1,1,2,2,0
SAN AUGUSTINE COUNTY,405,72 Years,113,55,58,91,46,45,20,8,12,0,0,0,1,0,1,1,1,0
SAN AUGUSTINE COUNTY,405,73 Years,108,55,53,88,46,42,18,8,10,0,0,0,1,0,1,1,1,0
SAN AUGUSTINE COUNTY,405,74 Years,107,47,60,88,39,49,17,6,11,0,0,0,0,0,0,2,2,0
SAN AUGUSTINE COUNTY,405,75 Years,113,54,59,95,44,51,16,8,8,0,0,0,0,0,0,2,2,0
SAN AUGUSTINE COUNTY,405,76 Years,92,48,44,75,41,34,16,6,10,0,0,0,0,0,0,1,1,0
SAN AUGUSTINE COUNTY,405,77 Years,82,36,46,64,30,34,14,5,9,0,0,0,1,0,1,3,1,2
SAN AUGUSTINE COUNTY,405,78 Years,85,39,46,66,32,34,17,6,11,0,0,0,0,0,0,2,1,1
SAN AUGUSTINE COUNTY,405,79 Years,81,37,44,64,30,34,15,6,9,0,0,0,1,0,1,1,1,0
SAN AUGUSTINE COUNTY,405,80 Years,69,32,37,57,25,32,9,5,4,0,0,0,3,2,1,0,0,0
SAN AUGUSTINE COUNTY,405,81 Years,53,29,24,43,23,20,9,5,4,0,0,0,1,1,0,0,0,0
SAN AUGUSTINE COUNTY,405,82 Years,64,30,34,50,25,25,14,5,9,0,0,0,0,0,0,0,0,0
SAN AUGUSTINE COUNTY,405,83 Years,58,24,34,49,19,30,7,3,4,0,0,0,0,0,0,2,2,0
SAN AUGUSTINE COUNTY,405,84 Years,52,19,33,40,15,25,11,4,7,0,0,0,0,0,0,1,0,1
SAN AUGUSTINE COUNTY,405,85 Years,47,19,28,36,14,22,10,5,5,0,0,0,0,0,0,1,0,1
SAN AUGUSTINE COUNTY,405,86 Years,42,16,26,31,11,20,10,4,6,0,0,0,0,0,0,1,1,0
SAN AUGUSTINE COUNTY,405,87 Years,42,16,26,32,13,19,9,3,6,0,0,0,0,0,0,1,0,1
SAN AUGUSTINE COUNTY,405,88 Years,40,18,22,29,13,16,9,4,5,0,0,0,1,1,0,1,0,1
SAN AUGUSTINE COUNTY,405,89 Years,32,12,20,25,9,16,7,3,4,0,0,0,0,0,0,0,0,0
SAN AUGUSTINE COUNTY,405,90 Years,32,11,21,24,7,17,7,3,4,0,0,0,1,1,0,0,0,0
SAN AUGUSTINE COUNTY,405,91 Years,23,8,15,17,6,11,5,1,4,0,0,0,1,1,0,0,0,0
SAN AUGUSTINE COUNTY,405,92 Years,18,7,11,14,6,8,4,1,3,0,0,0,0,0,0,0,0,0
SAN AUGUSTINE COUNTY,405,93 Years,16,6,10,10,4,6,5,2,3,0,0,0,0,0,0,1,0,1
SAN AUGUSTINE COUNTY,405,94 Years,14,7,7,9,4,5,4,2,2,0,0,0,0,0,0,1,1,0
SAN AUGUSTINE COUNTY,405,95 Years +,32,7,25,17,3,14,12,3,9,0,0,0,0,0,0,3,1,2
SAN JACINTO COUNTY,407,All Ages,29190,14633,14557,21407,10735,10672,2866,1439,1427,138,67,71,609,319,290,4170,2073,2097
SAN JACINTO COUNTY,407,< 1 Year,356,193,163,232,120,112,23,12,11,0,0,0,11,7,4,90,54,36
SAN JACINTO COUNTY,407,1 Years,358,190,168,231,118,113,25,15,10,1,0,1,10,6,4,91,51,40
SAN JACINTO COUNTY,407,2 Years,359,190,169,230,118,112,27,16,11,2,1,1,6,5,1,94,50,44
SAN JACINTO COUNTY,407,3 Years,357,179,178,226,117,109,27,17,10,3,0,3,9,3,6,92,42,50
SAN JACINTO COUNTY,407,4 Years,352,178,174,225,115,110,30,18,12,1,0,1,10,4,6,86,41,45
SAN JACINTO COUNTY,407,5 Years,350,179,171,215,115,100,31,16,15,3,1,2,14,5,9,87,42,45
SAN JACINTO COUNTY,407,6 Years,347,188,159,216,122,94,33,16,17,2,1,1,12,6,6,84,43,41
SAN JACINTO COUNTY,407,7 Years,355,192,163,224,130,94,30,13,17,2,1,1,12,6,6,87,42,45
SAN JACINTO COUNTY,407,8 Years,414,220,194,267,133,134,33,24,9,3,3,0,7,6,1,104,54,50
SAN JACINTO COUNTY,407,9 Years,319,172,147,207,115,92,32,20,12,1,1,0,12,6,6,67,30,37
SAN JACINTO COUNTY,407,10 Years,353,200,153,225,125,100,32,23,9,1,0,1,9,4,5,86,48,38
SAN JACINTO COUNTY,407,11 Years,364,199,165,235,126,109,31,21,10,5,3,2,9,5,4,84,44,40
SAN JACINTO COUNTY,407,12 Years,353,186,167,223,117,106,34,18,16,1,1,0,13,11,2,82,39,43
SAN JACINTO COUNTY,407,13 Years,358,181,177,230,113,117,41,22,19,2,2,0,11,6,5,74,38,36
SAN JACINTO COUNTY,407,14 Years,359,184,175,230,118,112,34,18,16,4,3,1,10,4,6,81,41,40
SAN JACINTO COUNTY,407,15 Years,359,186,173,223,121,102,31,16,15,4,3,1,12,4,8,89,42,47
SAN JACINTO COUNTY,407,16 Years,357,178,179,217,113,104,31,17,14,2,1,1,14,6,8,93,41,52
SAN JACINTO COUNTY,407,17 Years,368,181,187,226,115,111,32,17,15,0,0,0,12,4,8,98,45,53
SAN JACINTO COUNTY,407,18 Years,346,183,163,216,119,97,34,15,19,0,0,0,6,4,2,90,45,45
SAN JACINTO COUNTY,407,19 Years,297,158,139,183,103,80,40,21,19,0,0,0,10,5,5,64,29,35
SAN JACINTO COUNTY,407,20 Years,317,182,135,181,109,72,38,25,13,0,0,0,11,6,5,87,42,45
SAN JACINTO COUNTY,407,21 Years,308,167,141,170,93,77,33,18,15,0,0,0,11,6,5,94,50,44
SAN JACINTO COUNTY,407,22 Years,335,161,174,192,88,104,48,29,19,3,2,1,8,4,4,84,38,46
SAN JACINTO COUNTY,407,23 Years,344,174,170,207,106,101,47,26,21,4,2,2,8,4,4,78,36,42
SAN JACINTO COUNTY,407,24 Years,339,168,171,214,111,103,39,16,23,3,1,2,8,6,2,75,34,41
SAN JACINTO COUNTY,407,25 Years,379,178,201,240,109,131,47,21,26,3,3,0,15,6,9,74,39,35
SAN JACINTO COUNTY,407,26 Years,373,176,197,259,117,142,44,27,17,2,1,1,10,5,5,58,26,32
SAN JACINTO COUNTY,407,27 Years,393,181,212,272,119,153,42,21,21,2,1,1,7,4,3,70,36,34
SAN JACINTO COUNTY,407,28 Years,375,169,206,254,108,146,36,17,19,2,0,2,10,6,4,73,38,35
SAN JACINTO COUNTY,407,29 Years,348,177,171,248,116,132,31,14,17,0,0,0,5,3,2,64,44,20
SAN JACINTO COUNTY,407,30 Years,349,183,166,236,120,116,31,16,15,4,2,2,2,2,0,76,43,33
SAN JACINTO COUNTY,407,31 Years,334,177,157,218,113,105,34,19,15,5,4,1,5,1,4,72,40,32
SAN JACINTO COUNTY,407,32 Years,278,146,132,206,108,98,34,17,17,1,1,0,1,0,1,36,20,16
SAN JACINTO COUNTY,407,33 Years,283,137,146,211,100,111,31,19,12,1,1,0,2,2,0,38,15,23
SAN JACINTO COUNTY,407,34 Years,311,153,158,233,113,120,26,16,10,1,1,0,5,4,1,46,19,27
SAN JACINTO COUNTY,407,35 Years,302,146,156,209,104,105,36,16,20,0,0,0,7,5,2,50,21,29
SAN JACINTO COUNTY,407,36 Years,284,131,153,205,92,113,27,15,12,0,0,0,5,4,1,47,20,27
SAN JACINTO COUNTY,407,37 Years,277,124,153,196,84,112,23,15,8,3,0,3,4,3,1,51,22,29
SAN JACINTO COUNTY,407,38 Years,297,149,148,219,109,110,27,12,15,3,1,2,6,5,1,42,22,20
SAN JACINTO COUNTY,407,39 Years,280,143,137,204,107,97,29,17,12,1,0,1,2,1,1,44,18,26
SAN JACINTO COUNTY,407,40 Years,291,134,157,218,95,123,33,18,15,1,0,1,3,3,0,36,18,18
SAN JACINTO COUNTY,407,41 Years,254,120,134,189,85,104,26,11,15,2,1,1,5,3,2,32,20,12
SAN JACINTO COUNTY,407,42 Years,283,142,141,202,105,97,23,11,12,1,1,0,1,0,1,56,25,31
SAN JACINTO COUNTY,407,43 Years,280,128,152,208,98,110,20,10,10,3,1,2,2,1,1,47,18,29
SAN JACINTO COUNTY,407,44 Years,298,136,162,224,104,120,26,13,13,1,0,1,3,1,2,44,18,26
SAN JACINTO COUNTY,407,45 Years,318,167,151,246,131,115,31,13,18,1,1,0,3,1,2,37,21,16
SAN JACINTO COUNTY,407,46 Years,344,168,176,264,135,129,28,10,18,1,1,0,2,2,0,49,20,29
SAN JACINTO COUNTY,407,47 Years,304,141,163,238,113,125,30,14,16,2,0,2,5,3,2,29,11,18
SAN JACINTO COUNTY,407,48 Years,340,162,178,256,129,127,38,15,23,4,1,3,3,3,0,39,14,25
SAN JACINTO COUNTY,407,49 Years,335,166,169,252,131,121,28,15,13,2,1,1,4,0,4,49,19,30
SAN JACINTO COUNTY,407,50 Years,306,156,150,226,118,108,30,13,17,2,1,1,6,2,4,42,22,20
SAN JACINTO COUNTY,407,51 Years,291,143,148,232,113,119,22,8,14,1,1,0,5,3,2,31,18,13
SAN JACINTO COUNTY,407,52 Years,339,173,166,273,140,133,31,13,18,4,2,2,4,2,2,27,16,11
SAN JACINTO COUNTY,407,53 Years,353,164,189,262,128,134,36,14,22,1,0,1,8,3,5,46,19,27
SAN JACINTO COUNTY,407,54 Years,394,198,196,301,151,150,43,19,24,1,0,1,9,4,5,40,24,16
SAN JACINTO COUNTY,407,55 Years,435,235,200,346,183,163,47,24,23,0,0,0,9,5,4,33,23,10
SAN JACINTO COUNTY,407,56 Years,435,230,205,348,188,160,40,18,22,0,0,0,16,8,8,31,16,15
SAN JACINTO COUNTY,407,57 Years,432,214,218,343,175,168,44,21,23,1,0,1,13,6,7,31,12,19
SAN JACINTO COUNTY,407,58 Years,479,251,228,388,201,187,51,26,25,0,0,0,13,9,4,27,15,12
SAN JACINTO COUNTY,407,59 Years,489,244,245,397,198,199,51,22,29,3,2,1,11,6,5,27,16,11
SAN JACINTO COUNTY,407,60 Years,468,234,234,380,194,186,49,23,26,1,1,0,9,3,6,29,13,16
SAN JACINTO COUNTY,407,61 Years,488,247,241,403,202,201,44,22,22,0,0,0,7,3,4,34,20,14
SAN JACINTO COUNTY,407,62 Years,471,243,228,395,206,189,40,20,20,0,0,0,8,3,5,28,14,14
SAN JACINTO COUNTY,407,63 Years,462,233,229,372,193,179,57,26,31,3,0,3,6,2,4,24,12,12
SAN JACINTO COUNTY,407,64 Years,410,204,206,329,160,169,50,26,24,1,0,1,7,4,3,23,14,9
SAN JACINTO COUNTY,407,65 Years,401,202,199,336,170,166,37,19,18,1,0,1,5,3,2,22,10,12
SAN JACINTO COUNTY,407,66 Years,401,186,215,329,154,175,36,19,17,2,1,1,7,2,5,27,10,17
SAN JACINTO COUNTY,407,67 Years,379,192,187,300,152,148,44,19,25,3,1,2,8,5,3,24,15,9
SAN JACINTO COUNTY,407,68 Years,406,203,203,334,168,166,43,20,23,3,1,2,10,5,5,16,9,7
SAN JACINTO COUNTY,407,69 Years,391,195,196,331,162,169,34,19,15,1,1,0,11,8,3,14,5,9
SAN JACINTO COUNTY,407,70 Years,366,184,182,313,157,156,32,15,17,2,1,1,6,4,2,13,7,6
SAN JACINTO COUNTY,407,71 Years,376,185,191,316,151,165,33,16,17,2,2,0,8,5,3,17,11,6
SAN JACINTO COUNTY,407,72 Years,315,149,166,259,120,139,28,15,13,1,1,0,9,4,5,18,9,9
SAN JACINTO COUNTY,407,73 Years,318,162,156,268,138,130,30,14,16,2,0,2,5,3,2,13,7,6
SAN JACINTO COUNTY,407,74 Years,306,152,154,259,133,126,29,13,16,3,1,2,2,0,2,13,5,8
SAN JACINTO COUNTY,407,75 Years,309,156,153,267,138,129,26,12,14,1,1,0,4,0,4,11,5,6
SAN JACINTO COUNTY,407,76 Years,293,142,151,256,123,133,23,11,12,1,1,0,3,2,1,10,5,5
SAN JACINTO COUNTY,407,77 Years,260,125,135,228,109,119,21,8,13,0,0,0,4,3,1,7,5,2
SAN JACINTO COUNTY,407,78 Years,239,118,121,208,101,107,20,9,11,0,0,0,3,2,1,8,6,2
SAN JACINTO COUNTY,407,79 Years,201,106,95,169,91,78,20,8,12,1,1,0,3,2,1,8,4,4
SAN JACINTO COUNTY,407,80 Years,174,86,88,147,73,74,17,7,10,0,0,0,2,1,1,8,5,3
SAN JACINTO COUNTY,407,81 Years,156,71,85,131,62,69,16,6,10,0,0,0,3,1,2,6,2,4
SAN JACINTO COUNTY,407,82 Years,155,70,85,131,60,71,14,6,8,1,0,1,3,1,2,6,3,3
SAN JACINTO COUNTY,407,83 Years,152,65,87,128,56,72,14,6,8,0,0,0,2,1,1,8,2,6
SAN JACINTO COUNTY,407,84 Years,126,62,64,105,51,54,13,6,7,0,0,0,1,1,0,7,4,3
SAN JACINTO COUNTY,407,85 Years,104,52,52,81,41,40,12,5,7,0,0,0,1,1,0,10,5,5
SAN JACINTO COUNTY,407,86 Years,92,42,50,74,35,39,9,4,5,2,0,2,1,0,1,6,3,3
SAN JACINTO COUNTY,407,87 Years,75,33,42,60,25,35,10,5,5,0,0,0,2,1,1,3,2,1
SAN JACINTO COUNTY,407,88 Years,59,27,32,48,23,25,8,3,5,0,0,0,0,0,0,3,1,2
SAN JACINTO COUNTY,407,89 Years,49,20,29,39,15,24,8,3,5,0,0,0,0,0,0,2,2,0
SAN JACINTO COUNTY,407,90 Years,53,21,32,40,13,27,7,4,3,0,0,0,0,0,0,6,4,2
SAN JACINTO COUNTY,407,91 Years,39,15,24,30,12,18,5,2,3,0,0,0,1,0,1,3,1,2
SAN JACINTO COUNTY,407,92 Years,28,11,17,20,8,12,5,2,3,0,0,0,1,0,1,2,1,1
SAN JACINTO COUNTY,407,93 Years,21,10,11,15,7,8,5,2,3,0,0,0,0,0,0,1,1,0
SAN JACINTO COUNTY,407,94 Years,19,6,13,14,4,10,5,2,3,0,0,0,0,0,0,0,0,0
SAN JACINTO COUNTY,407,95 Years +,41,13,28,24,8,16,10,3,7,1,0,1,1,0,1,5,2,3
SAN PATRICIO COUNTY,409,All Ages,65920,33159,32761,25318,12853,12465,926,506,420,516,232,284,933,428,505,38227,19140,19087
SAN PATRICIO COUNTY,409,< 1 Year,899,475,424,258,135,123,8,4,4,4,2,2,22,11,11,607,323,284
SAN PATRICIO COUNTY,409,1 Years,931,482,449,258,134,124,9,5,4,4,2,2,23,10,13,637,331,306
SAN PATRICIO COUNTY,409,2 Years,963,496,467,261,136,125,11,6,5,5,2,3,25,11,14,661,341,320
SAN PATRICIO COUNTY,409,3 Years,1001,509,492,271,139,132,12,8,4,4,2,2,23,9,14,691,351,340
SAN PATRICIO COUNTY,409,4 Years,983,501,482,269,142,127,11,5,6,3,1,2,18,8,10,682,345,337
SAN PATRICIO COUNTY,409,5 Years,960,492,468,271,142,129,10,5,5,3,1,2,18,7,11,658,337,321
SAN PATRICIO COUNTY,409,6 Years,919,480,439,267,144,123,9,3,6,3,1,2,17,7,10,623,325,298
SAN PATRICIO COUNTY,409,7 Years,908,468,440,269,139,130,9,4,5,2,1,1,17,7,10,611,317,294
SAN PATRICIO COUNTY,409,8 Years,982,502,480,285,134,151,11,5,6,2,1,1,15,6,9,669,356,313
SAN PATRICIO COUNTY,409,9 Years,956,482,474,269,132,137,11,4,7,4,3,1,16,7,9,656,336,320
SAN PATRICIO COUNTY,409,10 Years,929,471,458,275,150,125,7,1,6,3,2,1,13,5,8,631,313,318
SAN PATRICIO COUNTY,409,11 Years,935,473,462,283,152,131,7,2,5,5,3,2,15,4,11,625,312,313
SAN PATRICIO COUNTY,409,12 Years,913,446,467,259,128,131,8,3,5,6,2,4,13,5,8,627,308,319
SAN PATRICIO COUNTY,409,13 Years,992,493,499,268,139,129,12,8,4,3,2,1,24,11,13,685,333,352
SAN PATRICIO COUNTY,409,14 Years,973,487,486,282,150,132,13,8,5,4,2,2,21,12,9,653,315,338
SAN PATRICIO COUNTY,409,15 Years,928,469,459,300,154,146,17,10,7,6,3,3,16,11,5,589,291,298
SAN PATRICIO COUNTY,409,16 Years,949,470,479,308,150,158,13,7,6,8,6,2,17,10,7,603,297,306
SAN PATRICIO COUNTY,409,17 Years,986,504,482,308,169,139,12,6,6,8,4,4,14,8,6,644,317,327
SAN PATRICIO COUNTY,409,18 Years,906,468,438,260,140,120,12,5,7,4,2,2,16,8,8,614,313,301
SAN PATRICIO COUNTY,409,19 Years,807,394,413,229,123,106,14,5,9,11,2,9,16,7,9,537,257,280
SAN PATRICIO COUNTY,409,20 Years,768,399,369,218,121,97,12,6,6,15,10,5,11,3,8,512,259,253
SAN PATRICIO COUNTY,409,21 Years,798,428,370,231,127,104,9,8,1,7,6,1,22,8,14,529,279,250
SAN PATRICIO COUNTY,409,22 Years,843,433,410,246,127,119,10,6,4,6,4,2,15,6,9,566,290,276
SAN PATRICIO COUNTY,409,23 Years,905,483,422,289,156,133,17,9,8,4,3,1,16,7,9,579,308,271
SAN PATRICIO COUNTY,409,24 Years,959,522,437,315,168,147,15,9,6,8,7,1,22,11,11,599,327,272
SAN PATRICIO COUNTY,409,25 Years,975,522,453,320,168,152,18,9,9,10,3,7,19,13,6,608,329,279
SAN PATRICIO COUNTY,409,26 Years,1020,566,454,331,189,142,13,7,6,6,4,2,12,7,5,658,359,299
SAN PATRICIO COUNTY,409,27 Years,1000,539,461,336,183,153,12,8,4,10,8,2,8,2,6,634,338,296
SAN PATRICIO COUNTY,409,28 Years,1016,552,464,339,190,149,9,5,4,5,3,2,11,7,4,652,347,305
SAN PATRICIO COUNTY,409,29 Years,955,511,444,328,168,160,13,6,7,3,2,1,8,6,2,603,329,274
SAN PATRICIO COUNTY,409,30 Years,915,478,437,349,182,167,11,8,3,4,1,3,7,4,3,544,283,261
SAN PATRICIO COUNTY,409,31 Years,943,485,458,353,180,173,13,10,3,5,3,2,14,6,8,558,286,272
SAN PATRICIO COUNTY,409,32 Years,879,440,439,322,170,152,7,5,2,3,2,1,16,6,10,531,257,274
SAN PATRICIO COUNTY,409,33 Years,881,464,417,327,184,143,13,8,5,3,2,1,8,3,5,530,267,263
SAN PATRICIO COUNTY,409,34 Years,884,454,430,307,164,143,13,8,5,6,3,3,8,3,5,550,276,274
SAN PATRICIO COUNTY,409,35 Years,906,440,466,337,167,170,15,10,5,3,0,3,9,6,3,542,257,285
SAN PATRICIO COUNTY,409,36 Years,879,433,446,309,147,162,14,7,7,5,1,4,6,5,1,545,273,272
SAN PATRICIO COUNTY,409,37 Years,853,432,421,309,158,151,11,6,5,8,4,4,7,4,3,518,260,258
SAN PATRICIO COUNTY,409,38 Years,875,439,436,308,151,157,10,6,4,6,2,4,7,3,4,544,277,267
SAN PATRICIO COUNTY,409,39 Years,858,448,410,303,155,148,11,8,3,5,3,2,6,3,3,533,279,254
SAN PATRICIO COUNTY,409,40 Years,793,408,385,288,153,135,13,6,7,6,3,3,7,5,2,479,241,238
SAN PATRICIO COUNTY,409,41 Years,778,398,380,289,150,139,10,4,6,8,1,7,12,7,5,459,236,223
SAN PATRICIO COUNTY,409,42 Years,766,407,359,267,146,121,12,8,4,9,5,4,10,5,5,468,243,225
SAN PATRICIO COUNTY,409,43 Years,721,374,347,259,134,125,7,4,3,7,2,5,14,7,7,434,227,207
SAN PATRICIO COUNTY,409,44 Years,684,340,344,250,124,126,7,3,4,7,4,3,10,5,5,410,204,206
SAN PATRICIO COUNTY,409,45 Years,726,354,372,279,139,140,9,4,5,6,4,2,6,2,4,426,205,221
SAN PATRICIO COUNTY,409,46 Years,745,358,387,295,149,146,13,6,7,8,2,6,7,3,4,422,198,224
SAN PATRICIO COUNTY,409,47 Years,774,376,398,303,150,153,16,11,5,7,3,4,6,2,4,442,210,232
SAN PATRICIO COUNTY,409,48 Years,779,368,411,325,146,179,13,8,5,7,4,3,7,4,3,427,206,221
SAN PATRICIO COUNTY,409,49 Years,718,367,351,289,145,144,11,6,5,12,6,6,5,3,2,401,207,194
SAN PATRICIO COUNTY,409,50 Years,702,339,363,271,141,130,9,6,3,12,6,6,12,4,8,398,182,216
SAN PATRICIO COUNTY,409,51 Years,689,340,349,274,144,130,13,7,6,10,4,6,8,2,6,384,183,201
SAN PATRICIO COUNTY,409,52 Years,746,367,379,324,172,152,12,7,5,5,2,3,7,2,5,398,184,214
SAN PATRICIO COUNTY,409,53 Years,791,378,413,353,178,175,12,6,6,13,6,7,6,3,3,407,185,222
SAN PATRICIO COUNTY,409,54 Years,776,383,393,350,178,172,16,9,7,13,5,8,5,2,3,392,189,203
SAN PATRICIO COUNTY,409,55 Years,785,402,383,355,174,181,14,8,6,13,4,9,11,7,4,392,209,183
SAN PATRICIO COUNTY,409,56 Years,794,388,406,368,180,188,15,9,6,14,4,10,10,7,3,387,188,199
SAN PATRICIO COUNTY,409,57 Years,800,408,392,402,211,191,16,10,6,10,3,7,10,6,4,362,178,184
SAN PATRICIO COUNTY,409,58 Years,786,382,404,387,188,199,10,4,6,10,4,6,12,6,6,367,180,187
SAN PATRICIO COUNTY,409,59 Years,748,374,374,379,192,187,10,5,5,11,3,8,10,4,6,338,170,168
SAN PATRICIO COUNTY,409,60 Years,714,347,367,360,178,182,15,8,7,10,4,6,13,4,9,316,153,163
SAN PATRICIO COUNTY,409,61 Years,691,344,347,344,174,170,11,6,5,6,3,3,16,5,11,314,156,158
SAN PATRICIO COUNTY,409,62 Years,696,346,350,335,171,164,13,6,7,6,3,3,11,4,7,331,162,169
SAN PATRICIO COUNTY,409,63 Years,704,368,336,333,178,155,15,8,7,4,2,2,10,4,6,342,176,166
SAN PATRICIO COUNTY,409,64 Years,727,364,363,365,185,180,15,9,6,8,3,5,9,3,6,330,164,166
SAN PATRICIO COUNTY,409,65 Years,689,352,337,345,183,162,10,8,2,7,2,5,9,4,5,318,155,163
SAN PATRICIO COUNTY,409,66 Years,634,325,309,344,178,166,9,6,3,5,1,4,6,4,2,270,136,134
SAN PATRICIO COUNTY,409,67 Years,626,307,319,323,157,166,6,3,3,7,3,4,8,6,2,282,138,144
SAN PATRICIO COUNTY,409,68 Years,636,319,317,332,165,167,8,4,4,7,3,4,5,3,2,284,144,140
SAN PATRICIO COUNTY,409,69 Years,624,307,317,322,155,167,7,5,2,4,2,2,7,4,3,284,141,143
SAN PATRICIO COUNTY,409,70 Years,649,332,317,345,177,168,7,5,2,3,1,2,12,5,7,282,144,138
SAN PATRICIO COUNTY,409,71 Years,646,315,331,355,174,181,10,6,4,2,1,1,8,4,4,271,130,141
SAN PATRICIO COUNTY,409,72 Years,528,260,268,262,127,135,5,3,2,4,1,3,9,3,6,248,126,122
SAN PATRICIO COUNTY,409,73 Years,520,246,274,275,127,148,5,3,2,7,0,7,3,0,3,230,116,114
SAN PATRICIO COUNTY,409,74 Years,507,236,271,276,127,149,5,4,1,5,0,5,5,1,4,216,104,112
SAN PATRICIO COUNTY,409,75 Years,459,203,256,259,117,142,6,3,3,4,1,3,5,1,4,185,81,104
SAN PATRICIO COUNTY,409,76 Years,385,174,211,231,111,120,4,1,3,1,1,0,8,3,5,141,58,83
SAN PATRICIO COUNTY,409,77 Years,369,167,202,222,111,111,3,2,1,1,1,0,4,1,3,139,52,87
SAN PATRICIO COUNTY,409,78 Years,334,156,178,187,90,97,5,1,4,2,0,2,2,1,1,138,64,74
SAN PATRICIO COUNTY,409,79 Years,293,128,165,175,76,99,3,1,2,4,3,1,1,0,1,110,48,62
SAN PATRICIO COUNTY,409,80 Years,306,131,175,185,81,104,8,3,5,3,2,1,2,1,1,108,44,64
SAN PATRICIO COUNTY,409,81 Years,252,117,135,154,74,80,6,3,3,0,0,0,2,1,1,90,39,51
SAN PATRICIO COUNTY,409,82 Years,236,105,131,145,70,75,5,2,3,1,0,1,1,1,0,84,32,52
SAN PATRICIO COUNTY,409,83 Years,243,107,136,142,63,79,6,3,3,1,0,1,1,0,1,93,41,52
SAN PATRICIO COUNTY,409,84 Years,220,101,119,129,62,67,5,3,2,1,1,0,1,0,1,84,35,49
SAN PATRICIO COUNTY,409,85 Years,190,88,102,108,53,55,4,3,1,2,2,0,1,0,1,75,30,45
SAN PATRICIO COUNTY,409,86 Years,179,72,107,98,40,58,2,2,0,1,0,1,2,0,2,76,30,46
SAN PATRICIO COUNTY,409,87 Years,155,57,98,86,32,54,3,1,2,2,1,1,0,0,0,64,23,41
SAN PATRICIO COUNTY,409,88 Years,124,48,76,65,28,37,5,1,4,1,0,1,1,0,1,52,19,33
SAN PATRICIO COUNTY,409,89 Years,109,46,63,60,27,33,5,3,2,0,0,0,1,1,0,43,15,28
SAN PATRICIO COUNTY,409,90 Years,105,40,65,57,24,33,3,2,1,1,1,0,2,1,1,42,12,30
SAN PATRICIO COUNTY,409,91 Years,81,26,55,39,14,25,2,1,1,0,0,0,0,0,0,40,11,29
SAN PATRICIO COUNTY,409,92 Years,67,22,45,35,11,24,1,0,1,0,0,0,0,0,0,31,11,20
SAN PATRICIO COUNTY,409,93 Years,59,20,39,30,11,19,3,1,2,1,0,1,0,0,0,25,8,17
SAN PATRICIO COUNTY,409,94 Years,37,16,21,19,8,11,2,2,0,1,0,1,0,0,0,15,6,9
SAN PATRICIO COUNTY,409,95 Years +,93,26,67,42,13,29,4,0,4,2,0,2,2,0,2,43,13,30
SAN SABA COUNTY,411,All Ages,6246,3352,2894,4004,2016,1988,208,196,12,16,9,7,84,39,45,1934,1092,842
SAN SABA COUNTY,411,< 1 Year,68,33,35,39,17,22,0,0,0,0,0,0,0,0,0,29,16,13
SAN SABA COUNTY,411,1 Years,67,33,34,37,17,20,0,0,0,0,0,0,0,0,0,30,16,14
SAN SABA COUNTY,411,2 Years,66,35,31,36,17,19,0,0,0,0,0,0,1,1,0,29,17,12
SAN SABA COUNTY,411,3 Years,70,38,32,36,18,18,0,0,0,0,0,0,0,0,0,34,20,14
SAN SABA COUNTY,411,4 Years,68,39,29,35,20,15,0,0,0,0,0,0,0,0,0,33,19,14
SAN SABA COUNTY,411,5 Years,69,36,33,35,22,13,0,0,0,0,0,0,0,0,0,34,14,20
SAN SABA COUNTY,411,6 Years,70,35,35,36,23,13,0,0,0,0,0,0,1,0,1,33,12,21
SAN SABA COUNTY,411,7 Years,71,36,35,37,23,14,0,0,0,0,0,0,3,2,1,31,11,20
SAN SABA COUNTY,411,8 Years,72,35,37,41,16,25,0,0,0,0,0,0,0,0,0,31,19,12
SAN SABA COUNTY,411,9 Years,71,33,38,37,16,21,1,1,0,0,0,0,0,0,0,33,16,17
SAN SABA COUNTY,411,10 Years,79,31,48,39,14,25,1,1,0,0,0,0,0,0,0,39,16,23
SAN SABA COUNTY,411,11 Years,78,37,41,47,22,25,0,0,0,0,0,0,1,1,0,30,14,16
SAN SABA COUNTY,411,12 Years,72,30,42,41,15,26,0,0,0,0,0,0,2,2,0,29,13,16
SAN SABA COUNTY,411,13 Years,59,25,34,29,11,18,0,0,0,0,0,0,0,0,0,30,14,16
SAN SABA COUNTY,411,14 Years,71,33,38,37,17,20,0,0,0,0,0,0,2,2,0,32,14,18
SAN SABA COUNTY,411,15 Years,69,35,34,39,18,21,1,1,0,0,0,0,2,1,1,27,15,12
SAN SABA COUNTY,411,16 Years,71,33,38,32,13,19,3,1,2,1,0,1,2,0,2,33,19,14
SAN SABA COUNTY,411,17 Years,64,29,35,28,10,18,4,0,4,1,0,1,0,0,0,31,19,12
SAN SABA COUNTY,411,18 Years,58,30,28,30,15,15,0,0,0,0,0,0,0,0,0,28,15,13
SAN SABA COUNTY,411,19 Years,54,28,26,28,12,16,3,3,0,0,0,0,1,0,1,22,13,9
SAN SABA COUNTY,411,20 Years,70,45,25,34,20,14,6,6,0,0,0,0,1,0,1,29,19,10
SAN SABA COUNTY,411,21 Years,94,61,33,36,18,18,13,13,0,0,0,0,2,0,2,43,30,13
SAN SABA COUNTY,411,22 Years,91,61,30,46,29,17,7,7,0,1,1,0,0,0,0,37,24,13
SAN SABA COUNTY,411,23 Years,99,68,31,55,37,18,9,9,0,0,0,0,2,0,2,33,22,11
SAN SABA COUNTY,411,24 Years,107,76,31,56,37,19,19,18,1,0,0,0,1,0,1,31,21,10
SAN SABA COUNTY,411,25 Years,119,85,34,64,42,22,13,12,1,1,1,0,1,0,1,40,30,10
SAN SABA COUNTY,411,26 Years,103,69,34,55,34,21,14,13,1,0,0,0,1,0,1,33,22,11
SAN SABA COUNTY,411,27 Years,104,69,35,54,31,23,10,10,0,0,0,0,2,0,2,38,28,10
SAN SABA COUNTY,411,28 Years,93,58,35,51,27,24,11,11,0,1,1,0,1,0,1,29,19,10
SAN SABA COUNTY,411,29 Years,96,66,30,50,30,20,14,14,0,2,2,0,0,0,0,30,20,10
SAN SABA COUNTY,411,30 Years,82,58,24,35,25,10,12,12,0,1,0,1,0,0,0,34,21,13
SAN SABA COUNTY,411,31 Years,85,58,27,43,27,16,13,13,0,0,0,0,1,0,1,28,18,10
SAN SABA COUNTY,411,32 Years,84,57,27,40,25,15,9,9,0,0,0,0,0,0,0,35,23,12
SAN SABA COUNTY,411,33 Years,68,49,19,30,20,10,5,5,0,1,1,0,0,0,0,32,23,9
SAN SABA COUNTY,411,34 Years,77,48,29,42,21,21,5,5,0,0,0,0,2,1,1,28,21,7
SAN SABA COUNTY,411,35 Years,63,38,25,25,11,14,5,5,0,0,0,0,3,2,1,30,20,10
SAN SABA COUNTY,411,36 Years,55,31,24,25,12,13,0,0,0,0,0,0,1,1,0,29,18,11
SAN SABA COUNTY,411,37 Years,64,31,33,33,13,20,0,0,0,0,0,0,0,0,0,31,18,13
SAN SABA COUNTY,411,38 Years,57,37,20,28,14,14,4,4,0,0,0,0,0,0,0,25,19,6
SAN SABA COUNTY,411,39 Years,49,31,18,26,14,12,6,6,0,0,0,0,1,1,0,16,10,6
SAN SABA COUNTY,411,40 Years,54,31,23,31,13,18,3,3,0,0,0,0,2,2,0,18,13,5
SAN SABA COUNTY,411,41 Years,48,21,27,27,10,17,3,3,0,0,0,0,2,1,1,16,7,9
SAN SABA COUNTY,411,42 Years,42,16,26,28,10,18,3,3,0,0,0,0,1,0,1,10,3,7
SAN SABA COUNTY,411,43 Years,64,34,30,40,19,21,3,3,0,0,0,0,0,0,0,21,12,9
SAN SABA COUNTY,411,44 Years,59,32,27,36,19,17,2,1,1,0,0,0,0,0,0,21,12,9
SAN SABA COUNTY,411,45 Years,55,29,26,31,18,13,0,0,0,0,0,0,0,0,0,24,11,13
SAN SABA COUNTY,411,46 Years,59,25,34,35,17,18,0,0,0,1,0,1,3,1,2,20,7,13
SAN SABA COUNTY,411,47 Years,56,26,30,37,18,19,0,0,0,0,0,0,3,0,3,16,8,8
SAN SABA COUNTY,411,48 Years,70,30,40,46,21,25,0,0,0,0,0,0,1,0,1,23,9,14
SAN SABA COUNTY,411,49 Years,76,38,38,48,23,25,2,2,0,1,1,0,0,0,0,25,12,13
SAN SABA COUNTY,411,50 Years,60,30,30,38,19,19,0,0,0,0,0,0,0,0,0,22,11,11
SAN SABA COUNTY,411,51 Years,51,25,26,33,15,18,0,0,0,0,0,0,0,0,0,18,10,8
SAN SABA COUNTY,411,52 Years,68,41,27,42,27,15,0,0,0,0,0,0,0,0,0,26,14,12
SAN SABA COUNTY,411,53 Years,77,44,33,51,30,21,0,0,0,0,0,0,1,1,0,25,13,12
SAN SABA COUNTY,411,54 Years,81,39,42,66,30,36,0,0,0,0,0,0,0,0,0,15,9,6
SAN SABA COUNTY,411,55 Years,78,36,42,62,25,37,0,0,0,0,0,0,0,0,0,16,11,5
SAN SABA COUNTY,411,56 Years,74,36,38,46,20,26,0,0,0,0,0,0,5,4,1,23,12,11
SAN SABA COUNTY,411,57 Years,81,36,45,54,21,33,0,0,0,0,0,0,3,2,1,24,13,11
SAN SABA COUNTY,411,58 Years,79,40,39,55,26,29,0,0,0,0,0,0,3,1,2,21,13,8
SAN SABA COUNTY,411,59 Years,89,45,44,69,33,36,0,0,0,0,0,0,1,1,0,19,11,8
SAN SABA COUNTY,411,60 Years,85,44,41,66,30,36,0,0,0,0,0,0,1,1,0,18,13,5
SAN SABA COUNTY,411,61 Years,72,30,42,54,21,33,0,0,0,1,0,1,1,0,1,16,9,7
SAN SABA COUNTY,411,62 Years,78,31,47,61,27,34,0,0,0,0,0,0,2,0,2,15,4,11
SAN SABA COUNTY,411,63 Years,74,32,42,61,28,33,1,1,0,0,0,0,2,0,2,10,3,7
SAN SABA COUNTY,411,64 Years,97,54,43,80,45,35,0,0,0,0,0,0,0,0,0,17,9,8
SAN SABA COUNTY,411,65 Years,88,45,43,73,36,37,0,0,0,0,0,0,0,0,0,15,9,6
SAN SABA COUNTY,411,66 Years,89,45,44,75,34,41,1,1,0,0,0,0,1,1,0,12,9,3
SAN SABA COUNTY,411,67 Years,94,49,45,82,44,38,0,0,0,0,0,0,0,0,0,12,5,7
SAN SABA COUNTY,411,68 Years,85,46,39,75,42,33,0,0,0,0,0,0,1,0,1,9,4,5
SAN SABA COUNTY,411,69 Years,79,40,39,67,33,34,0,0,0,0,0,0,3,3,0,9,4,5
SAN SABA COUNTY,411,70 Years,91,40,51,79,36,43,0,0,0,0,0,0,4,1,3,8,3,5
SAN SABA COUNTY,411,71 Years,102,54,48,86,46,40,0,0,0,0,0,0,1,1,0,15,7,8
SAN SABA COUNTY,411,72 Years,90,43,47,72,35,37,0,0,0,0,0,0,1,1,0,17,7,10
SAN SABA COUNTY,411,73 Years,76,44,32,63,36,27,0,0,0,0,0,0,2,2,0,11,6,5
SAN SABA COUNTY,411,74 Years,76,35,41,61,28,33,0,0,0,0,0,0,3,1,2,12,6,6
SAN SABA COUNTY,411,75 Years,63,33,30,53,26,27,0,0,0,1,1,0,0,0,0,9,6,3
SAN SABA COUNTY,411,76 Years,53,30,23,45,24,21,0,0,0,1,1,0,0,0,0,7,5,2
SAN SABA COUNTY,411,77 Years,59,34,25,53,30,23,0,0,0,0,0,0,0,0,0,6,4,2
SAN SABA COUNTY,411,78 Years,44,24,20,36,19,17,0,0,0,0,0,0,0,0,0,8,5,3
SAN SABA COUNTY,411,79 Years,41,22,19,31,17,14,0,0,0,1,0,1,0,0,0,9,5,4
SAN SABA COUNTY,411,80 Years,43,22,21,37,19,18,0,0,0,1,0,1,0,0,0,5,3,2
SAN SABA COUNTY,411,81 Years,35,17,18,30,16,14,0,0,0,0,0,0,1,0,1,4,1,3
SAN SABA COUNTY,411,82 Years,33,20,13,27,17,10,0,0,0,0,0,0,1,0,1,5,3,2
SAN SABA COUNTY,411,83 Years,37,16,21,35,15,20,0,0,0,0,0,0,0,0,0,2,1,1
SAN SABA COUNTY,411,84 Years,32,14,18,28,12,16,1,0,1,0,0,0,0,0,0,3,2,1
SAN SABA COUNTY,411,85 Years,28,14,14,26,12,14,0,0,0,0,0,0,1,1,0,1,1,0
SAN SABA COUNTY,411,86 Years,28,12,16,25,11,14,0,0,0,0,0,0,0,0,0,3,1,2
SAN SABA COUNTY,411,87 Years,21,5,16,17,5,12,0,0,0,0,0,0,0,0,0,4,0,4
SAN SABA COUNTY,411,88 Years,20,8,12,19,8,11,0,0,0,0,0,0,0,0,0,1,0,1
SAN SABA COUNTY,411,89 Years,17,7,10,16,7,9,0,0,0,0,0,0,0,0,0,1,0,1
SAN SABA COUNTY,411,90 Years,12,6,6,11,6,5,0,0,0,0,0,0,0,0,0,1,0,1
SAN SABA COUNTY,411,91 Years,9,4,5,6,3,3,0,0,0,0,0,0,0,0,0,3,1,2
SAN SABA COUNTY,411,92 Years,7,3,4,5,2,3,0,0,0,0,0,0,0,0,0,2,1,1
SAN SABA COUNTY,411,93 Years,11,4,7,7,2,5,0,0,0,0,0,0,0,0,0,4,2,2
SAN SABA COUNTY,411,94 Years,10,4,6,6,2,4,0,0,0,0,0,0,0,0,0,4,2,2
SAN SABA COUNTY,411,95 Years +,19,7,12,14,5,9,1,0,1,0,0,0,0,0,0,4,2,2
SCHLEICHER COUNTY,413,All Ages,3030,1545,1485,1326,665,661,28,12,16,5,1,4,17,7,10,1654,860,794
SCHLEICHER COUNTY,413,< 1 Year,27,13,14,12,4,8,0,0,0,0,0,0,0,0,0,15,9,6
SCHLEICHER COUNTY,413,1 Years,33,19,14,18,10,8,0,0,0,0,0,0,0,0,0,15,9,6
SCHLEICHER COUNTY,413,2 Years,28,15,13,17,8,9,0,0,0,0,0,0,0,0,0,11,7,4
SCHLEICHER COUNTY,413,3 Years,34,17,17,17,8,9,0,0,0,0,0,0,0,0,0,17,9,8
SCHLEICHER COUNTY,413,4 Years,39,17,22,17,7,10,0,0,0,0,0,0,0,0,0,22,10,12
SCHLEICHER COUNTY,413,5 Years,43,20,23,15,7,8,0,0,0,0,0,0,0,0,0,28,13,15
SCHLEICHER COUNTY,413,6 Years,45,22,23,17,8,9,0,0,0,0,0,0,0,0,0,28,14,14
SCHLEICHER COUNTY,413,7 Years,38,16,22,15,6,9,0,0,0,0,0,0,0,0,0,23,10,13
SCHLEICHER COUNTY,413,8 Years,61,33,28,25,14,11,1,0,1,0,0,0,0,0,0,35,19,16
SCHLEICHER COUNTY,413,9 Years,51,24,27,18,9,9,1,0,1,0,0,0,0,0,0,32,15,17
SCHLEICHER COUNTY,413,10 Years,52,24,28,16,6,10,0,0,0,0,0,0,0,0,0,36,18,18
SCHLEICHER COUNTY,413,11 Years,57,28,29,14,8,6,2,2,0,0,0,0,0,0,0,41,18,23
SCHLEICHER COUNTY,413,12 Years,51,31,20,13,9,4,1,0,1,0,0,0,1,0,1,36,22,14
SCHLEICHER COUNTY,413,13 Years,52,33,19,13,10,3,1,1,0,0,0,0,0,0,0,38,22,16
SCHLEICHER COUNTY,413,14 Years,40,22,18,14,9,5,0,0,0,0,0,0,1,1,0,25,12,13
SCHLEICHER COUNTY,413,15 Years,38,22,16,13,7,6,0,0,0,0,0,0,1,1,0,24,14,10
SCHLEICHER COUNTY,413,16 Years,43,18,25,15,7,8,1,1,0,0,0,0,0,0,0,27,10,17
SCHLEICHER COUNTY,413,17 Years,51,25,26,14,8,6,1,1,0,1,0,1,0,0,0,35,16,19
SCHLEICHER COUNTY,413,18 Years,39,20,19,13,7,6,1,0,1,1,0,1,0,0,0,24,13,11
SCHLEICHER COUNTY,413,19 Years,35,16,19,13,7,6,1,0,1,0,0,0,0,0,0,21,9,12
SCHLEICHER COUNTY,413,20 Years,36,21,15,11,6,5,0,0,0,1,0,1,0,0,0,24,15,9
SCHLEICHER COUNTY,413,21 Years,26,12,14,8,3,5,1,0,1,0,0,0,0,0,0,17,9,8
SCHLEICHER COUNTY,413,22 Years,24,12,12,8,4,4,0,0,0,0,0,0,0,0,0,16,8,8
SCHLEICHER COUNTY,413,23 Years,35,22,13,8,4,4,0,0,0,0,0,0,0,0,0,27,18,9
SCHLEICHER COUNTY,413,24 Years,33,19,14,8,3,5,0,0,0,0,0,0,0,0,0,25,16,9
SCHLEICHER COUNTY,413,25 Years,43,23,20,11,7,4,1,0,1,0,0,0,1,1,0,30,15,15
SCHLEICHER COUNTY,413,26 Years,48,23,25,12,6,6,1,0,1,0,0,0,2,1,1,33,16,17
SCHLEICHER COUNTY,413,27 Years,33,17,16,11,5,6,0,0,0,0,0,0,0,0,0,22,12,10
SCHLEICHER COUNTY,413,28 Years,48,23,25,10,3,7,0,0,0,0,0,0,0,0,0,38,20,18
SCHLEICHER COUNTY,413,29 Years,39,18,21,9,4,5,0,0,0,0,0,0,0,0,0,30,14,16
SCHLEICHER COUNTY,413,30 Years,37,19,18,13,5,8,2,1,1,0,0,0,0,0,0,22,13,9
SCHLEICHER COUNTY,413,31 Years,35,23,12,13,7,6,0,0,0,0,0,0,0,0,0,22,16,6
SCHLEICHER COUNTY,413,32 Years,37,22,15,14,7,7,0,0,0,0,0,0,0,0,0,23,15,8
SCHLEICHER COUNTY,413,33 Years,42,24,18,14,7,7,0,0,0,0,0,0,1,0,1,27,17,10
SCHLEICHER COUNTY,413,34 Years,40,21,19,14,7,7,0,0,0,0,0,0,1,0,1,25,14,11
SCHLEICHER COUNTY,413,35 Years,29,14,15,10,6,4,0,0,0,1,0,1,0,0,0,18,8,10
SCHLEICHER COUNTY,413,36 Years,34,20,14,14,8,6,0,0,0,0,0,0,0,0,0,20,12,8
SCHLEICHER COUNTY,413,37 Years,39,22,17,13,7,6,0,0,0,0,0,0,0,0,0,26,15,11
SCHLEICHER COUNTY,413,38 Years,36,18,18,14,7,7,0,0,0,0,0,0,0,0,0,22,11,11
SCHLEICHER COUNTY,413,39 Years,34,20,14,14,9,5,0,0,0,0,0,0,0,0,0,20,11,9
SCHLEICHER COUNTY,413,40 Years,32,18,14,11,6,5,0,0,0,0,0,0,0,0,0,21,12,9
SCHLEICHER COUNTY,413,41 Years,26,13,13,11,7,4,0,0,0,0,0,0,0,0,0,15,6,9
SCHLEICHER COUNTY,413,42 Years,31,17,14,14,8,6,0,0,0,0,0,0,0,0,0,17,9,8
SCHLEICHER COUNTY,413,43 Years,21,11,10,11,6,5,0,0,0,0,0,0,0,0,0,10,5,5
SCHLEICHER COUNTY,413,44 Years,30,15,15,13,7,6,0,0,0,0,0,0,0,0,0,17,8,9
SCHLEICHER COUNTY,413,45 Years,30,15,15,13,8,5,0,0,0,0,0,0,0,0,0,17,7,10
SCHLEICHER COUNTY,413,46 Years,37,19,18,17,10,7,0,0,0,0,0,0,0,0,0,20,9,11
SCHLEICHER COUNTY,413,47 Years,40,23,17,20,13,7,0,0,0,0,0,0,0,0,0,20,10,10
SCHLEICHER COUNTY,413,48 Years,33,17,16,17,9,8,0,0,0,0,0,0,0,0,0,16,8,8
SCHLEICHER COUNTY,413,49 Years,34,14,20,14,7,7,0,0,0,0,0,0,1,0,1,19,7,12
SCHLEICHER COUNTY,413,50 Years,31,15,16,17,10,7,0,0,0,0,0,0,1,0,1,13,5,8
SCHLEICHER COUNTY,413,51 Years,29,13,16,13,4,9,0,0,0,0,0,0,0,0,0,16,9,7
SCHLEICHER COUNTY,413,52 Years,36,19,17,14,6,8,1,0,1,0,0,0,0,0,0,21,13,8
SCHLEICHER COUNTY,413,53 Years,35,18,17,15,7,8,0,0,0,0,0,0,1,1,0,19,10,9
SCHLEICHER COUNTY,413,54 Years,39,18,21,19,9,10,1,0,1,0,0,0,1,1,0,18,8,10
SCHLEICHER COUNTY,413,55 Years,40,17,23,20,9,11,1,1,0,0,0,0,0,0,0,19,7,12
SCHLEICHER COUNTY,413,56 Years,44,22,22,19,9,10,2,1,1,0,0,0,0,0,0,23,12,11
SCHLEICHER COUNTY,413,57 Years,30,14,16,15,7,8,0,0,0,0,0,0,0,0,0,15,7,8
SCHLEICHER COUNTY,413,58 Years,36,17,19,20,8,12,0,0,0,0,0,0,0,0,0,16,9,7
SCHLEICHER COUNTY,413,59 Years,35,18,17,20,9,11,0,0,0,0,0,0,0,0,0,15,9,6
SCHLEICHER COUNTY,413,60 Years,33,17,16,16,8,8,1,1,0,0,0,0,0,0,0,16,8,8
SCHLEICHER COUNTY,413,61 Years,37,19,18,20,10,10,0,0,0,0,0,0,0,0,0,17,9,8
SCHLEICHER COUNTY,413,62 Years,41,20,21,25,12,13,0,0,0,0,0,0,0,0,0,16,8,8
SCHLEICHER COUNTY,413,63 Years,39,18,21,28,13,15,0,0,0,0,0,0,0,0,0,11,5,6
SCHLEICHER COUNTY,413,64 Years,38,21,17,21,12,9,0,0,0,0,0,0,0,0,0,17,9,8
SCHLEICHER COUNTY,413,65 Years,44,25,19,29,17,12,0,0,0,0,0,0,0,0,0,15,8,7
SCHLEICHER COUNTY,413,66 Years,40,20,20,28,13,15,0,0,0,0,0,0,1,0,1,11,7,4
SCHLEICHER COUNTY,413,67 Years,38,24,14,24,14,10,1,1,0,0,0,0,0,0,0,13,9,4
SCHLEICHER COUNTY,413,68 Years,38,19,19,18,10,8,0,0,0,0,0,0,1,0,1,19,9,10
SCHLEICHER COUNTY,413,69 Years,36,16,20,19,9,10,1,0,1,0,0,0,0,0,0,16,7,9
SCHLEICHER COUNTY,413,70 Years,30,18,12,18,10,8,0,0,0,0,0,0,0,0,0,12,8,4
SCHLEICHER COUNTY,413,71 Years,31,16,15,18,10,8,0,0,0,0,0,0,0,0,0,13,6,7
SCHLEICHER COUNTY,413,72 Years,27,13,14,16,8,8,1,0,1,0,0,0,1,1,0,9,4,5
SCHLEICHER COUNTY,413,73 Years,21,9,12,12,5,7,0,0,0,0,0,0,1,0,1,8,4,4
SCHLEICHER COUNTY,413,74 Years,18,7,11,12,4,8,0,0,0,0,0,0,1,0,1,5,3,2
SCHLEICHER COUNTY,413,75 Years,24,11,13,16,5,11,0,0,0,0,0,0,0,0,0,8,6,2
SCHLEICHER COUNTY,413,76 Years,20,9,11,11,5,6,0,0,0,1,1,0,0,0,0,8,3,5
SCHLEICHER COUNTY,413,77 Years,19,6,13,13,4,9,0,0,0,0,0,0,0,0,0,6,2,4
SCHLEICHER COUNTY,413,78 Years,21,10,11,11,4,7,1,1,0,0,0,0,0,0,0,9,5,4
SCHLEICHER COUNTY,413,79 Years,14,6,8,8,3,5,1,1,0,0,0,0,0,0,0,5,2,3
SCHLEICHER COUNTY,413,80 Years,12,4,8,9,3,6,1,0,1,0,0,0,0,0,0,2,1,1
SCHLEICHER COUNTY,413,81 Years,16,7,9,11,6,5,1,0,1,0,0,0,0,0,0,4,1,3
SCHLEICHER COUNTY,413,82 Years,17,9,8,13,8,5,0,0,0,0,0,0,0,0,0,4,1,3
SCHLEICHER COUNTY,413,83 Years,14,8,6,10,6,4,0,0,0,0,0,0,0,0,0,4,2,2
SCHLEICHER COUNTY,413,84 Years,15,7,8,10,5,5,0,0,0,0,0,0,0,0,0,5,2,3
SCHLEICHER COUNTY,413,85 Years,11,5,6,8,4,4,0,0,0,0,0,0,0,0,0,3,1,2
SCHLEICHER COUNTY,413,86 Years,15,9,6,9,5,4,0,0,0,0,0,0,0,0,0,6,4,2
SCHLEICHER COUNTY,413,87 Years,13,6,7,7,3,4,0,0,0,0,0,0,0,0,0,6,3,3
SCHLEICHER COUNTY,413,88 Years,8,5,3,5,3,2,0,0,0,0,0,0,0,0,0,3,2,1
SCHLEICHER COUNTY,413,89 Years,8,3,5,6,3,3,0,0,0,0,0,0,0,0,0,2,0,2
SCHLEICHER COUNTY,413,90 Years,10,6,4,5,3,2,0,0,0,0,0,0,0,0,0,5,3,2
SCHLEICHER COUNTY,413,91 Years,8,3,5,5,2,3,0,0,0,0,0,0,0,0,0,3,1,2
SCHLEICHER COUNTY,413,92 Years,3,1,2,2,1,1,0,0,0,0,0,0,0,0,0,1,0,1
SCHLEICHER COUNTY,413,93 Years,4,1,3,3,1,2,0,0,0,0,0,0,0,0,0,1,0,1
SCHLEICHER COUNTY,413,94 Years,4,3,1,3,2,1,0,0,0,0,0,0,0,0,0,1,1,0
SCHLEICHER COUNTY,413,95 Years +,9,3,6,6,1,5,0,0,0,0,0,0,0,0,0,3,2,1
SCURRY COUNTY,415,All Ages,17049,9250,7799,8813,4660,4153,734,521,213,62,25,37,212,98,114,7228,3946,3282
SCURRY COUNTY,415,< 1 Year,192,92,100,70,31,39,3,1,2,3,1,2,3,1,2,113,58,55
SCURRY COUNTY,415,1 Years,209,107,102,75,37,38,3,1,2,1,0,1,5,3,2,125,66,59
SCURRY COUNTY,415,2 Years,218,111,107,74,37,37,2,1,1,2,1,1,6,3,3,134,69,65
SCURRY COUNTY,415,3 Years,235,123,112,84,44,40,3,1,2,2,1,1,6,3,3,140,74,66
SCURRY COUNTY,415,4 Years,225,112,113,81,41,40,3,1,2,2,1,1,5,2,3,134,67,67
SCURRY COUNTY,415,5 Years,238,121,117,86,43,43,4,2,2,1,0,1,5,2,3,142,74,68
SCURRY COUNTY,415,6 Years,238,127,111,87,46,41,3,2,1,1,0,1,4,2,2,143,77,66
SCURRY COUNTY,415,7 Years,252,135,117,92,45,47,3,2,1,2,1,1,3,2,1,152,85,67
SCURRY COUNTY,415,8 Years,239,127,112,88,50,38,6,0,6,1,0,1,2,0,2,142,77,65
SCURRY COUNTY,415,9 Years,243,136,107,95,52,43,5,2,3,1,1,0,4,2,2,138,79,59
SCURRY COUNTY,415,10 Years,264,143,121,105,59,46,8,1,7,0,0,0,5,2,3,146,81,65
SCURRY COUNTY,415,11 Years,252,141,111,113,68,45,6,3,3,0,0,0,4,2,2,129,68,61
SCURRY COUNTY,415,12 Years,273,151,122,106,59,47,6,4,2,0,0,0,5,1,4,156,87,69
SCURRY COUNTY,415,13 Years,265,152,113,100,58,42,8,4,4,1,1,0,4,3,1,152,86,66
SCURRY COUNTY,415,14 Years,240,128,112,93,59,34,5,4,1,0,0,0,7,3,4,135,62,73
SCURRY COUNTY,415,15 Years,228,112,116,82,44,38,3,3,0,1,0,1,6,2,4,136,63,73
SCURRY COUNTY,415,16 Years,222,111,111,94,49,45,4,3,1,0,0,0,6,1,5,118,58,60
SCURRY COUNTY,415,17 Years,230,115,115,104,57,47,3,2,1,0,0,0,5,2,3,118,54,64
SCURRY COUNTY,415,18 Years,229,117,112,96,50,46,10,7,3,0,0,0,5,2,3,118,58,60
SCURRY COUNTY,415,19 Years,209,112,97,81,45,36,19,15,4,0,0,0,6,1,5,103,51,52
SCURRY COUNTY,415,20 Years,227,140,87,94,60,34,24,19,5,1,1,0,7,4,3,101,56,45
SCURRY COUNTY,415,21 Years,243,133,110,99,54,45,21,17,4,0,0,0,7,5,2,116,57,59
SCURRY COUNTY,415,22 Years,218,121,97,79,40,39,19,15,4,0,0,0,4,3,1,116,63,53
SCURRY COUNTY,415,23 Years,212,117,95,80,45,35,16,12,4,0,0,0,5,3,2,111,57,54
SCURRY COUNTY,415,24 Years,224,122,102,95,44,51,14,9,5,1,0,1,7,4,3,107,65,42
SCURRY COUNTY,415,25 Years,259,150,109,106,54,52,24,21,3,1,0,1,3,1,2,125,74,51
SCURRY COUNTY,415,26 Years,268,147,121,120,67,53,11,10,1,2,1,1,3,1,2,132,68,64
SCURRY COUNTY,415,27 Years,297,177,120,142,89,53,12,10,2,1,0,1,3,1,2,139,77,62
SCURRY COUNTY,415,28 Years,293,186,107,168,104,64,15,11,4,0,0,0,3,1,2,107,70,37
SCURRY COUNTY,415,29 Years,258,155,103,131,77,54,20,16,4,0,0,0,0,0,0,107,62,45
SCURRY COUNTY,415,30 Years,234,146,88,119,72,47,15,13,2,1,1,0,2,2,0,97,58,39
SCURRY COUNTY,415,31 Years,229,136,93,118,70,48,14,12,2,0,0,0,2,2,0,95,52,43
SCURRY COUNTY,415,32 Years,239,137,102,118,69,49,20,17,3,0,0,0,1,0,1,100,51,49
SCURRY COUNTY,415,33 Years,243,152,91,114,71,43,15,14,1,2,0,2,2,1,1,110,66,44
SCURRY COUNTY,415,34 Years,242,135,107,133,74,59,10,8,2,2,1,1,2,1,1,95,51,44
SCURRY COUNTY,415,35 Years,232,121,111,120,62,58,10,9,1,0,0,0,1,1,0,101,49,52
SCURRY COUNTY,415,36 Years,253,142,111,126,71,55,11,9,2,0,0,0,3,1,2,113,61,52
SCURRY COUNTY,415,37 Years,256,149,107,112,60,52,11,9,2,1,0,1,7,6,1,125,74,51
SCURRY COUNTY,415,38 Years,239,142,97,120,68,52,10,8,2,4,2,2,0,0,0,105,64,41
SCURRY COUNTY,415,39 Years,240,138,102,124,72,52,10,7,3,2,0,2,1,0,1,103,59,44
SCURRY COUNTY,415,40 Years,208,122,86,106,58,48,13,11,2,3,1,2,2,1,1,84,51,33
SCURRY COUNTY,415,41 Years,208,129,79,106,64,42,15,12,3,1,0,1,1,0,1,85,53,32
SCURRY COUNTY,415,42 Years,209,127,82,108,63,45,11,9,2,0,0,0,0,0,0,90,55,35
SCURRY COUNTY,415,43 Years,184,106,78,94,50,44,9,6,3,0,0,0,1,0,1,80,50,30
SCURRY COUNTY,415,44 Years,186,109,77,101,58,43,9,7,2,0,0,0,0,0,0,76,44,32
SCURRY COUNTY,415,45 Years,181,110,71,91,50,41,11,9,2,0,0,0,1,1,0,78,50,28
SCURRY COUNTY,415,46 Years,203,118,85,100,58,42,11,8,3,1,0,1,1,1,0,90,51,39
SCURRY COUNTY,415,47 Years,226,140,86,121,71,50,11,9,2,4,1,3,2,1,1,88,58,30
SCURRY COUNTY,415,48 Years,194,115,79,106,62,44,9,7,2,2,1,1,2,0,2,75,45,30
SCURRY COUNTY,415,49 Years,190,116,74,111,65,46,12,10,2,0,0,0,2,1,1,65,40,25
SCURRY COUNTY,415,50 Years,191,117,74,99,58,41,16,15,1,0,0,0,4,3,1,72,41,31
SCURRY COUNTY,415,51 Years,178,105,73,91,54,37,10,6,4,0,0,0,1,0,1,76,45,31
SCURRY COUNTY,415,52 Years,199,117,82,105,61,44,11,8,3,1,1,0,3,3,0,79,44,35
SCURRY COUNTY,415,53 Years,193,106,87,114,59,55,9,6,3,1,1,0,1,1,0,68,39,29
SCURRY COUNTY,415,54 Years,196,118,78,111,62,49,12,9,3,0,0,0,2,2,0,71,45,26
SCURRY COUNTY,415,55 Years,226,125,101,137,70,67,11,9,2,0,0,0,2,0,2,76,46,30
SCURRY COUNTY,415,56 Years,205,116,89,127,66,61,11,9,2,2,2,0,0,0,0,65,39,26
SCURRY COUNTY,415,57 Years,205,109,96,132,70,62,9,7,2,0,0,0,2,0,2,62,32,30
SCURRY COUNTY,415,58 Years,215,113,102,142,73,69,11,8,3,1,0,1,3,2,1,58,30,28
SCURRY COUNTY,415,59 Years,199,104,95,129,64,65,5,3,2,1,0,1,0,0,0,64,37,27
SCURRY COUNTY,415,60 Years,194,102,92,122,63,59,7,4,3,0,0,0,2,1,1,63,34,29
SCURRY COUNTY,415,61 Years,187,95,92,122,63,59,4,1,3,2,2,0,1,0,1,58,29,29
SCURRY COUNTY,415,62 Years,173,94,79,118,66,52,3,1,2,1,1,0,0,0,0,51,26,25
SCURRY COUNTY,415,63 Years,181,100,81,124,68,56,3,0,3,0,0,0,1,1,0,53,31,22
SCURRY COUNTY,415,64 Years,191,93,98,127,61,66,8,5,3,0,0,0,0,0,0,56,27,29
SCURRY COUNTY,415,65 Years,159,77,82,103,51,52,3,2,1,1,0,1,1,0,1,51,24,27
SCURRY COUNTY,415,66 Years,154,76,78,106,53,53,3,1,2,2,2,0,0,0,0,43,20,23
SCURRY COUNTY,415,67 Years,164,79,85,118,55,63,2,1,1,0,0,0,2,0,2,42,23,19
SCURRY COUNTY,415,68 Years,136,60,76,94,38,56,4,1,3,0,0,0,2,0,2,36,21,15
SCURRY COUNTY,415,69 Years,136,71,65,95,44,51,3,2,1,1,0,1,0,0,0,37,25,12
SCURRY COUNTY,415,70 Years,134,65,69,102,50,52,3,1,2,0,0,0,1,0,1,28,14,14
SCURRY COUNTY,415,71 Years,141,61,80,107,45,62,5,2,3,0,0,0,0,0,0,29,14,15
SCURRY COUNTY,415,72 Years,104,55,49,72,37,35,2,2,0,0,0,0,0,0,0,30,16,14
SCURRY COUNTY,415,73 Years,101,49,52,70,34,36,2,1,1,0,0,0,1,0,1,28,14,14
SCURRY COUNTY,415,74 Years,103,47,56,70,33,37,2,2,0,0,0,0,1,0,1,30,12,18
SCURRY COUNTY,415,75 Years,112,53,59,77,35,42,4,3,1,0,0,0,1,1,0,30,14,16
SCURRY COUNTY,415,76 Years,92,43,49,63,30,33,4,1,3,0,0,0,1,1,0,24,11,13
SCURRY COUNTY,415,77 Years,83,35,48,65,27,38,2,1,1,0,0,0,0,0,0,16,7,9
SCURRY COUNTY,415,78 Years,84,33,51,66,25,41,4,2,2,0,0,0,2,1,1,12,5,7
SCURRY COUNTY,415,79 Years,85,37,48,69,27,42,4,4,0,0,0,0,0,0,0,12,6,6
SCURRY COUNTY,415,80 Years,81,32,49,65,24,41,4,1,3,0,0,0,0,0,0,12,7,5
SCURRY COUNTY,415,81 Years,75,27,48,62,21,41,4,1,3,0,0,0,1,0,1,8,5,3
SCURRY COUNTY,415,82 Years,67,25,42,56,21,35,2,0,2,0,0,0,1,0,1,8,4,4
SCURRY COUNTY,415,83 Years,65,31,34,49,27,22,3,0,3,0,0,0,0,0,0,13,4,9
SCURRY COUNTY,415,84 Years,66,28,38,48,24,24,3,0,3,1,0,1,0,0,0,14,4,10
SCURRY COUNTY,415,85 Years,52,21,31,40,17,23,3,1,2,1,0,1,0,0,0,8,3,5
SCURRY COUNTY,415,86 Years,49,22,27,35,15,20,6,3,3,0,0,0,0,0,0,8,4,4
SCURRY COUNTY,415,87 Years,49,17,32,38,13,25,2,1,1,0,0,0,0,0,0,9,3,6
SCURRY COUNTY,415,88 Years,45,14,31,35,10,25,2,1,1,0,0,0,1,0,1,7,3,4
SCURRY COUNTY,415,89 Years,34,10,24,25,7,18,3,1,2,0,0,0,1,0,1,5,2,3
SCURRY COUNTY,415,90 Years,34,12,22,26,8,18,1,1,0,0,0,0,2,1,1,5,2,3
SCURRY COUNTY,415,91 Years,28,13,15,25,11,14,0,0,0,0,0,0,0,0,0,3,2,1
SCURRY COUNTY,415,92 Years,23,8,15,19,7,12,1,0,1,0,0,0,0,0,0,3,1,2
SCURRY COUNTY,415,93 Years,16,7,9,14,6,8,0,0,0,0,0,0,0,0,0,2,1,1
SCURRY COUNTY,415,94 Years,14,5,9,11,4,7,0,0,0,0,0,0,0,0,0,3,1,2
SCURRY COUNTY,415,95 Years +,34,12,22,20,7,13,3,1,2,0,0,0,1,0,1,10,4,6
SHACKELFORD COUNTY,417,All Ages,3314,1602,1712,2868,1375,1493,9,5,4,19,4,15,54,28,26,364,190,174
SHACKELFORD COUNTY,417,< 1 Year,40,23,17,33,19,14,0,0,0,3,1,2,1,1,0,3,2,1
SHACKELFORD COUNTY,417,1 Years,40,22,18,33,18,15,0,0,0,3,1,2,1,1,0,3,2,1
SHACKELFORD COUNTY,417,2 Years,43,23,20,36,19,17,0,0,0,3,1,2,1,1,0,3,2,1
SHACKELFORD COUNTY,417,3 Years,40,20,20,36,18,18,0,0,0,0,0,0,0,0,0,4,2,2
SHACKELFORD COUNTY,417,4 Years,40,20,20,36,18,18,0,0,0,0,0,0,0,0,0,4,2,2
SHACKELFORD COUNTY,417,5 Years,40,20,20,36,18,18,0,0,0,0,0,0,0,0,0,4,2,2
SHACKELFORD COUNTY,417,6 Years,41,22,19,37,20,17,0,0,0,0,0,0,0,0,0,4,2,2
SHACKELFORD COUNTY,417,7 Years,39,21,18,34,19,15,0,0,0,0,0,0,0,0,0,5,2,3
SHACKELFORD COUNTY,417,8 Years,47,26,21,41,23,18,0,0,0,1,1,0,0,0,0,5,2,3
SHACKELFORD COUNTY,417,9 Years,34,14,20,26,10,16,0,0,0,0,0,0,2,1,1,6,3,3
SHACKELFORD COUNTY,417,10 Years,35,18,17,30,17,13,0,0,0,0,0,0,1,0,1,4,1,3
SHACKELFORD COUNTY,417,11 Years,53,25,28,44,20,24,0,0,0,0,0,0,2,1,1,7,4,3
SHACKELFORD COUNTY,417,12 Years,48,27,21,34,18,16,0,0,0,1,0,1,3,1,2,10,8,2
SHACKELFORD COUNTY,417,13 Years,49,23,26,38,16,22,1,1,0,1,0,1,3,2,1,6,4,2
SHACKELFORD COUNTY,417,14 Years,38,18,20,32,15,17,0,0,0,0,0,0,1,1,0,5,2,3
SHACKELFORD COUNTY,417,15 Years,33,17,16,28,15,13,0,0,0,0,0,0,0,0,0,5,2,3
SHACKELFORD COUNTY,417,16 Years,48,21,27,38,16,22,2,2,0,0,0,0,1,1,0,7,2,5
SHACKELFORD COUNTY,417,17 Years,44,20,24,36,15,21,0,0,0,0,0,0,1,1,0,7,4,3
SHACKELFORD COUNTY,417,18 Years,33,15,18,26,12,14,1,0,1,0,0,0,1,1,0,5,2,3
SHACKELFORD COUNTY,417,19 Years,38,15,23,27,10,17,0,0,0,0,0,0,1,1,0,10,4,6
SHACKELFORD COUNTY,417,20 Years,34,18,16,24,13,11,0,0,0,0,0,0,1,1,0,9,4,5
SHACKELFORD COUNTY,417,21 Years,25,13,12,17,8,9,0,0,0,0,0,0,1,1,0,7,4,3
SHACKELFORD COUNTY,417,22 Years,30,8,22,26,7,19,0,0,0,0,0,0,1,0,1,3,1,2
SHACKELFORD COUNTY,417,23 Years,46,19,27,37,13,24,0,0,0,0,0,0,0,0,0,9,6,3
SHACKELFORD COUNTY,417,24 Years,46,20,26,32,15,17,0,0,0,1,0,1,1,0,1,12,5,7
SHACKELFORD COUNTY,417,25 Years,49,18,31,37,13,24,0,0,0,2,0,2,0,0,0,10,5,5
SHACKELFORD COUNTY,417,26 Years,60,21,39,52,17,35,0,0,0,2,0,2,0,0,0,6,4,2
SHACKELFORD COUNTY,417,27 Years,46,22,24,41,18,23,0,0,0,0,0,0,1,0,1,4,4,0
SHACKELFORD COUNTY,417,28 Years,42,21,21,34,15,19,0,0,0,0,0,0,1,0,1,7,6,1
SHACKELFORD COUNTY,417,29 Years,32,14,18,25,11,14,0,0,0,0,0,0,0,0,0,7,3,4
SHACKELFORD COUNTY,417,30 Years,27,13,14,23,10,13,0,0,0,0,0,0,0,0,0,4,3,1
SHACKELFORD COUNTY,417,31 Years,33,18,15,28,14,14,0,0,0,0,0,0,0,0,0,5,4,1
SHACKELFORD COUNTY,417,32 Years,37,19,18,30,16,14,0,0,0,0,0,0,1,0,1,6,3,3
SHACKELFORD COUNTY,417,33 Years,45,23,22,39,21,18,0,0,0,0,0,0,1,0,1,5,2,3
SHACKELFORD COUNTY,417,34 Years,29,13,16,26,13,13,0,0,0,0,0,0,1,0,1,2,0,2
SHACKELFORD COUNTY,417,35 Years,25,9,16,22,7,15,0,0,0,0,0,0,2,2,0,1,0,1
SHACKELFORD COUNTY,417,36 Years,27,14,13,23,11,12,0,0,0,0,0,0,1,1,0,3,2,1
SHACKELFORD COUNTY,417,37 Years,28,15,13,25,13,12,0,0,0,0,0,0,0,0,0,3,2,1
SHACKELFORD COUNTY,417,38 Years,33,16,17,30,14,16,0,0,0,0,0,0,0,0,0,3,2,1
SHACKELFORD COUNTY,417,39 Years,29,16,13,27,15,12,0,0,0,0,0,0,0,0,0,2,1,1
SHACKELFORD COUNTY,417,40 Years,22,12,10,20,11,9,0,0,0,0,0,0,0,0,0,2,1,1
SHACKELFORD COUNTY,417,41 Years,26,14,12,24,13,11,0,0,0,0,0,0,0,0,0,2,1,1
SHACKELFORD COUNTY,417,42 Years,35,13,22,31,13,18,0,0,0,0,0,0,0,0,0,4,0,4
SHACKELFORD COUNTY,417,43 Years,47,24,23,42,22,20,0,0,0,0,0,0,0,0,0,5,2,3
SHACKELFORD COUNTY,417,44 Years,42,24,18,37,23,14,0,0,0,0,0,0,0,0,0,5,1,4
SHACKELFORD COUNTY,417,45 Years,37,18,19,32,15,17,0,0,0,0,0,0,0,0,0,5,3,2
SHACKELFORD COUNTY,417,46 Years,35,18,17,30,14,16,0,0,0,0,0,0,0,0,0,5,4,1
SHACKELFORD COUNTY,417,47 Years,42,19,23,39,17,22,1,1,0,0,0,0,0,0,0,2,1,1
SHACKELFORD COUNTY,417,48 Years,40,20,20,35,17,18,0,0,0,0,0,0,0,0,0,5,3,2
SHACKELFORD COUNTY,417,49 Years,36,21,15,30,19,11,0,0,0,0,0,0,0,0,0,6,2,4
SHACKELFORD COUNTY,417,50 Years,37,20,17,30,16,14,0,0,0,0,0,0,2,2,0,5,2,3
SHACKELFORD COUNTY,417,51 Years,43,20,23,34,14,20,1,1,0,0,0,0,1,1,0,7,4,3
SHACKELFORD COUNTY,417,52 Years,43,19,24,40,17,23,0,0,0,0,0,0,0,0,0,3,2,1
SHACKELFORD COUNTY,417,53 Years,44,24,20,38,21,17,0,0,0,0,0,0,1,1,0,5,2,3
SHACKELFORD COUNTY,417,54 Years,41,18,23,34,14,20,0,0,0,0,0,0,0,0,0,7,4,3
SHACKELFORD COUNTY,417,55 Years,49,17,32,40,14,26,0,0,0,0,0,0,1,0,1,8,3,5
SHACKELFORD COUNTY,417,56 Years,55,22,33,49,20,29,0,0,0,0,0,0,1,0,1,5,2,3
SHACKELFORD COUNTY,417,57 Years,64,37,27,58,33,25,0,0,0,0,0,0,1,1,0,5,3,2
SHACKELFORD COUNTY,417,58 Years,53,28,25,48,24,24,0,0,0,0,0,0,0,0,0,5,4,1
SHACKELFORD COUNTY,417,59 Years,51,25,26,49,24,25,0,0,0,0,0,0,0,0,0,2,1,1
SHACKELFORD COUNTY,417,60 Years,57,31,26,50,27,23,0,0,0,1,0,1,2,2,0,4,2,2
SHACKELFORD COUNTY,417,61 Years,44,22,22,40,19,21,0,0,0,0,0,0,1,1,0,3,2,1
SHACKELFORD COUNTY,417,62 Years,52,25,27,47,23,24,0,0,0,0,0,0,1,0,1,4,2,2
SHACKELFORD COUNTY,417,63 Years,55,27,28,51,25,26,0,0,0,0,0,0,1,1,0,3,1,2
SHACKELFORD COUNTY,417,64 Years,54,25,29,51,24,27,0,0,0,0,0,0,0,0,0,3,1,2
SHACKELFORD COUNTY,417,65 Years,46,22,24,44,21,23,0,0,0,0,0,0,0,0,0,2,1,1
SHACKELFORD COUNTY,417,66 Years,39,15,24,36,14,22,0,0,0,0,0,0,1,0,1,2,1,1
SHACKELFORD COUNTY,417,67 Years,35,13,22,33,13,20,0,0,0,0,0,0,0,0,0,2,0,2
SHACKELFORD COUNTY,417,68 Years,46,21,25,43,21,22,0,0,0,0,0,0,0,0,0,3,0,3
SHACKELFORD COUNTY,417,69 Years,43,24,19,41,22,19,0,0,0,0,0,0,0,0,0,2,2,0
SHACKELFORD COUNTY,417,70 Years,42,23,19,38,20,18,0,0,0,0,0,0,0,0,0,4,3,1
SHACKELFORD COUNTY,417,71 Years,38,25,13,35,23,12,0,0,0,0,0,0,0,0,0,3,2,1
SHACKELFORD COUNTY,417,72 Years,31,16,15,28,16,12,0,0,0,1,0,1,1,0,1,1,0,1
SHACKELFORD COUNTY,417,73 Years,24,14,10,21,12,9,0,0,0,0,0,0,1,1,0,2,1,1
SHACKELFORD COUNTY,417,74 Years,27,16,11,26,16,10,0,0,0,0,0,0,0,0,0,1,0,1
SHACKELFORD COUNTY,417,75 Years,29,15,14,25,13,12,0,0,0,0,0,0,1,0,1,3,2,1
SHACKELFORD COUNTY,417,76 Years,35,12,23,32,10,22,0,0,0,0,0,0,0,0,0,3,2,1
SHACKELFORD COUNTY,417,77 Years,24,9,15,23,8,15,0,0,0,0,0,0,0,0,0,1,1,0
SHACKELFORD COUNTY,417,78 Years,19,10,9,19,10,9,0,0,0,0,0,0,0,0,0,0,0,0
SHACKELFORD COUNTY,417,79 Years,20,12,8,18,10,8,0,0,0,0,0,0,0,0,0,2,2,0
SHACKELFORD COUNTY,417,80 Years,25,12,13,23,10,13,0,0,0,0,0,0,0,0,0,2,2,0
SHACKELFORD COUNTY,417,81 Years,18,10,8,17,9,8,0,0,0,0,0,0,0,0,0,1,1,0
SHACKELFORD COUNTY,417,82 Years,15,8,7,14,8,6,1,0,1,0,0,0,0,0,0,0,0,0
SHACKELFORD COUNTY,417,83 Years,15,8,7,15,8,7,0,0,0,0,0,0,0,0,0,0,0,0
SHACKELFORD COUNTY,417,84 Years,19,7,12,16,6,10,1,0,1,0,0,0,0,0,0,2,1,1
SHACKELFORD COUNTY,417,85 Years,12,4,8,9,4,5,1,0,1,0,0,0,1,0,1,1,0,1
SHACKELFORD COUNTY,417,86 Years,8,4,4,7,4,3,0,0,0,0,0,0,1,0,1,0,0,0
SHACKELFORD COUNTY,417,87 Years,6,3,3,6,3,3,0,0,0,0,0,0,0,0,0,0,0,0
SHACKELFORD COUNTY,417,88 Years,8,3,5,8,3,5,0,0,0,0,0,0,0,0,0,0,0,0
SHACKELFORD COUNTY,417,89 Years,9,3,6,9,3,6,0,0,0,0,0,0,0,0,0,0,0,0
SHACKELFORD COUNTY,417,90 Years,6,2,4,5,2,3,0,0,0,0,0,0,0,0,0,1,0,1
SHACKELFORD COUNTY,417,91 Years,4,3,1,3,2,1,0,0,0,0,0,0,0,0,0,1,1,0
SHACKELFORD COUNTY,417,92 Years,5,2,3,4,2,2,0,0,0,0,0,0,1,0,1,0,0,0
SHACKELFORD COUNTY,417,93 Years,4,1,3,3,1,2,0,0,0,0,0,0,1,0,1,0,0,0
SHACKELFORD COUNTY,417,94 Years,3,0,3,2,0,2,0,0,0,0,0,0,1,0,1,0,0,0
SHACKELFORD COUNTY,417,95 Years +,9,2,7,7,2,5,0,0,0,0,0,0,2,0,2,0,0,0
SHELBY COUNTY,419,All Ages,24609,12206,12403,15081,7458,7623,4181,1935,2246,161,80,81,323,161,162,4863,2572,2291
SHELBY COUNTY,419,< 1 Year,340,170,170,167,80,87,47,26,21,10,6,4,8,4,4,108,54,54
SHELBY COUNTY,419,1 Years,356,176,180,173,85,88,48,26,22,10,6,4,8,5,3,117,54,63
SHELBY COUNTY,419,2 Years,370,184,186,176,86,90,48,24,24,11,7,4,11,5,6,124,62,62
SHELBY COUNTY,419,3 Years,375,183,192,173,86,87,45,22,23,14,7,7,13,6,7,130,62,68
SHELBY COUNTY,419,4 Years,371,190,181,174,90,84,45,22,23,17,10,7,12,6,6,123,62,61
SHELBY COUNTY,419,5 Years,363,183,180,165,85,80,42,22,20,13,7,6,9,4,5,134,65,69
SHELBY COUNTY,419,6 Years,352,179,173,159,82,77,41,22,19,7,4,3,8,5,3,137,66,71
SHELBY COUNTY,419,7 Years,343,170,173,150,77,73,46,23,23,6,3,3,5,3,2,136,64,72
SHELBY COUNTY,419,8 Years,360,171,189,157,82,75,57,26,31,3,1,2,6,1,5,137,61,76
SHELBY COUNTY,419,9 Years,357,190,167,160,85,75,64,36,28,1,0,1,9,5,4,123,64,59
SHELBY COUNTY,419,10 Years,356,176,180,165,74,91,69,39,30,1,1,0,9,4,5,112,58,54
SHELBY COUNTY,419,11 Years,350,181,169,170,80,90,73,45,28,0,0,0,8,5,3,99,51,48
SHELBY COUNTY,419,12 Years,362,196,166,179,95,84,66,38,28,0,0,0,9,3,6,108,60,48
SHELBY COUNTY,419,13 Years,357,187,170,183,99,84,63,29,34,1,0,1,8,3,5,102,56,46
SHELBY COUNTY,419,14 Years,368,197,171,186,96,90,71,40,31,1,1,0,4,2,2,106,58,48
SHELBY COUNTY,419,15 Years,367,204,163,174,89,85,78,44,34,0,0,0,6,3,3,109,68,41
SHELBY COUNTY,419,16 Years,334,183,151,165,93,72,60,31,29,0,0,0,5,3,2,104,56,48
SHELBY COUNTY,419,17 Years,356,188,168,184,92,92,65,31,34,1,1,0,3,2,1,103,62,41
SHELBY COUNTY,419,18 Years,324,170,154,155,84,71,73,33,40,2,2,0,4,3,1,90,48,42
SHELBY COUNTY,419,19 Years,272,143,129,140,76,64,57,26,31,0,0,0,4,2,2,71,39,32
SHELBY COUNTY,419,20 Years,261,127,134,140,69,71,43,17,26,0,0,0,5,2,3,73,39,34
SHELBY COUNTY,419,21 Years,245,126,119,133,66,67,46,26,20,0,0,0,6,4,2,60,30,30
SHELBY COUNTY,419,22 Years,241,116,125,129,62,67,54,26,28,0,0,0,5,4,1,53,24,29
SHELBY COUNTY,419,23 Years,252,121,131,141,70,71,54,25,29,0,0,0,5,4,1,52,22,30
SHELBY COUNTY,419,24 Years,268,115,153,157,69,88,54,25,29,0,0,0,4,1,3,53,20,33
SHELBY COUNTY,419,25 Years,302,160,142,178,91,87,59,33,26,3,2,1,5,2,3,57,32,25
SHELBY COUNTY,419,26 Years,314,141,173,174,74,100,70,28,42,2,1,1,5,3,2,63,35,28
SHELBY COUNTY,419,27 Years,324,152,172,186,95,91,71,21,50,1,0,1,5,1,4,61,35,26
SHELBY COUNTY,419,28 Years,314,148,166,193,100,93,62,20,42,2,1,1,3,1,2,54,26,28
SHELBY COUNTY,419,29 Years,309,139,170,185,86,99,50,16,34,3,1,2,5,3,2,66,33,33
SHELBY COUNTY,419,30 Years,312,154,158,186,93,93,53,22,31,2,1,1,2,2,0,69,36,33
SHELBY COUNTY,419,31 Years,295,140,155,171,84,87,53,18,35,1,1,0,1,0,1,69,37,32
SHELBY COUNTY,419,32 Years,295,144,151,171,87,84,52,20,32,0,0,0,2,1,1,70,36,34
SHELBY COUNTY,419,33 Years,286,145,141,164,84,80,47,22,25,2,0,2,2,1,1,71,38,33
SHELBY COUNTY,419,34 Years,295,149,146,170,83,87,45,18,27,1,0,1,4,2,2,75,46,29
SHELBY COUNTY,419,35 Years,290,149,141,173,88,85,47,21,26,1,1,0,5,2,3,64,37,27
SHELBY COUNTY,419,36 Years,262,135,127,148,77,71,50,21,29,0,0,0,3,1,2,61,36,25
SHELBY COUNTY,419,37 Years,290,151,139,172,85,87,45,21,24,2,1,1,0,0,0,71,44,27
SHELBY COUNTY,419,38 Years,286,140,146,179,80,99,46,24,22,1,0,1,1,0,1,59,36,23
SHELBY COUNTY,419,39 Years,281,139,142,170,86,84,43,19,24,0,0,0,4,0,4,64,34,30
SHELBY COUNTY,419,40 Years,292,140,152,173,90,83,46,17,29,1,0,1,2,1,1,70,32,38
SHELBY COUNTY,419,41 Years,259,134,125,143,75,68,44,20,24,2,0,2,1,1,0,69,38,31
SHELBY COUNTY,419,42 Years,272,124,148,153,73,80,39,14,25,1,0,1,2,1,1,77,36,41
SHELBY COUNTY,419,43 Years,290,145,145,170,88,82,47,23,24,1,1,0,2,1,1,70,32,38
SHELBY COUNTY,419,44 Years,296,140,156,174,79,95,47,20,27,0,0,0,2,2,0,73,39,34
SHELBY COUNTY,419,45 Years,259,132,127,157,84,73,39,14,25,0,0,0,1,0,1,62,34,28
SHELBY COUNTY,419,46 Years,280,132,148,177,83,94,45,15,30,1,0,1,1,1,0,56,33,23
SHELBY COUNTY,419,47 Years,312,155,157,201,99,102,54,24,30,2,0,2,2,1,1,53,31,22
SHELBY COUNTY,419,48 Years,315,168,147,197,105,92,58,26,32,2,2,0,1,0,1,57,35,22
SHELBY COUNTY,419,49 Years,329,166,163,224,117,107,53,20,33,1,1,0,0,0,0,51,28,23
SHELBY COUNTY,419,50 Years,283,152,131,180,98,82,57,24,33,0,0,0,0,0,0,46,30,16
SHELBY COUNTY,419,51 Years,297,140,157,197,92,105,57,26,31,2,1,1,2,2,0,39,19,20
SHELBY COUNTY,419,52 Years,284,138,146,180,81,99,52,30,22,1,0,1,2,1,1,49,26,23
SHELBY COUNTY,419,53 Years,311,153,158,195,92,103,65,34,31,0,0,0,3,2,1,48,25,23
SHELBY COUNTY,419,54 Years,312,162,150,197,101,96,71,34,37,2,2,0,1,0,1,41,25,16
SHELBY COUNTY,419,55 Years,318,171,147,208,109,99,68,37,31,3,1,2,4,3,1,35,21,14
SHELBY COUNTY,419,56 Years,319,169,150,226,127,99,58,25,33,1,0,1,4,2,2,30,15,15
SHELBY COUNTY,419,57 Years,313,157,156,220,114,106,62,26,36,0,0,0,1,0,1,30,17,13
SHELBY COUNTY,419,58 Years,343,182,161,244,124,120,64,32,32,0,0,0,2,0,2,33,26,7
SHELBY COUNTY,419,59 Years,329,162,167,235,106,129,55,33,22,0,0,0,3,0,3,36,23,13
SHELBY COUNTY,419,60 Years,335,166,169,241,119,122,58,30,28,0,0,0,4,2,2,32,15,17
SHELBY COUNTY,419,61 Years,310,149,161,229,110,119,53,20,33,1,1,0,2,1,1,25,17,8
SHELBY COUNTY,419,62 Years,313,154,159,230,112,118,57,29,28,1,0,1,2,0,2,23,13,10
SHELBY COUNTY,419,63 Years,303,156,147,223,120,103,56,23,33,1,0,1,5,2,3,18,11,7
SHELBY COUNTY,419,64 Years,263,129,134,179,93,86,63,28,35,1,0,1,2,1,1,18,7,11
SHELBY COUNTY,419,65 Years,275,127,148,207,99,108,44,16,28,1,0,1,2,2,0,21,10,11
SHELBY COUNTY,419,66 Years,266,119,147,209,95,114,38,13,25,1,0,1,3,2,1,15,9,6
SHELBY COUNTY,419,67 Years,274,138,136,207,105,102,50,27,23,2,0,2,2,0,2,13,6,7
SHELBY COUNTY,419,68 Years,272,127,145,202,95,107,52,23,29,1,0,1,3,1,2,14,8,6
SHELBY COUNTY,419,69 Years,243,124,119,186,97,89,41,18,23,0,0,0,3,2,1,13,7,6
SHELBY COUNTY,419,70 Years,252,127,125,209,104,105,32,15,17,1,0,1,2,2,0,8,6,2
SHELBY COUNTY,419,71 Years,241,123,118,195,105,90,32,13,19,2,0,2,1,0,1,11,5,6
SHELBY COUNTY,419,72 Years,196,98,98,159,79,80,22,11,11,1,0,1,3,2,1,11,6,5
SHELBY COUNTY,419,73 Years,186,89,97,152,69,83,21,15,6,0,0,0,2,2,0,11,3,8
SHELBY COUNTY,419,74 Years,205,100,105,172,83,89,24,11,13,1,0,1,1,1,0,7,5,2
SHELBY COUNTY,419,75 Years,180,87,93,151,72,79,18,8,10,2,2,0,1,1,0,8,4,4
SHELBY COUNTY,419,76 Years,180,81,99,153,70,83,18,7,11,1,1,0,2,0,2,6,3,3
SHELBY COUNTY,419,77 Years,178,87,91,149,71,78,22,11,11,1,1,0,3,2,1,3,2,1
SHELBY COUNTY,419,78 Years,151,68,83,127,58,69,21,7,14,1,1,0,0,0,0,2,2,0
SHELBY COUNTY,419,79 Years,128,52,76,106,43,63,17,5,12,1,1,0,1,1,0,3,2,1
SHELBY COUNTY,419,80 Years,138,57,81,118,50,68,17,6,11,0,0,0,1,1,0,2,0,2
SHELBY COUNTY,419,81 Years,126,59,67,105,50,55,13,6,7,0,0,0,3,1,2,5,2,3
SHELBY COUNTY,419,82 Years,111,57,54,90,46,44,13,7,6,0,0,0,3,1,2,5,3,2
SHELBY COUNTY,419,83 Years,109,51,58,83,42,41,19,7,12,0,0,0,4,2,2,3,0,3
SHELBY COUNTY,419,84 Years,103,44,59,80,36,44,17,5,12,0,0,0,2,1,1,4,2,2
SHELBY COUNTY,419,85 Years,82,31,51,68,25,43,12,5,7,0,0,0,0,0,0,2,1,1
SHELBY COUNTY,419,86 Years,66,27,39,54,21,33,9,4,5,0,0,0,0,0,0,3,2,1
SHELBY COUNTY,419,87 Years,59,27,32,48,22,26,7,3,4,0,0,0,1,1,0,3,1,2
SHELBY COUNTY,419,88 Years,58,23,35,46,18,28,8,3,5,1,0,1,1,1,0,2,1,1
SHELBY COUNTY,419,89 Years,53,20,33,40,14,26,9,3,6,0,0,0,2,1,1,2,2,0
SHELBY COUNTY,419,90 Years,41,19,22,31,13,18,7,3,4,0,0,0,1,1,0,2,2,0
SHELBY COUNTY,419,91 Years,31,14,17,24,11,13,6,2,4,0,0,0,1,1,0,0,0,0
SHELBY COUNTY,419,92 Years,28,11,17,22,9,13,5,2,3,0,0,0,1,0,1,0,0,0
SHELBY COUNTY,419,93 Years,23,9,14,17,6,11,4,2,2,0,0,0,1,0,1,1,1,0
SHELBY COUNTY,419,94 Years,18,7,11,14,5,9,3,1,2,0,0,0,0,0,0,1,1,0
SHELBY COUNTY,419,95 Years +,44,15,29,29,9,20,10,4,6,1,0,1,1,0,1,3,2,1
SHERMAN COUNTY,421,All Ages,3086,1572,1514,1625,818,807,10,9,1,3,2,1,40,19,21,1408,724,684
SHERMAN COUNTY,421,< 1 Year,45,21,24,14,5,9,0,0,0,0,0,0,0,0,0,31,16,15
SHERMAN COUNTY,421,1 Years,45,23,22,14,6,8,0,0,0,0,0,0,0,0,0,31,17,14
SHERMAN COUNTY,421,2 Years,42,20,22,18,7,11,0,0,0,0,0,0,0,0,0,24,13,11
SHERMAN COUNTY,421,3 Years,42,20,22,15,7,8,0,0,0,0,0,0,0,0,0,27,13,14
SHERMAN COUNTY,421,4 Years,46,22,24,14,7,7,0,0,0,0,0,0,2,1,1,30,14,16
SHERMAN COUNTY,421,5 Years,45,21,24,12,6,6,0,0,0,0,0,0,2,1,1,31,14,17
SHERMAN COUNTY,421,6 Years,48,23,25,15,8,7,0,0,0,0,0,0,3,2,1,30,13,17
SHERMAN COUNTY,421,7 Years,44,21,23,15,7,8,0,0,0,0,0,0,2,1,1,27,13,14
SHERMAN COUNTY,421,8 Years,34,14,20,12,2,10,0,0,0,0,0,0,0,0,0,22,12,10
SHERMAN COUNTY,421,9 Years,44,20,24,23,11,12,0,0,0,0,0,0,0,0,0,21,9,12
SHERMAN COUNTY,421,10 Years,49,24,25,18,9,9,0,0,0,0,0,0,0,0,0,31,15,16
SHERMAN COUNTY,421,11 Years,40,23,17,13,6,7,0,0,0,0,0,0,0,0,0,27,17,10
SHERMAN COUNTY,421,12 Years,44,28,16,14,8,6,0,0,0,0,0,0,0,0,0,30,20,10
SHERMAN COUNTY,421,13 Years,50,25,25,21,12,9,0,0,0,0,0,0,0,0,0,29,13,16
SHERMAN COUNTY,421,14 Years,51,23,28,24,10,14,0,0,0,1,0,1,1,0,1,25,13,12
SHERMAN COUNTY,421,15 Years,50,26,24,23,12,11,0,0,0,1,1,0,0,0,0,26,13,13
SHERMAN COUNTY,421,16 Years,47,26,21,18,10,8,0,0,0,0,0,0,1,0,1,28,16,12
SHERMAN COUNTY,421,17 Years,50,27,23,16,11,5,0,0,0,0,0,0,2,1,1,32,15,17
SHERMAN COUNTY,421,18 Years,38,19,19,13,8,5,0,0,0,0,0,0,2,1,1,23,10,13
SHERMAN COUNTY,421,19 Years,27,10,17,11,6,5,0,0,0,0,0,0,1,0,1,15,4,11
SHERMAN COUNTY,421,20 Years,36,20,16,10,5,5,1,1,0,0,0,0,0,0,0,25,14,11
SHERMAN COUNTY,421,21 Years,38,22,16,11,7,4,0,0,0,0,0,0,1,1,0,26,14,12
SHERMAN COUNTY,421,22 Years,41,21,20,12,8,4,0,0,0,0,0,0,1,1,0,28,12,16
SHERMAN COUNTY,421,23 Years,45,21,24,13,8,5,1,0,1,0,0,0,1,1,0,30,12,18
SHERMAN COUNTY,421,24 Years,51,21,30,19,9,10,0,0,0,0,0,0,0,0,0,32,12,20
SHERMAN COUNTY,421,25 Years,53,30,23,25,14,11,0,0,0,0,0,0,0,0,0,28,16,12
SHERMAN COUNTY,421,26 Years,42,25,17,18,12,6,0,0,0,0,0,0,0,0,0,24,13,11
SHERMAN COUNTY,421,27 Years,38,20,18,12,6,6,0,0,0,0,0,0,1,1,0,25,13,12
SHERMAN COUNTY,421,28 Years,26,14,12,9,4,5,0,0,0,0,0,0,0,0,0,17,10,7
SHERMAN COUNTY,421,29 Years,25,13,12,10,5,5,0,0,0,0,0,0,0,0,0,15,8,7
SHERMAN COUNTY,421,30 Years,22,15,7,9,7,2,0,0,0,0,0,0,0,0,0,13,8,5
SHERMAN COUNTY,421,31 Years,34,18,16,17,7,10,0,0,0,0,0,0,0,0,0,17,11,6
SHERMAN COUNTY,421,32 Years,27,19,8,14,8,6,1,1,0,0,0,0,0,0,0,12,10,2
SHERMAN COUNTY,421,33 Years,24,12,12,11,5,6,0,0,0,0,0,0,0,0,0,13,7,6
SHERMAN COUNTY,421,34 Years,30,10,20,17,6,11,0,0,0,0,0,0,0,0,0,13,4,9
SHERMAN COUNTY,421,35 Years,36,15,21,20,8,12,0,0,0,0,0,0,0,0,0,16,7,9
SHERMAN COUNTY,421,36 Years,28,14,14,17,9,8,0,0,0,0,0,0,0,0,0,11,5,6
SHERMAN COUNTY,421,37 Years,27,14,13,14,7,7,0,0,0,0,0,0,0,0,0,13,7,6
SHERMAN COUNTY,421,38 Years,27,17,10,14,8,6,0,0,0,0,0,0,0,0,0,13,9,4
SHERMAN COUNTY,421,39 Years,29,14,15,13,5,8,0,0,0,0,0,0,1,1,0,15,8,7
SHERMAN COUNTY,421,40 Years,31,15,16,16,7,9,0,0,0,0,0,0,1,0,1,14,8,6
SHERMAN COUNTY,421,41 Years,28,15,13,10,7,3,0,0,0,0,0,0,1,0,1,17,8,9
SHERMAN COUNTY,421,42 Years,38,24,14,18,10,8,0,0,0,1,1,0,1,1,0,18,12,6
SHERMAN COUNTY,421,43 Years,46,24,22,20,12,8,0,0,0,0,0,0,1,0,1,25,12,13
SHERMAN COUNTY,421,44 Years,34,17,17,14,7,7,0,0,0,0,0,0,1,0,1,19,10,9
SHERMAN COUNTY,421,45 Years,35,14,21,19,8,11,0,0,0,0,0,0,0,0,0,16,6,10
SHERMAN COUNTY,421,46 Years,48,27,21,29,15,14,0,0,0,0,0,0,1,1,0,18,11,7
SHERMAN COUNTY,421,47 Years,43,18,25,27,11,16,0,0,0,0,0,0,0,0,0,16,7,9
SHERMAN COUNTY,421,48 Years,42,21,21,22,11,11,0,0,0,0,0,0,1,1,0,19,9,10
SHERMAN COUNTY,421,49 Years,42,21,21,21,11,10,0,0,0,0,0,0,1,1,0,20,9,11
SHERMAN COUNTY,421,50 Years,35,12,23,16,5,11,0,0,0,0,0,0,0,0,0,19,7,12
SHERMAN COUNTY,421,51 Years,38,18,20,23,8,15,1,1,0,0,0,0,0,0,0,14,9,5
SHERMAN COUNTY,421,52 Years,49,21,28,22,9,13,1,1,0,0,0,0,0,0,0,26,11,15
SHERMAN COUNTY,421,53 Years,50,27,23,26,15,11,0,0,0,0,0,0,0,0,0,24,12,12
SHERMAN COUNTY,421,54 Years,49,29,20,33,20,13,0,0,0,0,0,0,1,0,1,15,9,6
SHERMAN COUNTY,421,55 Years,40,25,15,26,14,12,0,0,0,0,0,0,1,0,1,13,11,2
SHERMAN COUNTY,421,56 Years,45,23,22,26,15,11,0,0,0,0,0,0,1,0,1,18,8,10
SHERMAN COUNTY,421,57 Years,44,22,22,29,12,17,0,0,0,0,0,0,1,1,0,14,9,5
SHERMAN COUNTY,421,58 Years,36,22,14,23,12,11,0,0,0,0,0,0,1,1,0,12,9,3
SHERMAN COUNTY,421,59 Years,42,19,23,28,12,16,0,0,0,0,0,0,1,1,0,13,6,7
SHERMAN COUNTY,421,60 Years,48,23,25,32,15,17,0,0,0,0,0,0,0,0,0,16,8,8
SHERMAN COUNTY,421,61 Years,35,19,16,25,14,11,0,0,0,0,0,0,0,0,0,10,5,5
SHERMAN COUNTY,421,62 Years,39,26,13,25,17,8,1,1,0,0,0,0,0,0,0,13,8,5
SHERMAN COUNTY,421,63 Years,44,24,20,29,16,13,0,0,0,0,0,0,1,0,1,14,8,6
SHERMAN COUNTY,421,64 Years,27,12,15,17,7,10,0,0,0,0,0,0,0,0,0,10,5,5
SHERMAN COUNTY,421,65 Years,22,13,9,17,9,8,0,0,0,0,0,0,0,0,0,5,4,1
SHERMAN COUNTY,421,66 Years,29,15,14,24,12,12,1,1,0,0,0,0,0,0,0,4,2,2
SHERMAN COUNTY,421,67 Years,31,17,14,24,12,12,1,1,0,0,0,0,1,0,1,5,4,1
SHERMAN COUNTY,421,68 Years,28,13,15,21,10,11,0,0,0,0,0,0,1,0,1,6,3,3
SHERMAN COUNTY,421,69 Years,23,13,10,21,12,9,0,0,0,0,0,0,0,0,0,2,1,1
SHERMAN COUNTY,421,70 Years,27,14,13,22,10,12,1,1,0,0,0,0,0,0,0,4,3,1
SHERMAN COUNTY,421,71 Years,30,14,16,27,13,14,0,0,0,0,0,0,0,0,0,3,1,2
SHERMAN COUNTY,421,72 Years,25,12,13,23,12,11,0,0,0,0,0,0,0,0,0,2,0,2
SHERMAN COUNTY,421,73 Years,19,9,10,18,9,9,0,0,0,0,0,0,0,0,0,1,0,1
SHERMAN COUNTY,421,74 Years,23,14,9,19,11,8,0,0,0,0,0,0,0,0,0,4,3,1
SHERMAN COUNTY,421,75 Years,18,9,9,15,7,8,0,0,0,0,0,0,0,0,0,3,2,1
SHERMAN COUNTY,421,76 Years,22,12,10,18,10,8,0,0,0,0,0,0,1,0,1,3,2,1
SHERMAN COUNTY,421,77 Years,27,17,10,24,16,8,0,0,0,0,0,0,0,0,0,3,1,2
SHERMAN COUNTY,421,78 Years,19,10,9,16,9,7,0,0,0,0,0,0,0,0,0,3,1,2
SHERMAN COUNTY,421,79 Years,17,9,8,16,8,8,0,0,0,0,0,0,0,0,0,1,1,0
SHERMAN COUNTY,421,80 Years,15,9,6,14,8,6,0,0,0,0,0,0,0,0,0,1,1,0
SHERMAN COUNTY,421,81 Years,10,6,4,8,4,4,0,0,0,0,0,0,0,0,0,2,2,0
SHERMAN COUNTY,421,82 Years,14,9,5,11,6,5,1,1,0,0,0,0,0,0,0,2,2,0
SHERMAN COUNTY,421,83 Years,15,7,8,13,7,6,0,0,0,0,0,0,0,0,0,2,0,2
SHERMAN COUNTY,421,84 Years,13,4,9,11,4,7,0,0,0,0,0,0,0,0,0,2,0,2
SHERMAN COUNTY,421,85 Years,13,5,8,10,4,6,0,0,0,0,0,0,0,0,0,3,1,2
SHERMAN COUNTY,421,86 Years,11,5,6,10,5,5,0,0,0,0,0,0,0,0,0,1,0,1
SHERMAN COUNTY,421,87 Years,9,4,5,8,4,4,0,0,0,0,0,0,0,0,0,1,0,1
SHERMAN COUNTY,421,88 Years,9,5,4,8,4,4,0,0,0,0,0,0,0,0,0,1,1,0
SHERMAN COUNTY,421,89 Years,7,3,4,7,3,4,0,0,0,0,0,0,0,0,0,0,0,0
SHERMAN COUNTY,421,90 Years,8,3,5,7,3,4,0,0,0,0,0,0,1,0,1,0,0,0
SHERMAN COUNTY,421,91 Years,7,3,4,6,3,3,0,0,0,0,0,0,0,0,0,1,0,1
SHERMAN COUNTY,421,92 Years,5,2,3,5,2,3,0,0,0,0,0,0,0,0,0,0,0,0
SHERMAN COUNTY,421,93 Years,4,1,3,4,1,3,0,0,0,0,0,0,0,0,0,0,0,0
SHERMAN COUNTY,421,94 Years,3,1,2,3,1,2,0,0,0,0,0,0,0,0,0,0,0,0
SHERMAN COUNTY,421,95 Years +,15,5,10,11,3,8,0,0,0,0,0,0,0,0,0,4,2,2
SMITH COUNTY,423,All Ages,229523,110758,118765,136291,65311,70980,39193,18339,20854,3732,1879,1853,4764,2334,2430,45543,22895,22648
SMITH COUNTY,423,< 1 Year,3077,1566,1511,1358,707,651,516,255,261,56,31,25,167,83,84,980,490,490
SMITH COUNTY,423,1 Years,3104,1573,1531,1392,703,689,518,260,258,50,29,21,158,83,75,986,498,488
SMITH COUNTY,423,2 Years,3186,1609,1577,1424,716,708,552,277,275,49,29,20,156,83,73,1005,504,501
SMITH COUNTY,423,3 Years,3229,1647,1582,1454,730,724,553,285,268,46,27,19,148,84,64,1028,521,507
SMITH COUNTY,423,4 Years,3223,1649,1574,1440,726,714,558,289,269,46,27,19,143,81,62,1036,526,510
SMITH COUNTY,423,5 Years,3202,1629,1573,1429,714,715,541,278,263,52,29,23,138,78,60,1042,530,512
SMITH COUNTY,423,6 Years,3139,1572,1567,1399,679,720,538,275,263,51,26,25,132,70,62,1019,522,497
SMITH COUNTY,423,7 Years,3108,1555,1553,1385,676,709,531,272,259,49,25,24,125,60,65,1018,522,496
SMITH COUNTY,423,8 Years,2964,1492,1472,1332,669,663,521,254,267,40,31,9,108,49,59,963,489,474
SMITH COUNTY,423,9 Years,2981,1513,1468,1363,688,675,549,296,253,54,29,25,104,49,55,911,451,460
SMITH COUNTY,423,10 Years,3005,1563,1442,1369,716,653,536,285,251,56,23,33,121,60,61,923,479,444
SMITH COUNTY,423,11 Years,3185,1634,1551,1465,790,675,548,279,269,52,24,28,96,46,50,1024,495,529
SMITH COUNTY,423,12 Years,3145,1593,1552,1506,777,729,543,269,274,44,26,18,94,49,45,958,472,486
SMITH COUNTY,423,13 Years,3037,1547,1490,1433,734,699,562,279,283,56,29,27,90,47,43,896,458,438
SMITH COUNTY,423,14 Years,3158,1626,1532,1462,756,706,554,286,268,59,28,31,112,60,52,971,496,475
SMITH COUNTY,423,15 Years,3173,1561,1612,1467,716,751,572,290,282,61,26,35,102,51,51,971,478,493
SMITH COUNTY,423,16 Years,3154,1567,1587,1496,743,753,536,272,264,61,24,37,88,45,43,973,483,490
SMITH COUNTY,423,17 Years,3226,1607,1619,1577,793,784,549,267,282,71,31,40,84,42,42,945,474,471
SMITH COUNTY,423,18 Years,3423,1753,1670,1597,808,789,774,410,364,75,35,40,80,44,36,897,456,441
SMITH COUNTY,423,19 Years,3184,1596,1588,1465,728,737,765,393,372,62,29,33,81,49,32,811,397,414
SMITH COUNTY,423,20 Years,3058,1515,1543,1430,691,739,733,386,347,54,24,30,76,39,37,765,375,390
SMITH COUNTY,423,21 Years,3052,1537,1515,1438,731,707,722,378,344,56,23,33,77,38,39,759,367,392
SMITH COUNTY,423,22 Years,2783,1438,1345,1384,733,651,532,273,259,58,29,29,79,39,40,730,364,366
SMITH COUNTY,423,23 Years,2876,1459,1417,1452,738,714,577,291,286,39,25,14,68,32,36,740,373,367
SMITH COUNTY,423,24 Years,2905,1457,1448,1492,759,733,585,289,296,44,24,20,73,33,40,711,352,359
SMITH COUNTY,423,25 Years,2972,1480,1492,1494,764,730,643,300,343,49,24,25,74,38,36,712,354,358
SMITH COUNTY,423,26 Years,3065,1521,1544,1575,777,798,634,300,334,40,24,16,78,41,37,738,379,359
SMITH COUNTY,423,27 Years,3645,1759,1886,1993,963,1030,750,341,409,44,26,18,82,38,44,776,391,385
SMITH COUNTY,423,28 Years,3546,1719,1827,2027,1001,1026,655,295,360,46,28,18,86,42,44,732,353,379
SMITH COUNTY,423,29 Years,3334,1617,1717,1963,944,1019,588,272,316,45,29,16,64,33,31,674,339,335
SMITH COUNTY,423,30 Years,3429,1632,1797,2037,974,1063,621,280,341,45,29,16,59,25,34,667,324,343
SMITH COUNTY,423,31 Years,3376,1593,1783,2001,944,1057,616,273,343,62,35,27,58,24,34,639,317,322
SMITH COUNTY,423,32 Years,3205,1510,1695,1865,857,1008,587,271,316,66,36,30,44,25,19,643,321,322
SMITH COUNTY,423,33 Years,3123,1484,1639,1810,853,957,563,248,315,58,28,30,50,25,25,642,330,312
SMITH COUNTY,423,34 Years,3054,1454,1600,1774,846,928,532,243,289,70,35,35,56,28,28,622,302,320
SMITH COUNTY,423,35 Years,3024,1493,1531,1751,881,870,518,228,290,71,34,37,45,23,22,639,327,312
SMITH COUNTY,423,36 Years,2881,1400,1481,1715,844,871,487,211,276,48,30,18,41,19,22,590,296,294
SMITH COUNTY,423,37 Years,2858,1413,1445,1647,823,824,526,240,286,60,33,27,42,22,20,583,295,288
SMITH COUNTY,423,38 Years,2845,1422,1423,1642,834,808,515,240,275,69,36,33,42,18,24,577,294,283
SMITH COUNTY,423,39 Years,2706,1271,1435,1589,764,825,440,196,244,59,29,30,38,12,26,580,270,310
SMITH COUNTY,423,40 Years,2615,1258,1357,1528,748,780,408,182,226,58,23,35,28,11,17,593,294,299
SMITH COUNTY,423,41 Years,2527,1221,1306,1486,723,763,370,166,204,50,22,28,29,12,17,592,298,294
SMITH COUNTY,423,42 Years,2567,1246,1321,1472,713,759,394,178,216,65,33,32,31,14,17,605,308,297
SMITH COUNTY,423,43 Years,2538,1194,1344,1487,712,775,394,164,230,53,26,27,38,16,22,566,276,290
SMITH COUNTY,423,44 Years,2468,1159,1309,1402,664,738,408,176,232,63,28,35,31,11,20,564,280,284
SMITH COUNTY,423,45 Years,2565,1240,1325,1463,720,743,454,201,253,73,33,40,24,8,16,551,278,273
SMITH COUNTY,423,46 Years,2644,1243,1401,1555,742,813,464,206,258,68,29,39,29,11,18,528,255,273
SMITH COUNTY,423,47 Years,2871,1353,1518,1756,822,934,474,214,260,78,34,44,27,10,17,536,273,263
SMITH COUNTY,423,48 Years,2747,1315,1432,1679,804,875,445,204,241,78,33,45,28,12,16,517,262,255
SMITH COUNTY,423,49 Years,2631,1292,1339,1670,829,841,397,178,219,56,32,24,22,11,11,486,242,244
SMITH COUNTY,423,50 Years,2605,1253,1352,1608,775,833,422,187,235,60,26,34,30,15,15,485,250,235
SMITH COUNTY,423,51 Years,2590,1230,1360,1615,781,834,437,195,242,60,30,30,31,16,15,447,208,239
SMITH COUNTY,423,52 Years,2543,1256,1287,1565,764,801,456,206,250,44,27,17,32,15,17,446,244,202
SMITH COUNTY,423,53 Years,2636,1277,1359,1641,784,857,476,218,258,41,26,15,32,15,17,446,234,212
SMITH COUNTY,423,54 Years,2791,1332,1459,1820,853,967,474,219,255,54,23,31,38,17,21,405,220,185
SMITH COUNTY,423,55 Years,2816,1329,1487,1922,901,1021,460,206,254,52,21,31,34,12,22,348,189,159
SMITH COUNTY,423,56 Years,2766,1297,1469,1846,865,981,497,217,280,41,24,17,34,13,21,348,178,170
SMITH COUNTY,423,57 Years,2822,1324,1498,1957,900,1057,450,204,246,40,26,14,42,25,17,333,169,164
SMITH COUNTY,423,58 Years,2879,1378,1501,1962,933,1029,487,219,268,53,27,26,34,19,15,343,180,163
SMITH COUNTY,423,59 Years,2781,1333,1448,1921,928,993,457,198,259,40,21,19,34,18,16,329,168,161
SMITH COUNTY,423,60 Years,2817,1318,1499,1981,944,1037,455,187,268,35,22,13,31,16,15,315,149,166
SMITH COUNTY,423,61 Years,2772,1321,1451,1953,945,1008,468,201,267,26,14,12,37,18,19,288,143,145
SMITH COUNTY,423,62 Years,2803,1345,1458,1997,964,1033,456,202,254,32,19,13,33,11,22,285,149,136
SMITH COUNTY,423,63 Years,2746,1264,1482,1976,901,1075,468,205,263,28,13,15,30,12,18,244,133,111
SMITH COUNTY,423,64 Years,2640,1237,1403,1948,911,1037,433,188,245,19,5,14,27,12,15,213,121,92
SMITH COUNTY,423,65 Years,2425,1148,1277,1794,849,945,392,170,222,23,8,15,30,15,15,186,106,80
SMITH COUNTY,423,66 Years,2372,1177,1195,1788,875,913,369,179,190,26,12,14,27,15,12,162,96,66
SMITH COUNTY,423,67 Years,2287,1082,1205,1704,796,908,373,183,190,26,13,13,24,11,13,160,79,81
SMITH COUNTY,423,68 Years,2327,1083,1244,1783,822,961,347,160,187,23,10,13,25,11,14,149,80,69
SMITH COUNTY,423,69 Years,2139,981,1158,1656,747,909,316,148,168,22,9,13,24,10,14,121,67,54
SMITH COUNTY,423,70 Years,2210,1038,1172,1749,816,933,308,146,162,16,6,10,30,11,19,107,59,48
SMITH COUNTY,423,71 Years,2240,1015,1225,1802,828,974,288,123,165,16,3,13,29,11,18,105,50,55
SMITH COUNTY,423,72 Years,1773,809,964,1421,652,769,219,91,128,14,6,8,22,11,11,97,49,48
SMITH COUNTY,423,73 Years,1744,779,965,1402,630,772,218,92,126,8,3,5,25,10,15,91,44,47
SMITH COUNTY,423,74 Years,1695,761,934,1384,621,763,194,81,113,11,6,5,19,9,10,87,44,43
SMITH COUNTY,423,75 Years,1604,728,876,1314,592,722,193,88,105,11,6,5,14,5,9,72,37,35
SMITH COUNTY,423,76 Years,1464,667,797,1224,550,674,155,71,84,10,5,5,13,7,6,62,34,28
SMITH COUNTY,423,77 Years,1388,603,785,1154,496,658,162,72,90,9,5,4,16,7,9,47,23,24
SMITH COUNTY,423,78 Years,1331,584,747,1102,487,615,155,62,93,8,4,4,18,7,11,48,24,24
SMITH COUNTY,423,79 Years,1167,516,651,981,435,546,122,52,70,6,2,4,12,5,7,46,22,24
SMITH COUNTY,423,80 Years,1092,489,603,913,421,492,118,43,75,5,2,3,12,4,8,44,19,25
SMITH COUNTY,423,81 Years,1018,449,569,853,379,474,116,48,68,6,3,3,9,5,4,34,14,20
SMITH COUNTY,423,82 Years,974,415,559,817,352,465,105,42,63,6,2,4,10,4,6,36,15,21
SMITH COUNTY,423,83 Years,930,360,570,777,308,469,114,36,78,5,2,3,8,3,5,26,11,15
SMITH COUNTY,423,84 Years,810,322,488,674,275,399,100,34,66,5,1,4,8,3,5,23,9,14
SMITH COUNTY,423,85 Years,720,284,436,589,241,348,94,30,64,7,2,5,6,3,3,24,8,16
SMITH COUNTY,423,86 Years,657,243,414,544,209,335,81,27,54,3,1,2,6,1,5,23,5,18
SMITH COUNTY,423,87 Years,614,242,372,511,209,302,73,24,49,5,2,3,8,3,5,17,4,13
SMITH COUNTY,423,88 Years,512,191,321,435,163,272,55,20,35,3,2,1,5,1,4,14,5,9
SMITH COUNTY,423,89 Years,446,170,276,378,148,230,50,15,35,2,1,1,5,2,3,11,4,7
SMITH COUNTY,423,90 Years,377,141,236,315,125,190,46,11,35,2,1,1,3,1,2,11,3,8
SMITH COUNTY,423,91 Years,341,115,226,286,100,186,41,11,30,1,0,1,2,0,2,11,4,7
SMITH COUNTY,423,92 Years,264,91,173,218,75,143,29,10,19,2,1,1,3,1,2,12,4,8
SMITH COUNTY,423,93 Years,209,65,144,171,56,115,28,6,22,0,0,0,2,0,2,8,3,5
SMITH COUNTY,423,94 Years,172,56,116,140,47,93,22,5,17,4,2,2,1,0,1,5,2,3
SMITH COUNTY,423,95 Years +,401,113,288,310,91,219,66,12,54,7,3,4,3,1,2,15,6,9
SOMERVELL COUNTY,425,All Ages,9477,4621,4856,7102,3450,3652,54,29,25,66,31,35,207,90,117,2048,1021,1027
SOMERVELL COUNTY,425,< 1 Year,108,50,58,61,31,30,0,0,0,7,4,3,4,2,2,36,13,23
SOMERVELL COUNTY,425,1 Years,109,54,55,62,30,32,0,0,0,5,3,2,5,3,2,37,18,19
SOMERVELL COUNTY,425,2 Years,106,54,52,59,31,28,0,0,0,5,3,2,3,1,2,39,19,20
SOMERVELL COUNTY,425,3 Years,104,53,51,58,29,29,0,0,0,0,0,0,2,1,1,44,23,21
SOMERVELL COUNTY,425,4 Years,110,55,55,60,31,29,0,0,0,0,0,0,1,1,0,49,23,26
SOMERVELL COUNTY,425,5 Years,120,58,62,62,31,31,0,0,0,3,1,2,2,1,1,53,25,28
SOMERVELL COUNTY,425,6 Years,114,57,57,66,32,34,0,0,0,2,1,1,3,1,2,43,23,20
SOMERVELL COUNTY,425,7 Years,118,60,58,67,31,36,0,0,0,3,2,1,3,2,1,45,25,20
SOMERVELL COUNTY,425,8 Years,128,63,65,73,36,37,0,0,0,3,3,0,0,0,0,52,24,28
SOMERVELL COUNTY,425,9 Years,98,46,52,69,33,36,1,0,1,1,1,0,1,1,0,26,11,15
SOMERVELL COUNTY,425,10 Years,125,60,65,90,47,43,1,0,1,1,1,0,2,1,1,31,11,20
SOMERVELL COUNTY,425,11 Years,118,56,62,82,42,40,1,0,1,2,0,2,1,1,0,32,13,19
SOMERVELL COUNTY,425,12 Years,115,54,61,77,39,38,1,0,1,1,0,1,7,1,6,29,14,15
SOMERVELL COUNTY,425,13 Years,105,55,50,65,38,27,4,1,3,1,0,1,6,2,4,29,14,15
SOMERVELL COUNTY,425,14 Years,106,47,59,69,31,38,2,1,1,1,1,0,4,2,2,30,12,18
SOMERVELL COUNTY,425,15 Years,126,49,77,75,30,45,0,0,0,1,0,1,5,3,2,45,16,29
SOMERVELL COUNTY,425,16 Years,122,57,65,83,41,42,0,0,0,0,0,0,5,2,3,34,14,20
SOMERVELL COUNTY,425,17 Years,124,54,70,74,31,43,0,0,0,0,0,0,6,1,5,44,22,22
SOMERVELL COUNTY,425,18 Years,115,54,61,59,27,32,4,2,2,0,0,0,6,1,5,46,24,22
SOMERVELL COUNTY,425,19 Years,94,54,40,51,27,24,5,4,1,1,1,0,7,4,3,30,18,12
SOMERVELL COUNTY,425,20 Years,101,54,47,56,28,28,3,2,1,0,0,0,4,2,2,38,22,16
SOMERVELL COUNTY,425,21 Years,116,67,49,64,36,28,3,2,1,0,0,0,3,2,1,46,27,19
SOMERVELL COUNTY,425,22 Years,112,60,52,74,39,35,2,1,1,1,1,0,2,2,0,33,17,16
SOMERVELL COUNTY,425,23 Years,121,61,60,70,36,34,3,2,1,1,0,1,3,1,2,44,22,22
SOMERVELL COUNTY,425,24 Years,123,60,63,79,41,38,6,4,2,1,0,1,3,0,3,34,15,19
SOMERVELL COUNTY,425,25 Years,156,61,95,107,40,67,4,1,3,1,0,1,4,0,4,40,20,20
SOMERVELL COUNTY,425,26 Years,150,66,84,100,41,59,3,1,2,0,0,0,3,2,1,44,22,22
SOMERVELL COUNTY,425,27 Years,122,58,64,84,39,45,0,0,0,0,0,0,5,2,3,33,17,16
SOMERVELL COUNTY,425,28 Years,118,60,58,73,38,35,0,0,0,0,0,0,8,3,5,37,19,18
SOMERVELL COUNTY,425,29 Years,120,64,56,89,48,41,0,0,0,0,0,0,2,0,2,29,16,13
SOMERVELL COUNTY,425,30 Years,115,58,57,95,47,48,0,0,0,0,0,0,1,1,0,19,10,9
SOMERVELL COUNTY,425,31 Years,101,51,50,81,41,40,0,0,0,0,0,0,1,1,0,19,9,10
SOMERVELL COUNTY,425,32 Years,111,56,55,87,42,45,0,0,0,0,0,0,1,0,1,23,14,9
SOMERVELL COUNTY,425,33 Years,99,49,50,76,35,41,0,0,0,0,0,0,1,0,1,22,14,8
SOMERVELL COUNTY,425,34 Years,97,47,50,78,37,41,2,0,2,0,0,0,0,0,0,17,10,7
SOMERVELL COUNTY,425,35 Years,96,53,43,77,43,34,2,1,1,0,0,0,0,0,0,17,9,8
SOMERVELL COUNTY,425,36 Years,107,53,54,74,38,36,0,0,0,1,0,1,3,3,0,29,12,17
SOMERVELL COUNTY,425,37 Years,101,59,42,74,40,34,0,0,0,0,0,0,1,1,0,26,18,8
SOMERVELL COUNTY,425,38 Years,97,53,44,66,31,35,1,1,0,1,0,1,2,1,1,27,20,7
SOMERVELL COUNTY,425,39 Years,109,52,57,71,32,39,1,1,0,0,0,0,1,0,1,36,19,17
SOMERVELL COUNTY,425,40 Years,108,48,60,78,33,45,0,0,0,0,0,0,3,0,3,27,15,12
SOMERVELL COUNTY,425,41 Years,106,48,58,81,35,46,0,0,0,0,0,0,2,1,1,23,12,11
SOMERVELL COUNTY,425,42 Years,104,48,56,69,31,38,0,0,0,1,1,0,2,2,0,32,14,18
SOMERVELL COUNTY,425,43 Years,103,49,54,75,35,40,0,0,0,1,0,1,0,0,0,27,14,13
SOMERVELL COUNTY,425,44 Years,98,41,57,66,31,35,0,0,0,2,1,1,3,1,2,27,8,19
SOMERVELL COUNTY,425,45 Years,102,49,53,73,41,32,1,1,0,1,0,1,2,0,2,25,7,18
SOMERVELL COUNTY,425,46 Years,93,45,48,63,31,32,0,0,0,2,1,1,3,1,2,25,12,13
SOMERVELL COUNTY,425,47 Years,106,56,50,79,41,38,1,1,0,0,0,0,2,1,1,24,13,11
SOMERVELL COUNTY,425,48 Years,113,59,54,92,46,46,0,0,0,1,1,0,0,0,0,20,12,8
SOMERVELL COUNTY,425,49 Years,116,49,67,88,41,47,0,0,0,1,1,0,5,1,4,22,6,16
SOMERVELL COUNTY,425,50 Years,90,37,53,68,30,38,0,0,0,0,0,0,3,1,2,19,6,13
SOMERVELL COUNTY,425,51 Years,110,52,58,79,36,43,0,0,0,0,0,0,2,0,2,29,16,13
SOMERVELL COUNTY,425,52 Years,118,59,59,90,43,47,2,2,0,2,1,1,0,0,0,24,13,11
SOMERVELL COUNTY,425,53 Years,125,67,58,99,51,48,0,0,0,1,0,1,2,1,1,23,15,8
SOMERVELL COUNTY,425,54 Years,139,71,68,113,54,59,0,0,0,0,0,0,0,0,0,26,17,9
SOMERVELL COUNTY,425,55 Years,131,71,60,106,55,51,0,0,0,1,1,0,3,2,1,21,13,8
SOMERVELL COUNTY,425,56 Years,133,75,58,117,69,48,0,0,0,0,0,0,2,1,1,14,5,9
SOMERVELL COUNTY,425,57 Years,152,85,67,129,75,54,1,1,0,0,0,0,4,1,3,18,8,10
SOMERVELL COUNTY,425,58 Years,132,63,69,116,57,59,0,0,0,1,0,1,2,1,1,13,5,8
SOMERVELL COUNTY,425,59 Years,138,65,73,121,56,65,0,0,0,0,0,0,2,1,1,15,8,7
SOMERVELL COUNTY,425,60 Years,134,71,63,118,63,55,0,0,0,0,0,0,1,0,1,15,8,7
SOMERVELL COUNTY,425,61 Years,129,64,65,112,57,55,0,0,0,0,0,0,2,1,1,15,6,9
SOMERVELL COUNTY,425,62 Years,119,67,52,105,58,47,0,0,0,0,0,0,4,3,1,10,6,4
SOMERVELL COUNTY,425,63 Years,119,55,64,106,47,59,0,0,0,0,0,0,4,2,2,9,6,3
SOMERVELL COUNTY,425,64 Years,126,52,74,111,44,67,0,0,0,0,0,0,3,2,1,12,6,6
SOMERVELL COUNTY,425,65 Years,132,56,76,114,46,68,0,0,0,0,0,0,2,1,1,16,9,7
SOMERVELL COUNTY,425,66 Years,135,63,72,120,54,66,0,0,0,0,0,0,2,2,0,13,7,6
SOMERVELL COUNTY,425,67 Years,128,68,60,114,59,55,0,0,0,0,0,0,3,1,2,11,8,3
SOMERVELL COUNTY,425,68 Years,140,68,72,126,63,63,0,0,0,1,0,1,3,0,3,10,5,5
SOMERVELL COUNTY,425,69 Years,143,76,67,128,69,59,0,0,0,2,1,1,1,0,1,12,6,6
SOMERVELL COUNTY,425,70 Years,143,79,64,133,73,60,0,0,0,1,0,1,1,1,0,8,5,3
SOMERVELL COUNTY,425,71 Years,114,52,62,105,50,55,0,0,0,1,0,1,2,1,1,6,1,5
SOMERVELL COUNTY,425,72 Years,92,44,48,85,40,45,0,0,0,0,0,0,0,0,0,7,4,3
SOMERVELL COUNTY,425,73 Years,82,39,43,75,36,39,0,0,0,0,0,0,2,1,1,5,2,3
SOMERVELL COUNTY,425,74 Years,92,49,43,85,45,40,0,0,0,1,0,1,2,1,1,4,3,1
SOMERVELL COUNTY,425,75 Years,76,42,34,66,38,28,0,0,0,1,0,1,3,2,1,6,2,4
SOMERVELL COUNTY,425,76 Years,74,43,31,69,40,29,0,0,0,0,0,0,1,1,0,4,2,2
SOMERVELL COUNTY,425,77 Years,63,31,32,59,29,30,0,0,0,0,0,0,1,1,0,3,1,2
SOMERVELL COUNTY,425,78 Years,54,24,30,51,24,27,0,0,0,1,0,1,0,0,0,2,0,2
SOMERVELL COUNTY,425,79 Years,50,24,26,45,21,24,0,0,0,1,1,0,1,0,1,3,2,1
SOMERVELL COUNTY,425,80 Years,59,21,38,54,19,35,0,0,0,0,0,0,1,0,1,4,2,2
SOMERVELL COUNTY,425,81 Years,63,24,39,56,21,35,0,0,0,0,0,0,0,0,0,7,3,4
SOMERVELL COUNTY,425,82 Years,46,19,27,43,18,25,0,0,0,0,0,0,0,0,0,3,1,2
SOMERVELL COUNTY,425,83 Years,35,17,18,32,16,16,0,0,0,0,0,0,1,0,1,2,1,1
SOMERVELL COUNTY,425,84 Years,45,18,27,41,16,25,0,0,0,0,0,0,0,0,0,4,2,2
SOMERVELL COUNTY,425,85 Years,40,13,27,38,13,25,0,0,0,0,0,0,0,0,0,2,0,2
SOMERVELL COUNTY,425,86 Years,29,13,16,28,13,15,0,0,0,0,0,0,0,0,0,1,0,1
SOMERVELL COUNTY,425,87 Years,24,10,14,20,7,13,0,0,0,0,0,0,0,0,0,4,3,1
SOMERVELL COUNTY,425,88 Years,26,10,16,23,7,16,0,0,0,0,0,0,0,0,0,3,3,0
SOMERVELL COUNTY,425,89 Years,22,11,11,20,9,11,0,0,0,0,0,0,1,1,0,1,1,0
SOMERVELL COUNTY,425,90 Years,21,9,12,19,7,12,0,0,0,0,0,0,2,2,0,0,0,0
SOMERVELL COUNTY,425,91 Years,15,4,11,15,4,11,0,0,0,0,0,0,0,0,0,0,0,0
SOMERVELL COUNTY,425,92 Years,10,4,6,10,4,6,0,0,0,0,0,0,0,0,0,0,0,0
SOMERVELL COUNTY,425,93 Years,12,4,8,12,4,8,0,0,0,0,0,0,0,0,0,0,0,0
SOMERVELL COUNTY,425,94 Years,10,4,6,9,3,6,0,0,0,0,0,0,0,0,0,1,1,0
SOMERVELL COUNTY,425,95 Years +,21,4,17,16,2,14,0,0,0,0,0,0,1,0,1,4,2,2
STARR COUNTY,427,All Ages,63649,31117,32532,2688,1361,1327,13,12,1,133,72,61,64,35,29,60751,29637,31114
STARR COUNTY,427,< 1 Year,1138,581,557,67,55,12,0,0,0,3,1,2,4,2,2,1064,523,541
STARR COUNTY,427,1 Years,1127,576,551,74,50,24,0,0,0,2,1,1,3,1,2,1048,524,524
STARR COUNTY,427,2 Years,1156,584,572,74,50,24,0,0,0,2,1,1,3,1,2,1077,532,545
STARR COUNTY,427,3 Years,1194,593,601,77,41,36,0,0,0,1,0,1,3,1,2,1113,551,562
STARR COUNTY,427,4 Years,1222,599,623,58,25,33,0,0,0,1,1,0,1,0,1,1162,573,589
STARR COUNTY,427,5 Years,1229,624,605,67,28,39,0,0,0,0,0,0,2,2,0,1160,594,566
STARR COUNTY,427,6 Years,1213,605,608,54,21,33,0,0,0,0,0,0,0,0,0,1159,584,575
STARR COUNTY,427,7 Years,1230,619,611,54,27,27,0,0,0,1,1,0,2,2,0,1173,589,584
STARR COUNTY,427,8 Years,1000,506,494,40,20,20,0,0,0,0,0,0,0,0,0,960,486,474
STARR COUNTY,427,9 Years,1007,491,516,35,17,18,0,0,0,2,2,0,1,1,0,969,471,498
STARR COUNTY,427,10 Years,980,487,493,40,21,19,0,0,0,3,1,2,0,0,0,937,465,472
STARR COUNTY,427,11 Years,1034,527,507,42,22,20,0,0,0,1,0,1,2,1,1,989,504,485
STARR COUNTY,427,12 Years,1058,519,539,40,18,22,0,0,0,2,0,2,1,0,1,1015,501,514
STARR COUNTY,427,13 Years,1048,512,536,42,22,20,0,0,0,5,1,4,1,1,0,1000,488,512
STARR COUNTY,427,14 Years,1023,489,534,30,16,14,0,0,0,3,2,1,0,0,0,990,471,519
STARR COUNTY,427,15 Years,1032,512,520,39,21,18,0,0,0,3,2,1,0,0,0,990,489,501
STARR COUNTY,427,16 Years,1064,520,544,45,24,21,0,0,0,3,3,0,0,0,0,1016,493,523
STARR COUNTY,427,17 Years,1062,523,539,43,22,21,0,0,0,2,2,0,0,0,0,1017,499,518
STARR COUNTY,427,18 Years,1067,559,508,43,23,20,0,0,0,2,1,1,1,1,0,1021,534,487
STARR COUNTY,427,19 Years,947,478,469,37,20,17,0,0,0,0,0,0,1,1,0,909,457,452
STARR COUNTY,427,20 Years,969,501,468,39,22,17,1,1,0,1,1,0,2,0,2,926,477,449
STARR COUNTY,427,21 Years,957,512,445,33,16,17,1,1,0,2,2,0,0,0,0,921,493,428
STARR COUNTY,427,22 Years,1029,529,500,36,19,17,0,0,0,2,1,1,0,0,0,991,509,482
STARR COUNTY,427,23 Years,980,505,475,31,19,12,2,2,0,1,0,1,2,1,1,944,483,461
STARR COUNTY,427,24 Years,996,517,479,32,16,16,1,1,0,1,1,0,1,1,0,961,498,463
STARR COUNTY,427,25 Years,1013,533,480,38,21,17,0,0,0,1,0,1,2,2,0,972,510,462
STARR COUNTY,427,26 Years,1009,521,488,37,18,19,0,0,0,2,2,0,2,2,0,968,499,469
STARR COUNTY,427,27 Years,987,519,468,47,25,22,1,1,0,0,0,0,1,1,0,938,492,446
STARR COUNTY,427,28 Years,965,512,453,42,23,19,0,0,0,1,1,0,0,0,0,922,488,434
STARR COUNTY,427,29 Years,859,450,409,41,27,14,0,0,0,1,1,0,0,0,0,817,422,395
STARR COUNTY,427,30 Years,835,432,403,38,21,17,0,0,0,1,1,0,2,1,1,794,409,385
STARR COUNTY,427,31 Years,785,397,388,36,16,20,0,0,0,1,1,0,0,0,0,748,380,368
STARR COUNTY,427,32 Years,800,389,411,28,15,13,1,1,0,0,0,0,0,0,0,771,373,398
STARR COUNTY,427,33 Years,818,399,419,31,15,16,0,0,0,1,1,0,2,0,2,784,383,401
STARR COUNTY,427,34 Years,758,394,364,31,18,13,0,0,0,1,1,0,2,1,1,724,374,350
STARR COUNTY,427,35 Years,753,387,366,36,19,17,1,1,0,3,2,1,0,0,0,713,365,348
STARR COUNTY,427,36 Years,781,394,387,31,15,16,0,0,0,2,1,1,2,1,1,746,377,369
STARR COUNTY,427,37 Years,777,382,395,33,13,20,0,0,0,1,1,0,1,1,0,742,367,375
STARR COUNTY,427,38 Years,793,395,398,29,12,17,0,0,0,1,1,0,0,0,0,763,382,381
STARR COUNTY,427,39 Years,724,360,364,21,9,12,0,0,0,0,0,0,0,0,0,703,351,352
STARR COUNTY,427,40 Years,710,322,388,25,8,17,0,0,0,3,2,1,1,0,1,681,312,369
STARR COUNTY,427,41 Years,691,333,358,26,9,17,0,0,0,4,2,2,0,0,0,661,322,339
STARR COUNTY,427,42 Years,740,347,393,26,10,16,1,1,0,2,1,1,0,0,0,711,335,376
STARR COUNTY,427,43 Years,781,381,400,24,13,11,1,1,0,4,1,3,1,0,1,751,366,385
STARR COUNTY,427,44 Years,738,354,384,19,12,7,0,0,0,4,1,3,1,0,1,714,341,373
STARR COUNTY,427,45 Years,719,349,370,20,8,12,0,0,0,4,1,3,0,0,0,695,340,355
STARR COUNTY,427,46 Years,768,358,410,26,13,13,0,0,0,1,1,0,0,0,0,741,344,397
STARR COUNTY,427,47 Years,750,362,388,33,17,16,0,0,0,3,1,2,1,0,1,713,344,369
STARR COUNTY,427,48 Years,751,362,389,28,13,15,1,0,1,1,1,0,1,0,1,720,348,372
STARR COUNTY,427,49 Years,746,354,392,31,16,15,0,0,0,3,1,2,0,0,0,712,337,375
STARR COUNTY,427,50 Years,717,329,388,30,15,15,0,0,0,2,1,1,1,1,0,684,312,372
STARR COUNTY,427,51 Years,701,301,400,31,14,17,1,1,0,2,1,1,0,0,0,667,285,382
STARR COUNTY,427,52 Years,664,298,366,26,11,15,0,0,0,4,2,2,0,0,0,634,285,349
STARR COUNTY,427,53 Years,623,296,327,27,11,16,0,0,0,4,2,2,0,0,0,592,283,309
STARR COUNTY,427,54 Years,630,302,328,32,16,16,0,0,0,2,1,1,1,0,1,595,285,310
STARR COUNTY,427,55 Years,611,294,317,19,10,9,0,0,0,2,1,1,1,0,1,589,283,306
STARR COUNTY,427,56 Years,582,271,311,23,8,15,0,0,0,2,1,1,0,0,0,557,262,295
STARR COUNTY,427,57 Years,611,290,321,26,9,17,0,0,0,1,0,1,1,1,0,583,280,303
STARR COUNTY,427,58 Years,646,296,350,24,13,11,0,0,0,0,0,0,2,1,1,620,282,338
STARR COUNTY,427,59 Years,582,260,322,21,12,9,0,0,0,1,1,0,1,1,0,559,246,313
STARR COUNTY,427,60 Years,554,251,303,26,13,13,0,0,0,3,2,1,0,0,0,525,236,289
STARR COUNTY,427,61 Years,541,261,280,19,10,9,0,0,0,2,1,1,1,0,1,519,250,269
STARR COUNTY,427,62 Years,530,249,281,20,9,11,0,0,0,2,1,1,1,1,0,507,238,269
STARR COUNTY,427,63 Years,503,234,269,20,10,10,0,0,0,1,1,0,0,0,0,482,223,259
STARR COUNTY,427,64 Years,498,228,270,20,12,8,0,0,0,1,1,0,1,1,0,476,214,262
STARR COUNTY,427,65 Years,478,215,263,27,14,13,1,1,0,1,1,0,1,0,1,448,199,249
STARR COUNTY,427,66 Years,459,203,256,19,7,12,0,0,0,0,0,0,0,0,0,440,196,244
STARR COUNTY,427,67 Years,471,212,259,21,10,11,0,0,0,0,0,0,0,0,0,450,202,248
STARR COUNTY,427,68 Years,502,236,266,16,8,8,0,0,0,1,0,1,0,0,0,485,228,257
STARR COUNTY,427,69 Years,482,210,272,11,6,5,0,0,0,3,1,2,1,1,0,467,202,265
STARR COUNTY,427,70 Years,462,196,266,15,7,8,0,0,0,1,1,0,1,1,0,445,187,258
STARR COUNTY,427,71 Years,442,196,246,18,7,11,0,0,0,2,1,1,0,0,0,422,188,234
STARR COUNTY,427,72 Years,399,180,219,15,4,11,0,0,0,2,1,1,0,0,0,382,175,207
STARR COUNTY,427,73 Years,388,177,211,18,7,11,0,0,0,1,0,1,0,0,0,369,170,199
STARR COUNTY,427,74 Years,343,159,184,16,6,10,0,0,0,0,0,0,0,0,0,327,153,174
STARR COUNTY,427,75 Years,340,165,175,18,8,10,0,0,0,1,0,1,0,0,0,321,157,164
STARR COUNTY,427,76 Years,289,141,148,15,7,8,0,0,0,1,0,1,0,0,0,273,134,139
STARR COUNTY,427,77 Years,310,142,168,15,7,8,0,0,0,0,0,0,0,0,0,295,135,160
STARR COUNTY,427,78 Years,297,140,157,15,7,8,0,0,0,0,0,0,0,0,0,282,133,149
STARR COUNTY,427,79 Years,276,125,151,14,7,7,0,0,0,0,0,0,0,0,0,262,118,144
STARR COUNTY,427,80 Years,244,114,130,12,6,6,0,0,0,1,1,0,1,1,0,230,106,124
STARR COUNTY,427,81 Years,221,96,125,11,5,6,0,0,0,0,0,0,1,1,0,209,90,119
STARR COUNTY,427,82 Years,217,96,121,11,5,6,0,0,0,0,0,0,0,0,0,206,91,115
STARR COUNTY,427,83 Years,196,91,105,10,5,5,0,0,0,0,0,0,0,0,0,186,86,100
STARR COUNTY,427,84 Years,143,67,76,10,5,5,0,0,0,0,0,0,0,0,0,133,62,71
STARR COUNTY,427,85 Years,117,49,68,9,4,5,0,0,0,0,0,0,0,0,0,108,45,63
STARR COUNTY,427,86 Years,125,60,65,8,4,4,0,0,0,1,1,0,0,0,0,116,55,61
STARR COUNTY,427,87 Years,110,45,65,7,3,4,0,0,0,0,0,0,0,0,0,103,42,61
STARR COUNTY,427,88 Years,106,39,67,7,3,4,0,0,0,1,0,1,0,0,0,98,36,62
STARR COUNTY,427,89 Years,81,35,46,6,4,2,0,0,0,0,0,0,0,0,0,75,31,44
STARR COUNTY,427,90 Years,71,23,48,5,2,3,0,0,0,0,0,0,0,0,0,66,21,45
STARR COUNTY,427,91 Years,64,19,45,5,2,3,0,0,0,0,0,0,0,0,0,59,17,42
STARR COUNTY,427,92 Years,52,21,31,4,2,2,0,0,0,0,0,0,0,0,0,48,19,29
STARR COUNTY,427,93 Years,40,15,25,5,2,3,0,0,0,0,0,0,0,0,0,35,13,22
STARR COUNTY,427,94 Years,33,10,23,4,1,3,0,0,0,0,0,0,0,0,0,29,9,20
STARR COUNTY,427,95 Years +,85,26,59,8,2,6,0,0,0,0,0,0,0,0,0,77,24,53
STEPHENS COUNTY,429,All Ages,9639,5087,4552,6811,3527,3284,205,138,67,42,21,21,162,88,74,2419,1313,1106
STEPHENS COUNTY,429,< 1 Year,127,65,62,73,40,33,2,0,2,0,0,0,2,1,1,50,24,26
STEPHENS COUNTY,429,1 Years,118,57,61,64,33,31,1,0,1,0,0,0,6,2,4,47,22,25
STEPHENS COUNTY,429,2 Years,122,62,60,65,35,30,0,0,0,2,1,1,9,5,4,46,21,25
STEPHENS COUNTY,429,3 Years,119,60,59,61,32,29,0,0,0,2,1,1,9,5,4,47,22,25
STEPHENS COUNTY,429,4 Years,131,69,62,67,37,30,0,0,0,2,1,1,8,4,4,54,27,27
STEPHENS COUNTY,429,5 Years,124,66,58,63,36,27,2,0,2,3,2,1,9,5,4,47,23,24
STEPHENS COUNTY,429,6 Years,122,62,60,65,36,29,1,0,1,2,1,1,7,3,4,47,22,25
STEPHENS COUNTY,429,7 Years,119,60,59,66,37,29,2,0,2,1,1,0,3,1,2,47,21,26
STEPHENS COUNTY,429,8 Years,133,77,56,74,44,30,1,0,1,0,0,0,3,1,2,55,32,23
STEPHENS COUNTY,429,9 Years,110,61,49,59,33,26,2,2,0,0,0,0,4,2,2,45,24,21
STEPHENS COUNTY,429,10 Years,109,59,50,64,37,27,1,1,0,1,0,1,2,2,0,41,19,22
STEPHENS COUNTY,429,11 Years,132,71,61,81,41,40,2,1,1,1,0,1,2,1,1,46,28,18
STEPHENS COUNTY,429,12 Years,125,59,66,76,36,40,1,0,1,1,0,1,0,0,0,47,23,24
STEPHENS COUNTY,429,13 Years,113,57,56,67,34,33,2,1,1,0,0,0,2,1,1,42,21,21
STEPHENS COUNTY,429,14 Years,138,69,69,78,36,42,3,0,3,1,1,0,4,4,0,52,28,24
STEPHENS COUNTY,429,15 Years,114,51,63,66,29,37,2,0,2,1,1,0,1,1,0,44,20,24
STEPHENS COUNTY,429,16 Years,112,63,49,64,39,25,3,2,1,0,0,0,5,3,2,40,19,21
STEPHENS COUNTY,429,17 Years,113,58,55,62,34,28,4,3,1,0,0,0,3,2,1,44,19,25
STEPHENS COUNTY,429,18 Years,122,72,50,63,37,26,4,2,2,1,1,0,2,2,0,52,30,22
STEPHENS COUNTY,429,19 Years,117,70,47,67,37,30,3,2,1,1,1,0,5,5,0,41,25,16
STEPHENS COUNTY,429,20 Years,128,86,42,72,48,24,5,4,1,0,0,0,3,3,0,48,31,17
STEPHENS COUNTY,429,21 Years,118,76,42,71,42,29,5,4,1,0,0,0,2,1,1,40,29,11
STEPHENS COUNTY,429,22 Years,122,77,45,69,43,26,3,3,0,0,0,0,3,2,1,47,29,18
STEPHENS COUNTY,429,23 Years,134,71,63,81,44,37,1,1,0,1,1,0,3,2,1,48,23,25
STEPHENS COUNTY,429,24 Years,138,84,54,85,51,34,2,2,0,0,0,0,3,2,1,48,29,19
STEPHENS COUNTY,429,25 Years,141,86,55,92,52,40,2,2,0,0,0,0,1,1,0,46,31,15
STEPHENS COUNTY,429,26 Years,127,78,49,78,42,36,3,3,0,0,0,0,2,2,0,44,31,13
STEPHENS COUNTY,429,27 Years,136,77,59,86,46,40,2,2,0,1,1,0,1,1,0,46,27,19
STEPHENS COUNTY,429,28 Years,133,83,50,90,56,34,4,3,1,1,1,0,0,0,0,38,23,15
STEPHENS COUNTY,429,29 Years,129,82,47,87,57,30,6,6,0,0,0,0,0,0,0,36,19,17
STEPHENS COUNTY,429,30 Years,132,84,48,82,55,27,5,4,1,0,0,0,3,2,1,42,23,19
STEPHENS COUNTY,429,31 Years,121,67,54,77,42,35,5,5,0,0,0,0,2,1,1,37,19,18
STEPHENS COUNTY,429,32 Years,121,72,49,86,50,36,4,4,0,0,0,0,0,0,0,31,18,13
STEPHENS COUNTY,429,33 Years,114,68,46,78,45,33,3,3,0,0,0,0,1,0,1,32,20,12
STEPHENS COUNTY,429,34 Years,118,62,56,73,36,37,4,3,1,0,0,0,3,2,1,38,21,17
STEPHENS COUNTY,429,35 Years,121,65,56,83,46,37,4,3,1,1,0,1,0,0,0,33,16,17
STEPHENS COUNTY,429,36 Years,128,73,55,91,52,39,5,3,2,0,0,0,1,1,0,31,17,14
STEPHENS COUNTY,429,37 Years,109,64,45,72,44,28,4,4,0,1,1,0,2,0,2,30,15,15
STEPHENS COUNTY,429,38 Years,114,66,48,75,42,33,6,6,0,1,1,0,1,0,1,31,17,14
STEPHENS COUNTY,429,39 Years,102,62,40,66,37,29,2,2,0,1,0,1,1,1,0,32,22,10
STEPHENS COUNTY,429,40 Years,94,53,41,66,37,29,4,3,1,1,0,1,1,0,1,22,13,9
STEPHENS COUNTY,429,41 Years,107,45,62,77,34,43,3,1,2,1,0,1,2,0,2,24,10,14
STEPHENS COUNTY,429,42 Years,96,56,40,63,37,26,2,1,1,1,0,1,1,1,0,29,17,12
STEPHENS COUNTY,429,43 Years,86,51,35,61,36,25,3,2,1,0,0,0,0,0,0,22,13,9
STEPHENS COUNTY,429,44 Years,95,58,37,68,38,30,3,3,0,0,0,0,0,0,0,24,17,7
STEPHENS COUNTY,429,45 Years,99,48,51,69,34,35,2,2,0,0,0,0,0,0,0,28,12,16
STEPHENS COUNTY,429,46 Years,98,53,45,67,36,31,5,5,0,0,0,0,2,0,2,24,12,12
STEPHENS COUNTY,429,47 Years,106,47,59,76,34,42,3,2,1,1,0,1,1,0,1,25,11,14
STEPHENS COUNTY,429,48 Years,105,51,54,78,34,44,3,2,1,1,1,0,0,0,0,23,14,9
STEPHENS COUNTY,429,49 Years,102,56,46,75,40,35,1,1,0,0,0,0,2,2,0,24,13,11
STEPHENS COUNTY,429,50 Years,106,57,49,76,40,36,1,1,0,0,0,0,0,0,0,29,16,13
STEPHENS COUNTY,429,51 Years,103,55,48,75,39,36,1,1,0,0,0,0,1,0,1,26,15,11
STEPHENS COUNTY,429,52 Years,95,56,39,70,40,30,2,1,1,0,0,0,1,1,0,22,14,8
STEPHENS COUNTY,429,53 Years,100,53,47,75,38,37,1,0,1,0,0,0,0,0,0,24,15,9
STEPHENS COUNTY,429,54 Years,111,53,58,88,39,49,1,1,0,0,0,0,0,0,0,22,13,9
STEPHENS COUNTY,429,55 Years,114,56,58,88,45,43,1,0,1,0,0,0,1,0,1,24,11,13
STEPHENS COUNTY,429,56 Years,144,68,76,116,54,62,1,1,0,0,0,0,2,1,1,25,12,13
STEPHENS COUNTY,429,57 Years,150,83,67,114,61,53,1,1,0,0,0,0,0,0,0,35,21,14
STEPHENS COUNTY,429,58 Years,144,64,80,111,47,64,3,1,2,0,0,0,2,1,1,28,15,13
STEPHENS COUNTY,429,59 Years,116,57,59,94,46,48,4,2,2,0,0,0,1,0,1,17,9,8
STEPHENS COUNTY,429,60 Years,102,49,53,83,41,42,3,1,2,0,0,0,3,3,0,13,4,9
STEPHENS COUNTY,429,61 Years,114,52,62,92,40,52,3,3,0,0,0,0,2,1,1,17,8,9
STEPHENS COUNTY,429,62 Years,122,55,67,102,44,58,2,1,1,1,0,1,2,1,1,15,9,6
STEPHENS COUNTY,429,63 Years,124,61,63,102,49,53,5,2,3,0,0,0,1,1,0,16,9,7
STEPHENS COUNTY,429,64 Years,118,60,58,102,49,53,2,2,0,0,0,0,1,1,0,13,8,5
STEPHENS COUNTY,429,65 Years,134,69,65,122,63,59,2,1,1,0,0,0,2,0,2,8,5,3
STEPHENS COUNTY,429,66 Years,137,65,72,123,60,63,2,1,1,0,0,0,2,0,2,10,4,6
STEPHENS COUNTY,429,67 Years,117,52,65,105,49,56,3,1,2,0,0,0,2,0,2,7,2,5
STEPHENS COUNTY,429,68 Years,121,59,62,112,55,57,1,1,0,0,0,0,1,0,1,7,3,4
STEPHENS COUNTY,429,69 Years,117,63,54,102,54,48,2,2,0,0,0,0,1,1,0,12,6,6
STEPHENS COUNTY,429,70 Years,107,57,50,99,51,48,1,1,0,0,0,0,1,1,0,6,4,2
STEPHENS COUNTY,429,71 Years,108,46,62,101,43,58,0,0,0,2,1,1,1,0,1,4,2,2
STEPHENS COUNTY,429,72 Years,91,45,46,81,40,41,3,1,2,0,0,0,1,0,1,6,4,2
STEPHENS COUNTY,429,73 Years,87,46,41,77,38,39,1,1,0,0,0,0,1,1,0,8,6,2
STEPHENS COUNTY,429,74 Years,96,47,49,89,42,47,0,0,0,0,0,0,1,1,0,6,4,2
STEPHENS COUNTY,429,75 Years,81,39,42,71,34,37,1,1,0,4,2,2,0,0,0,5,2,3
STEPHENS COUNTY,429,76 Years,70,33,37,63,30,33,1,1,0,2,0,2,0,0,0,4,2,2
STEPHENS COUNTY,429,77 Years,74,37,37,69,35,34,1,0,1,1,0,1,0,0,0,3,2,1
STEPHENS COUNTY,429,78 Years,73,39,34,66,34,32,0,0,0,0,0,0,0,0,0,7,5,2
STEPHENS COUNTY,429,79 Years,63,29,34,56,26,30,3,1,2,0,0,0,0,0,0,4,2,2
STEPHENS COUNTY,429,80 Years,58,27,31,50,23,27,2,1,1,0,0,0,1,0,1,5,3,2
STEPHENS COUNTY,429,81 Years,55,23,32,49,21,28,2,1,1,0,0,0,1,0,1,3,1,2
STEPHENS COUNTY,429,82 Years,43,17,26,40,16,24,0,0,0,1,1,0,0,0,0,2,0,2
STEPHENS COUNTY,429,83 Years,49,23,26,44,20,24,1,0,1,0,0,0,0,0,0,4,3,1
STEPHENS COUNTY,429,84 Years,42,18,24,39,15,24,1,1,0,0,0,0,0,0,0,2,2,0
STEPHENS COUNTY,429,85 Years,41,15,26,33,13,20,2,0,2,0,0,0,0,0,0,6,2,4
STEPHENS COUNTY,429,86 Years,32,16,16,29,14,15,0,0,0,0,0,0,0,0,0,3,2,1
STEPHENS COUNTY,429,87 Years,32,14,18,30,12,18,0,0,0,0,0,0,0,0,0,2,2,0
STEPHENS COUNTY,429,88 Years,26,12,14,26,12,14,0,0,0,0,0,0,0,0,0,0,0,0
STEPHENS COUNTY,429,89 Years,29,14,15,26,12,14,0,0,0,0,0,0,0,0,0,3,2,1
STEPHENS COUNTY,429,90 Years,17,6,11,15,5,10,0,0,0,0,0,0,0,0,0,2,1,1
STEPHENS COUNTY,429,91 Years,14,6,8,13,5,8,0,0,0,0,0,0,0,0,0,1,1,0
STEPHENS COUNTY,429,92 Years,15,5,10,11,4,7,1,1,0,0,0,0,0,0,0,3,0,3
STEPHENS COUNTY,429,93 Years,15,4,11,12,4,8,2,0,2,0,0,0,0,0,0,1,0,1
STEPHENS COUNTY,429,94 Years,11,5,6,9,4,5,1,1,0,0,0,0,1,0,1,0,0,0
STEPHENS COUNTY,429,95 Years +,27,8,19,22,8,14,1,0,1,0,0,0,2,0,2,2,0,2
STERLING COUNTY,431,All Ages,1291,658,633,825,416,409,12,9,3,0,0,0,34,17,17,420,216,204
STERLING COUNTY,431,< 1 Year,13,6,7,9,4,5,0,0,0,0,0,0,0,0,0,4,2,2
STERLING COUNTY,431,1 Years,15,7,8,11,5,6,0,0,0,0,0,0,0,0,0,4,2,2
STERLING COUNTY,431,2 Years,14,6,8,9,5,4,0,0,0,0,0,0,0,0,0,5,1,4
STERLING COUNTY,431,3 Years,17,9,8,10,5,5,0,0,0,0,0,0,0,0,0,7,4,3
STERLING COUNTY,431,4 Years,16,7,9,8,4,4,0,0,0,0,0,0,0,0,0,8,3,5
STERLING COUNTY,431,5 Years,14,8,6,7,4,3,0,0,0,0,0,0,0,0,0,7,4,3
STERLING COUNTY,431,6 Years,10,5,5,5,3,2,0,0,0,0,0,0,0,0,0,5,2,3
STERLING COUNTY,431,7 Years,10,5,5,7,3,4,0,0,0,0,0,0,0,0,0,3,2,1
STERLING COUNTY,431,8 Years,12,5,7,7,3,4,1,1,0,0,0,0,1,1,0,3,0,3
STERLING COUNTY,431,9 Years,17,9,8,11,7,4,0,0,0,0,0,0,1,0,1,5,2,3
STERLING COUNTY,431,10 Years,22,11,11,15,9,6,0,0,0,0,0,0,1,0,1,6,2,4
STERLING COUNTY,431,11 Years,21,8,13,13,6,7,0,0,0,0,0,0,1,0,1,7,2,5
STERLING COUNTY,431,12 Years,18,8,10,11,4,7,0,0,0,0,0,0,1,1,0,6,3,3
STERLING COUNTY,431,13 Years,13,8,5,5,3,2,0,0,0,0,0,0,1,0,1,7,5,2
STERLING COUNTY,431,14 Years,18,13,5,8,5,3,0,0,0,0,0,0,2,2,0,8,6,2
STERLING COUNTY,431,15 Years,15,7,8,11,6,5,0,0,0,0,0,0,0,0,0,4,1,3
STERLING COUNTY,431,16 Years,17,9,8,10,6,4,0,0,0,0,0,0,0,0,0,7,3,4
STERLING COUNTY,431,17 Years,17,9,8,8,5,3,0,0,0,0,0,0,1,0,1,8,4,4
STERLING COUNTY,431,18 Years,15,8,7,8,4,4,0,0,0,0,0,0,1,1,0,6,3,3
STERLING COUNTY,431,19 Years,13,9,4,8,6,2,0,0,0,0,0,0,1,0,1,4,3,1
STERLING COUNTY,431,20 Years,13,9,4,8,6,2,0,0,0,0,0,0,0,0,0,5,3,2
STERLING COUNTY,431,21 Years,18,11,7,8,5,3,0,0,0,0,0,0,2,2,0,8,4,4
STERLING COUNTY,431,22 Years,11,5,6,6,3,3,0,0,0,0,0,0,0,0,0,5,2,3
STERLING COUNTY,431,23 Years,13,9,4,7,4,3,0,0,0,0,0,0,1,1,0,5,4,1
STERLING COUNTY,431,24 Years,12,9,3,4,3,1,0,0,0,0,0,0,1,0,1,7,6,1
STERLING COUNTY,431,25 Years,18,13,5,8,6,2,0,0,0,0,0,0,1,0,1,9,7,2
STERLING COUNTY,431,26 Years,16,9,7,5,2,3,0,0,0,0,0,0,0,0,0,11,7,4
STERLING COUNTY,431,27 Years,12,5,7,6,1,5,0,0,0,0,0,0,0,0,0,6,4,2
STERLING COUNTY,431,28 Years,13,7,6,10,5,5,0,0,0,0,0,0,0,0,0,3,2,1
STERLING COUNTY,431,29 Years,14,6,8,5,2,3,0,0,0,0,0,0,0,0,0,9,4,5
STERLING COUNTY,431,30 Years,11,5,6,6,3,3,0,0,0,0,0,0,0,0,0,5,2,3
STERLING COUNTY,431,31 Years,11,8,3,6,5,1,0,0,0,0,0,0,0,0,0,5,3,2
STERLING COUNTY,431,32 Years,17,9,8,11,6,5,0,0,0,0,0,0,1,0,1,5,3,2
STERLING COUNTY,431,33 Years,13,5,8,6,2,4,0,0,0,0,0,0,1,0,1,6,3,3
STERLING COUNTY,431,34 Years,10,7,3,6,5,1,1,1,0,0,0,0,0,0,0,3,1,2
STERLING COUNTY,431,35 Years,15,9,6,8,5,3,1,1,0,0,0,0,1,1,0,5,2,3
STERLING COUNTY,431,36 Years,20,8,12,14,5,9,0,0,0,0,0,0,1,0,1,5,3,2
STERLING COUNTY,431,37 Years,14,7,7,10,5,5,0,0,0,0,0,0,0,0,0,4,2,2
STERLING COUNTY,431,38 Years,16,9,7,11,5,6,0,0,0,0,0,0,0,0,0,5,4,1
STERLING COUNTY,431,39 Years,19,8,11,14,5,9,0,0,0,0,0,0,1,1,0,4,2,2
STERLING COUNTY,431,40 Years,14,5,9,10,3,7,0,0,0,0,0,0,0,0,0,4,2,2
STERLING COUNTY,431,41 Years,14,7,7,8,3,5,0,0,0,0,0,0,0,0,0,6,4,2
STERLING COUNTY,431,42 Years,14,8,6,8,4,4,1,1,0,0,0,0,0,0,0,5,3,2
STERLING COUNTY,431,43 Years,8,5,3,7,4,3,0,0,0,0,0,0,0,0,0,1,1,0
STERLING COUNTY,431,44 Years,6,4,2,5,3,2,0,0,0,0,0,0,0,0,0,1,1,0
STERLING COUNTY,431,45 Years,11,4,7,7,4,3,0,0,0,0,0,0,0,0,0,4,0,4
STERLING COUNTY,431,46 Years,10,4,6,6,2,4,0,0,0,0,0,0,0,0,0,4,2,2
STERLING COUNTY,431,47 Years,8,2,6,4,2,2,0,0,0,0,0,0,0,0,0,4,0,4
STERLING COUNTY,431,48 Years,14,9,5,10,6,4,0,0,0,0,0,0,0,0,0,4,3,1
STERLING COUNTY,431,49 Years,14,6,8,10,4,6,0,0,0,0,0,0,0,0,0,4,2,2
STERLING COUNTY,431,50 Years,16,7,9,9,4,5,2,1,1,0,0,0,0,0,0,5,2,3
STERLING COUNTY,431,51 Years,18,10,8,8,5,3,0,0,0,0,0,0,0,0,0,10,5,5
STERLING COUNTY,431,52 Years,16,7,9,11,4,7,0,0,0,0,0,0,0,0,0,5,3,2
STERLING COUNTY,431,53 Years,16,7,9,11,5,6,0,0,0,0,0,0,1,0,1,4,2,2
STERLING COUNTY,431,54 Years,20,10,10,13,6,7,0,0,0,0,0,0,0,0,0,7,4,3
STERLING COUNTY,431,55 Years,20,10,10,12,6,6,0,0,0,0,0,0,0,0,0,8,4,4
STERLING COUNTY,431,56 Years,18,9,9,11,6,5,0,0,0,0,0,0,1,1,0,6,2,4
STERLING COUNTY,431,57 Years,17,9,8,10,5,5,0,0,0,0,0,0,1,1,0,6,3,3
STERLING COUNTY,431,58 Years,19,12,7,11,8,3,1,1,0,0,0,0,0,0,0,7,3,4
STERLING COUNTY,431,59 Years,21,12,9,15,9,6,1,1,0,0,0,0,0,0,0,5,2,3
STERLING COUNTY,431,60 Years,24,13,11,19,10,9,0,0,0,0,0,0,0,0,0,5,3,2
STERLING COUNTY,431,61 Years,21,9,12,15,5,10,0,0,0,0,0,0,1,0,1,5,4,1
STERLING COUNTY,431,62 Years,17,7,10,13,6,7,0,0,0,0,0,0,2,0,2,2,1,1
STERLING COUNTY,431,63 Years,20,10,10,13,5,8,0,0,0,0,0,0,1,1,0,6,4,2
STERLING COUNTY,431,64 Years,18,8,10,11,5,6,0,0,0,0,0,0,0,0,0,7,3,4
STERLING COUNTY,431,65 Years,11,5,6,8,4,4,0,0,0,0,0,0,0,0,0,3,1,2
STERLING COUNTY,431,66 Years,14,8,6,10,5,5,0,0,0,0,0,0,1,1,0,3,2,1
STERLING COUNTY,431,67 Years,13,4,9,11,3,8,0,0,0,0,0,0,0,0,0,2,1,1
STERLING COUNTY,431,68 Years,15,10,5,13,9,4,0,0,0,0,0,0,0,0,0,2,1,1
STERLING COUNTY,431,69 Years,19,7,12,16,6,10,0,0,0,0,0,0,1,1,0,2,0,2
STERLING COUNTY,431,70 Years,18,12,6,13,8,5,0,0,0,0,0,0,1,1,0,4,3,1
STERLING COUNTY,431,71 Years,20,13,7,14,11,3,0,0,0,0,0,0,1,0,1,5,2,3
STERLING COUNTY,431,72 Years,12,7,5,7,4,3,0,0,0,0,0,0,0,0,0,5,3,2
STERLING COUNTY,431,73 Years,8,4,4,7,4,3,0,0,0,0,0,0,0,0,0,1,0,1
STERLING COUNTY,431,74 Years,12,7,5,10,5,5,0,0,0,0,0,0,1,1,0,1,1,0
STERLING COUNTY,431,75 Years,11,5,6,7,3,4,0,0,0,0,0,0,0,0,0,4,2,2
STERLING COUNTY,431,76 Years,9,4,5,7,3,4,0,0,0,0,0,0,0,0,0,2,1,1
STERLING COUNTY,431,77 Years,11,2,9,8,1,7,1,1,0,0,0,0,0,0,0,2,0,2
STERLING COUNTY,431,78 Years,8,4,4,6,3,3,0,0,0,0,0,0,0,0,0,2,1,1
STERLING COUNTY,431,79 Years,5,2,3,3,1,2,0,0,0,0,0,0,0,0,0,2,1,1
STERLING COUNTY,431,80 Years,6,2,4,4,1,3,0,0,0,0,0,0,0,0,0,2,1,1
STERLING COUNTY,431,81 Years,11,6,5,10,6,4,0,0,0,0,0,0,0,0,0,1,0,1
STERLING COUNTY,431,82 Years,7,2,5,6,2,4,0,0,0,0,0,0,0,0,0,1,0,1
STERLING COUNTY,431,83 Years,13,6,7,11,4,7,0,0,0,0,0,0,0,0,0,2,2,0
STERLING COUNTY,431,84 Years,12,5,7,10,3,7,0,0,0,0,0,0,0,0,0,2,2,0
STERLING COUNTY,431,85 Years,7,5,2,6,4,2,0,0,0,0,0,0,0,0,0,1,1,0
STERLING COUNTY,431,86 Years,8,4,4,6,3,3,1,0,1,0,0,0,0,0,0,1,1,0
STERLING COUNTY,431,87 Years,7,4,3,6,3,3,0,0,0,0,0,0,0,0,0,1,1,0
STERLING COUNTY,431,88 Years,9,4,5,7,3,4,0,0,0,0,0,0,0,0,0,2,1,1
STERLING COUNTY,431,89 Years,6,5,1,4,3,1,0,0,0,0,0,0,0,0,0,2,2,0
STERLING COUNTY,431,90 Years,6,3,3,4,3,1,0,0,0,0,0,0,0,0,0,2,0,2
STERLING COUNTY,431,91 Years,6,2,4,5,2,3,0,0,0,0,0,0,0,0,0,1,0,1
STERLING COUNTY,431,92 Years,4,1,3,3,1,2,0,0,0,0,0,0,0,0,0,1,0,1
STERLING COUNTY,431,93 Years,4,1,3,1,1,0,1,0,1,0,0,0,0,0,0,2,0,2
STERLING COUNTY,431,94 Years,3,1,2,1,1,0,0,0,0,0,0,0,1,0,1,1,0,1
STERLING COUNTY,431,95 Years +,9,4,5,4,2,2,1,1,0,0,0,0,0,0,0,4,1,3
STONEWALL COUNTY,433,All Ages,1387,676,711,1090,538,552,38,17,21,13,4,9,25,11,14,221,106,115
STONEWALL COUNTY,433,< 1 Year,15,9,6,9,6,3,0,0,0,1,0,1,1,0,1,4,3,1
STONEWALL COUNTY,433,1 Years,16,11,5,11,8,3,0,0,0,0,0,0,0,0,0,5,3,2
STONEWALL COUNTY,433,2 Years,17,9,8,12,7,5,0,0,0,0,0,0,1,0,1,4,2,2
STONEWALL COUNTY,433,3 Years,18,10,8,13,8,5,0,0,0,0,0,0,1,0,1,4,2,2
STONEWALL COUNTY,433,4 Years,19,9,10,15,7,8,0,0,0,0,0,0,1,0,1,3,2,1
STONEWALL COUNTY,433,5 Years,14,7,7,10,5,5,0,0,0,0,0,0,0,0,0,4,2,2
STONEWALL COUNTY,433,6 Years,13,7,6,9,5,4,0,0,0,0,0,0,0,0,0,4,2,2
STONEWALL COUNTY,433,7 Years,12,7,5,9,6,3,0,0,0,0,0,0,0,0,0,3,1,2
STONEWALL COUNTY,433,8 Years,10,3,7,7,2,5,0,0,0,0,0,0,0,0,0,3,1,2
STONEWALL COUNTY,433,9 Years,19,8,11,10,5,5,1,0,1,1,0,1,1,1,0,6,2,4
STONEWALL COUNTY,433,10 Years,9,4,5,5,3,2,1,0,1,0,0,0,0,0,0,3,1,2
STONEWALL COUNTY,433,11 Years,16,6,10,13,4,9,0,0,0,0,0,0,0,0,0,3,2,1
STONEWALL COUNTY,433,12 Years,19,9,10,13,6,7,0,0,0,0,0,0,0,0,0,6,3,3
STONEWALL COUNTY,433,13 Years,16,10,6,12,7,5,0,0,0,0,0,0,0,0,0,4,3,1
STONEWALL COUNTY,433,14 Years,20,9,11,10,4,6,1,0,1,2,2,0,0,0,0,7,3,4
STONEWALL COUNTY,433,15 Years,20,9,11,12,6,6,1,0,1,2,0,2,1,1,0,4,2,2
STONEWALL COUNTY,433,16 Years,17,9,8,12,6,6,2,0,2,0,0,0,0,0,0,3,3,0
STONEWALL COUNTY,433,17 Years,15,8,7,12,6,6,1,0,1,0,0,0,0,0,0,2,2,0
STONEWALL COUNTY,433,18 Years,10,5,5,6,3,3,0,0,0,0,0,0,0,0,0,4,2,2
STONEWALL COUNTY,433,19 Years,14,5,9,6,3,3,1,1,0,0,0,0,2,0,2,5,1,4
STONEWALL COUNTY,433,20 Years,13,5,8,8,3,5,1,1,0,0,0,0,2,1,1,2,0,2
STONEWALL COUNTY,433,21 Years,11,4,7,9,3,6,1,1,0,0,0,0,0,0,0,1,0,1
STONEWALL COUNTY,433,22 Years,10,3,7,8,3,5,1,0,1,0,0,0,0,0,0,1,0,1
STONEWALL COUNTY,433,23 Years,14,5,9,9,3,6,1,1,0,0,0,0,0,0,0,4,1,3
STONEWALL COUNTY,433,24 Years,16,7,9,8,3,5,0,0,0,0,0,0,0,0,0,8,4,4
STONEWALL COUNTY,433,25 Years,14,6,8,9,4,5,0,0,0,0,0,0,0,0,0,5,2,3
STONEWALL COUNTY,433,26 Years,12,7,5,7,4,3,0,0,0,0,0,0,1,1,0,4,2,2
STONEWALL COUNTY,433,27 Years,9,7,2,5,4,1,1,1,0,0,0,0,1,1,0,2,1,1
STONEWALL COUNTY,433,28 Years,15,9,6,11,7,4,3,1,2,0,0,0,1,1,0,0,0,0
STONEWALL COUNTY,433,29 Years,10,5,5,8,5,3,1,0,1,0,0,0,0,0,0,1,0,1
STONEWALL COUNTY,433,30 Years,7,5,2,5,3,2,0,0,0,0,0,0,0,0,0,2,2,0
STONEWALL COUNTY,433,31 Years,7,5,2,4,4,0,0,0,0,0,0,0,0,0,0,3,1,2
STONEWALL COUNTY,433,32 Years,12,5,7,8,3,5,0,0,0,0,0,0,0,0,0,4,2,2
STONEWALL COUNTY,433,33 Years,10,4,6,8,4,4,0,0,0,0,0,0,0,0,0,2,0,2
STONEWALL COUNTY,433,34 Years,9,4,5,9,4,5,0,0,0,0,0,0,0,0,0,0,0,0
STONEWALL COUNTY,433,35 Years,17,10,7,10,6,4,0,0,0,2,0,2,0,0,0,5,4,1
STONEWALL COUNTY,433,36 Years,17,8,9,13,6,7,0,0,0,0,0,0,0,0,0,4,2,2
STONEWALL COUNTY,433,37 Years,16,8,8,13,7,6,0,0,0,0,0,0,0,0,0,3,1,2
STONEWALL COUNTY,433,38 Years,15,7,8,11,6,5,0,0,0,1,1,0,0,0,0,3,0,3
STONEWALL COUNTY,433,39 Years,15,6,9,12,5,7,1,0,1,1,0,1,0,0,0,1,1,0
STONEWALL COUNTY,433,40 Years,12,5,7,8,3,5,1,0,1,0,0,0,0,0,0,3,2,1
STONEWALL COUNTY,433,41 Years,12,5,7,10,5,5,0,0,0,0,0,0,1,0,1,1,0,1
STONEWALL COUNTY,433,42 Years,11,7,4,9,5,4,1,1,0,0,0,0,0,0,0,1,1,0
STONEWALL COUNTY,433,43 Years,14,5,9,12,5,7,0,0,0,1,0,1,0,0,0,1,0,1
STONEWALL COUNTY,433,44 Years,14,9,5,10,7,3,0,0,0,1,0,1,0,0,0,3,2,1
STONEWALL COUNTY,433,45 Years,12,8,4,10,6,4,0,0,0,1,1,0,0,0,0,1,1,0
STONEWALL COUNTY,433,46 Years,15,6,9,10,4,6,0,0,0,0,0,0,0,0,0,5,2,3
STONEWALL COUNTY,433,47 Years,17,7,10,13,7,6,0,0,0,0,0,0,0,0,0,4,0,4
STONEWALL COUNTY,433,48 Years,13,7,6,12,6,6,0,0,0,0,0,0,0,0,0,1,1,0
STONEWALL COUNTY,433,49 Years,13,9,4,8,6,2,1,1,0,0,0,0,1,1,0,3,1,2
STONEWALL COUNTY,433,50 Years,12,8,4,8,6,2,0,0,0,0,0,0,0,0,0,4,2,2
STONEWALL COUNTY,433,51 Years,13,7,6,11,6,5,0,0,0,0,0,0,0,0,0,2,1,1
STONEWALL COUNTY,433,52 Years,19,10,9,19,10,9,0,0,0,0,0,0,0,0,0,0,0,0
STONEWALL COUNTY,433,53 Years,18,10,8,15,8,7,2,2,0,0,0,0,0,0,0,1,0,1
STONEWALL COUNTY,433,54 Years,20,8,12,18,8,10,1,0,1,0,0,0,0,0,0,1,0,1
STONEWALL COUNTY,433,55 Years,20,9,11,17,9,8,1,0,1,0,0,0,0,0,0,2,0,2
STONEWALL COUNTY,433,56 Years,22,12,10,18,9,9,0,0,0,0,0,0,0,0,0,4,3,1
STONEWALL COUNTY,433,57 Years,18,11,7,16,9,7,0,0,0,0,0,0,0,0,0,2,2,0
STONEWALL COUNTY,433,58 Years,15,9,6,13,7,6,1,1,0,0,0,0,0,0,0,1,1,0
STONEWALL COUNTY,433,59 Years,18,9,9,16,7,9,1,1,0,0,0,0,0,0,0,1,1,0
STONEWALL COUNTY,433,60 Years,20,14,6,17,11,6,0,0,0,0,0,0,0,0,0,3,3,0
STONEWALL COUNTY,433,61 Years,24,12,12,17,8,9,0,0,0,0,0,0,1,1,0,6,3,3
STONEWALL COUNTY,433,62 Years,20,10,10,16,8,8,1,0,1,0,0,0,0,0,0,3,2,1
STONEWALL COUNTY,433,63 Years,20,7,13,18,6,12,0,0,0,0,0,0,0,0,0,2,1,1
STONEWALL COUNTY,433,64 Years,16,9,7,14,8,6,0,0,0,0,0,0,1,1,0,1,0,1
STONEWALL COUNTY,433,65 Years,16,7,9,13,6,7,0,0,0,0,0,0,0,0,0,3,1,2
STONEWALL COUNTY,433,66 Years,16,9,7,14,8,6,0,0,0,0,0,0,1,1,0,1,0,1
STONEWALL COUNTY,433,67 Years,18,9,9,16,8,8,0,0,0,0,0,0,1,1,0,1,0,1
STONEWALL COUNTY,433,68 Years,17,9,8,16,8,8,0,0,0,0,0,0,0,0,0,1,1,0
STONEWALL COUNTY,433,69 Years,21,10,11,19,8,11,0,0,0,0,0,0,0,0,0,2,2,0
STONEWALL COUNTY,433,70 Years,16,7,9,14,6,8,0,0,0,0,0,0,1,0,1,1,1,0
STONEWALL COUNTY,433,71 Years,18,8,10,15,8,7,0,0,0,0,0,0,1,0,1,2,0,2
STONEWALL COUNTY,433,72 Years,17,7,10,16,7,9,0,0,0,0,0,0,0,0,0,1,0,1
STONEWALL COUNTY,433,73 Years,19,8,11,17,7,10,1,1,0,0,0,0,0,0,0,1,0,1
STONEWALL COUNTY,433,74 Years,22,11,11,20,9,11,1,1,0,0,0,0,0,0,0,1,1,0
STONEWALL COUNTY,433,75 Years,11,5,6,9,5,4,1,0,1,0,0,0,0,0,0,1,0,1
STONEWALL COUNTY,433,76 Years,10,2,8,8,1,7,0,0,0,0,0,0,0,0,0,2,1,1
STONEWALL COUNTY,433,77 Years,11,5,6,11,5,6,0,0,0,0,0,0,0,0,0,0,0,0
STONEWALL COUNTY,433,78 Years,12,6,6,11,6,5,0,0,0,0,0,0,0,0,0,1,0,1
STONEWALL COUNTY,433,79 Years,20,7,13,18,6,12,1,1,0,0,0,0,0,0,0,1,0,1
STONEWALL COUNTY,433,80 Years,15,5,10,13,4,9,2,1,1,0,0,0,0,0,0,0,0,0
STONEWALL COUNTY,433,81 Years,12,5,7,11,5,6,1,0,1,0,0,0,0,0,0,0,0,0
STONEWALL COUNTY,433,82 Years,13,5,8,11,5,6,1,0,1,0,0,0,0,0,0,1,0,1
STONEWALL COUNTY,433,83 Years,9,3,6,8,3,5,0,0,0,0,0,0,1,0,1,0,0,0
STONEWALL COUNTY,433,84 Years,15,4,11,14,4,10,0,0,0,0,0,0,1,0,1,0,0,0
STONEWALL COUNTY,433,85 Years,14,5,9,14,5,9,0,0,0,0,0,0,0,0,0,0,0,0
STONEWALL COUNTY,433,86 Years,15,9,6,12,7,5,1,1,0,0,0,0,1,0,1,1,1,0
STONEWALL COUNTY,433,87 Years,13,7,6,10,6,4,0,0,0,0,0,0,1,0,1,2,1,1
STONEWALL COUNTY,433,88 Years,12,7,5,11,6,5,0,0,0,0,0,0,0,0,0,1,1,0
STONEWALL COUNTY,433,89 Years,12,6,6,11,6,5,1,0,1,0,0,0,0,0,0,0,0,0
STONEWALL COUNTY,433,90 Years,8,3,5,8,3,5,0,0,0,0,0,0,0,0,0,0,0,0
STONEWALL COUNTY,433,91 Years,8,4,4,8,4,4,0,0,0,0,0,0,0,0,0,0,0,0
STONEWALL COUNTY,433,92 Years,8,4,4,7,4,3,0,0,0,0,0,0,0,0,0,1,0,1
STONEWALL COUNTY,433,93 Years,7,4,3,5,3,2,0,0,0,0,0,0,0,0,0,2,1,1
STONEWALL COUNTY,433,94 Years,5,3,2,4,2,2,0,0,0,0,0,0,0,0,0,1,1,0
STONEWALL COUNTY,433,95 Years +,11,5,6,10,5,5,0,0,0,0,0,0,0,0,0,1,0,1
SUTTON COUNTY,435,All Ages,3745,1882,1863,1370,701,669,5,5,0,7,3,4,16,8,8,2347,1165,1182
SUTTON COUNTY,435,< 1 Year,50,24,26,14,5,9,0,0,0,0,0,0,0,0,0,36,19,17
SUTTON COUNTY,435,1 Years,55,26,29,15,8,7,0,0,0,0,0,0,0,0,0,40,18,22
SUTTON COUNTY,435,2 Years,53,28,25,16,9,7,0,0,0,0,0,0,0,0,0,37,19,18
SUTTON COUNTY,435,3 Years,57,30,27,18,11,7,0,0,0,1,1,0,1,1,0,37,17,20
SUTTON COUNTY,435,4 Years,52,27,25,18,9,9,0,0,0,0,0,0,1,1,0,33,17,16
SUTTON COUNTY,435,5 Years,50,26,24,18,10,8,0,0,0,0,0,0,0,0,0,32,16,16
SUTTON COUNTY,435,6 Years,53,30,23,19,11,8,0,0,0,0,0,0,0,0,0,34,19,15
SUTTON COUNTY,435,7 Years,48,27,21,17,10,7,0,0,0,0,0,0,0,0,0,31,17,14
SUTTON COUNTY,435,8 Years,59,24,35,18,6,12,0,0,0,0,0,0,0,0,0,41,18,23
SUTTON COUNTY,435,9 Years,51,28,23,17,10,7,0,0,0,0,0,0,0,0,0,34,18,16
SUTTON COUNTY,435,10 Years,48,24,24,13,9,4,0,0,0,0,0,0,0,0,0,35,15,20
SUTTON COUNTY,435,11 Years,44,21,23,11,5,6,0,0,0,0,0,0,0,0,0,33,16,17
SUTTON COUNTY,435,12 Years,37,18,19,8,4,4,0,0,0,0,0,0,0,0,0,29,14,15
SUTTON COUNTY,435,13 Years,38,18,20,9,4,5,0,0,0,0,0,0,1,1,0,28,13,15
SUTTON COUNTY,435,14 Years,40,18,22,9,4,5,0,0,0,0,0,0,0,0,0,31,14,17
SUTTON COUNTY,435,15 Years,40,20,20,12,6,6,0,0,0,0,0,0,1,0,1,27,14,13
SUTTON COUNTY,435,16 Years,37,17,20,13,7,6,0,0,0,0,0,0,0,0,0,24,10,14
SUTTON COUNTY,435,17 Years,41,17,24,15,7,8,0,0,0,0,0,0,0,0,0,26,10,16
SUTTON COUNTY,435,18 Years,49,23,26,13,7,6,0,0,0,0,0,0,2,0,2,34,16,18
SUTTON COUNTY,435,19 Years,44,29,15,12,8,4,0,0,0,0,0,0,0,0,0,32,21,11
SUTTON COUNTY,435,20 Years,34,18,16,10,6,4,0,0,0,0,0,0,0,0,0,24,12,12
SUTTON COUNTY,435,21 Years,41,21,20,11,6,5,0,0,0,0,0,0,1,0,1,29,15,14
SUTTON COUNTY,435,22 Years,45,23,22,13,7,6,0,0,0,0,0,0,1,0,1,31,16,15
SUTTON COUNTY,435,23 Years,49,29,20,15,8,7,0,0,0,0,0,0,0,0,0,34,21,13
SUTTON COUNTY,435,24 Years,52,26,26,20,9,11,0,0,0,0,0,0,0,0,0,32,17,15
SUTTON COUNTY,435,25 Years,66,32,34,22,10,12,1,1,0,0,0,0,0,0,0,43,21,22
SUTTON COUNTY,435,26 Years,66,27,39,20,9,11,1,1,0,0,0,0,0,0,0,45,17,28
SUTTON COUNTY,435,27 Years,52,23,29,13,4,9,0,0,0,0,0,0,0,0,0,39,19,20
SUTTON COUNTY,435,28 Years,41,22,19,4,1,3,0,0,0,0,0,0,1,1,0,36,20,16
SUTTON COUNTY,435,29 Years,44,25,19,10,7,3,0,0,0,0,0,0,0,0,0,34,18,16
SUTTON COUNTY,435,30 Years,48,25,23,15,10,5,0,0,0,0,0,0,0,0,0,33,15,18
SUTTON COUNTY,435,31 Years,46,27,19,13,9,4,0,0,0,0,0,0,0,0,0,33,18,15
SUTTON COUNTY,435,32 Years,37,16,21,13,7,6,0,0,0,0,0,0,0,0,0,24,9,15
SUTTON COUNTY,435,33 Years,39,17,22,11,4,7,0,0,0,0,0,0,0,0,0,28,13,15
SUTTON COUNTY,435,34 Years,43,20,23,12,5,7,0,0,0,0,0,0,0,0,0,31,15,16
SUTTON COUNTY,435,35 Years,42,21,21,14,7,7,0,0,0,0,0,0,0,0,0,28,14,14
SUTTON COUNTY,435,36 Years,44,22,22,15,8,7,0,0,0,0,0,0,0,0,0,29,14,15
SUTTON COUNTY,435,37 Years,40,20,20,11,4,7,0,0,0,0,0,0,0,0,0,29,16,13
SUTTON COUNTY,435,38 Years,45,21,24,11,4,7,1,1,0,0,0,0,0,0,0,33,16,17
SUTTON COUNTY,435,39 Years,39,22,17,12,5,7,0,0,0,0,0,0,1,1,0,26,16,10
SUTTON COUNTY,435,40 Years,38,20,18,14,8,6,0,0,0,0,0,0,0,0,0,24,12,12
SUTTON COUNTY,435,41 Years,27,13,14,7,4,3,0,0,0,0,0,0,0,0,0,20,9,11
SUTTON COUNTY,435,42 Years,38,16,22,11,3,8,0,0,0,0,0,0,0,0,0,27,13,14
SUTTON COUNTY,435,43 Years,40,20,20,11,7,4,0,0,0,1,0,1,1,1,0,27,12,15
SUTTON COUNTY,435,44 Years,40,20,20,13,7,6,1,1,0,0,0,0,0,0,0,26,12,14
SUTTON COUNTY,435,45 Years,43,20,23,12,7,5,0,0,0,0,0,0,0,0,0,31,13,18
SUTTON COUNTY,435,46 Years,43,19,24,16,6,10,0,0,0,0,0,0,0,0,0,27,13,14
SUTTON COUNTY,435,47 Years,44,20,24,19,7,12,0,0,0,0,0,0,0,0,0,25,13,12
SUTTON COUNTY,435,48 Years,54,24,30,17,7,10,0,0,0,0,0,0,0,0,0,37,17,20
SUTTON COUNTY,435,49 Years,50,27,23,17,9,8,0,0,0,0,0,0,0,0,0,33,18,15
SUTTON COUNTY,435,50 Years,43,23,20,20,12,8,0,0,0,0,0,0,0,0,0,23,11,12
SUTTON COUNTY,435,51 Years,44,26,18,15,9,6,0,0,0,0,0,0,0,0,0,29,17,12
SUTTON COUNTY,435,52 Years,44,26,18,17,9,8,0,0,0,0,0,0,1,0,1,26,17,9
SUTTON COUNTY,435,53 Years,40,19,21,18,7,11,0,0,0,2,0,2,0,0,0,20,12,8
SUTTON COUNTY,435,54 Years,48,20,28,20,7,13,0,0,0,1,0,1,0,0,0,27,13,14
SUTTON COUNTY,435,55 Years,49,27,22,23,13,10,0,0,0,0,0,0,0,0,0,26,14,12
SUTTON COUNTY,435,56 Years,57,31,26,25,12,13,0,0,0,0,0,0,0,0,0,32,19,13
SUTTON COUNTY,435,57 Years,49,27,22,24,12,12,0,0,0,0,0,0,1,1,0,24,14,10
SUTTON COUNTY,435,58 Years,53,24,29,23,12,11,0,0,0,1,1,0,0,0,0,29,11,18
SUTTON COUNTY,435,59 Years,47,25,22,20,12,8,0,0,0,0,0,0,0,0,0,27,13,14
SUTTON COUNTY,435,60 Years,49,28,21,19,13,6,0,0,0,0,0,0,0,0,0,30,15,15
SUTTON COUNTY,435,61 Years,43,20,23,18,9,9,0,0,0,0,0,0,0,0,0,25,11,14
SUTTON COUNTY,435,62 Years,49,25,24,24,11,13,0,0,0,0,0,0,0,0,0,25,14,11
SUTTON COUNTY,435,63 Years,48,26,22,22,13,9,0,0,0,0,0,0,0,0,0,26,13,13
SUTTON COUNTY,435,64 Years,56,28,28,26,15,11,0,0,0,0,0,0,1,0,1,29,13,16
SUTTON COUNTY,435,65 Years,50,22,28,24,12,12,0,0,0,0,0,0,0,0,0,26,10,16
SUTTON COUNTY,435,66 Years,45,24,21,19,10,9,0,0,0,0,0,0,0,0,0,26,14,12
SUTTON COUNTY,435,67 Years,49,27,22,22,14,8,0,0,0,0,0,0,0,0,0,27,13,14
SUTTON COUNTY,435,68 Years,39,18,21,22,11,11,0,0,0,0,0,0,0,0,0,17,7,10
SUTTON COUNTY,435,69 Years,42,24,18,19,11,8,0,0,0,0,0,0,0,0,0,23,13,10
SUTTON COUNTY,435,70 Years,43,26,17,21,13,8,0,0,0,0,0,0,0,0,0,22,13,9
SUTTON COUNTY,435,71 Years,43,23,20,26,16,10,0,0,0,0,0,0,0,0,0,17,7,10
SUTTON COUNTY,435,72 Years,39,22,17,21,13,8,0,0,0,0,0,0,0,0,0,18,9,9
SUTTON COUNTY,435,73 Years,30,15,15,16,8,8,0,0,0,0,0,0,1,1,0,13,6,7
SUTTON COUNTY,435,74 Years,32,17,15,15,7,8,1,1,0,0,0,0,0,0,0,16,9,7
SUTTON COUNTY,435,75 Years,30,18,12,18,12,6,0,0,0,1,1,0,0,0,0,11,5,6
SUTTON COUNTY,435,76 Years,25,16,9,15,9,6,0,0,0,0,0,0,0,0,0,10,7,3
SUTTON COUNTY,435,77 Years,19,8,11,10,5,5,0,0,0,0,0,0,0,0,0,9,3,6
SUTTON COUNTY,435,78 Years,17,9,8,10,6,4,0,0,0,0,0,0,0,0,0,7,3,4
SUTTON COUNTY,435,79 Years,18,9,9,9,4,5,0,0,0,0,0,0,0,0,0,9,5,4
SUTTON COUNTY,435,80 Years,14,7,7,7,3,4,0,0,0,0,0,0,0,0,0,7,4,3
SUTTON COUNTY,435,81 Years,19,10,9,9,5,4,0,0,0,0,0,0,0,0,0,10,5,5
SUTTON COUNTY,435,82 Years,22,9,13,10,3,7,0,0,0,0,0,0,0,0,0,12,6,6
SUTTON COUNTY,435,83 Years,15,7,8,6,3,3,0,0,0,0,0,0,0,0,0,9,4,5
SUTTON COUNTY,435,84 Years,13,4,9,8,2,6,0,0,0,0,0,0,0,0,0,5,2,3
SUTTON COUNTY,435,85 Years,16,7,9,9,2,7,0,0,0,0,0,0,0,0,0,7,5,2
SUTTON COUNTY,435,86 Years,19,7,12,8,2,6,0,0,0,0,0,0,0,0,0,11,5,6
SUTTON COUNTY,435,87 Years,17,8,9,7,3,4,0,0,0,0,0,0,0,0,0,10,5,5
SUTTON COUNTY,435,88 Years,20,11,9,8,4,4,0,0,0,0,0,0,0,0,0,12,7,5
SUTTON COUNTY,435,89 Years,14,5,9,6,3,3,0,0,0,0,0,0,0,0,0,8,2,6
SUTTON COUNTY,435,90 Years,12,5,7,5,2,3,0,0,0,0,0,0,0,0,0,7,3,4
SUTTON COUNTY,435,91 Years,11,3,8,4,1,3,0,0,0,0,0,0,0,0,0,7,2,5
SUTTON COUNTY,435,92 Years,12,3,9,4,1,3,0,0,0,0,0,0,0,0,0,8,2,6
SUTTON COUNTY,435,93 Years,6,3,3,2,1,1,0,0,0,0,0,0,0,0,0,4,2,2
SUTTON COUNTY,435,94 Years,6,3,3,3,2,1,0,0,0,0,0,0,0,0,0,3,1,2
SUTTON COUNTY,435,95 Years +,13,6,7,6,2,4,0,0,0,0,0,0,1,0,1,6,4,2
SWISHER COUNTY,437,All Ages,7430,3960,3470,3448,1707,1741,594,411,183,6,2,4,138,66,72,3244,1774,1470
SWISHER COUNTY,437,< 1 Year,83,42,41,30,14,16,4,2,2,0,0,0,0,0,0,49,26,23
SWISHER COUNTY,437,1 Years,81,42,39,27,14,13,4,1,3,0,0,0,5,3,2,45,24,21
SWISHER COUNTY,437,2 Years,90,45,45,33,17,16,6,3,3,0,0,0,7,4,3,44,21,23
SWISHER COUNTY,437,3 Years,93,50,43,31,18,13,6,3,3,0,0,0,5,4,1,51,25,26
SWISHER COUNTY,437,4 Years,97,48,49,31,16,15,6,3,3,0,0,0,3,2,1,57,27,30
SWISHER COUNTY,437,5 Years,89,43,46,25,12,13,5,2,3,0,0,0,0,0,0,59,29,30
SWISHER COUNTY,437,6 Years,98,46,52,28,14,14,4,2,2,0,0,0,3,1,2,63,29,34
SWISHER COUNTY,437,7 Years,98,50,48,29,15,14,5,4,1,0,0,0,0,0,0,64,31,33
SWISHER COUNTY,437,8 Years,117,50,67,35,12,23,4,2,2,0,0,0,5,3,2,73,33,40
SWISHER COUNTY,437,9 Years,111,53,58,33,13,20,8,2,6,0,0,0,4,3,1,66,35,31
SWISHER COUNTY,437,10 Years,105,53,52,39,17,22,5,2,3,0,0,0,4,1,3,57,33,24
SWISHER COUNTY,437,11 Years,111,54,57,35,16,19,10,5,5,0,0,0,5,2,3,61,31,30
SWISHER COUNTY,437,12 Years,110,53,57,40,18,22,12,5,7,0,0,0,4,2,2,54,28,26
SWISHER COUNTY,437,13 Years,121,71,50,47,27,20,10,5,5,0,0,0,5,3,2,59,36,23
SWISHER COUNTY,437,14 Years,110,56,54,40,19,21,9,4,5,0,0,0,4,2,2,57,31,26
SWISHER COUNTY,437,15 Years,99,54,45,39,21,18,6,3,3,0,0,0,3,1,2,51,29,22
SWISHER COUNTY,437,16 Years,90,53,37,35,19,16,6,4,2,0,0,0,2,2,0,47,28,19
SWISHER COUNTY,437,17 Years,106,59,47,38,17,21,6,2,4,0,0,0,2,2,0,60,38,22
SWISHER COUNTY,437,18 Years,100,56,44,38,20,18,10,5,5,0,0,0,3,0,3,49,31,18
SWISHER COUNTY,437,19 Years,91,47,44,31,16,15,11,8,3,0,0,0,1,0,1,48,23,25
SWISHER COUNTY,437,20 Years,89,54,35,30,19,11,5,3,2,0,0,0,3,2,1,51,30,21
SWISHER COUNTY,437,21 Years,96,60,36,24,14,10,18,13,5,0,0,0,2,1,1,52,32,20
SWISHER COUNTY,437,22 Years,96,59,37,36,21,15,16,12,4,0,0,0,1,0,1,43,26,17
SWISHER COUNTY,437,23 Years,96,59,37,33,14,19,11,8,3,0,0,0,1,0,1,51,37,14
SWISHER COUNTY,437,24 Years,115,71,44,35,17,18,21,19,2,0,0,0,2,1,1,57,34,23
SWISHER COUNTY,437,25 Years,107,58,49,44,21,23,11,9,2,0,0,0,3,1,2,49,27,22
SWISHER COUNTY,437,26 Years,105,59,46,39,17,22,14,13,1,0,0,0,1,1,0,51,28,23
SWISHER COUNTY,437,27 Years,106,65,41,44,23,21,17,15,2,0,0,0,1,1,0,44,26,18
SWISHER COUNTY,437,28 Years,91,60,31,33,22,11,12,11,1,0,0,0,1,1,0,45,26,19
SWISHER COUNTY,437,29 Years,89,58,31,28,19,9,13,10,3,0,0,0,0,0,0,48,29,19
SWISHER COUNTY,437,30 Years,99,61,38,30,17,13,12,11,1,1,1,0,2,1,1,54,31,23
SWISHER COUNTY,437,31 Years,111,70,41,33,16,17,12,12,0,0,0,0,1,0,1,65,42,23
SWISHER COUNTY,437,32 Years,101,68,33,28,15,13,13,12,1,0,0,0,3,1,2,57,40,17
SWISHER COUNTY,437,33 Years,97,57,40,35,18,17,14,11,3,0,0,0,1,1,0,47,27,20
SWISHER COUNTY,437,34 Years,98,56,42,32,16,16,16,14,2,0,0,0,2,1,1,48,25,23
SWISHER COUNTY,437,35 Years,90,48,42,32,15,17,12,10,2,0,0,0,1,0,1,45,23,22
SWISHER COUNTY,437,36 Years,85,41,44,35,12,23,7,6,1,0,0,0,2,0,2,41,23,18
SWISHER COUNTY,437,37 Years,93,56,37,39,16,23,13,12,1,0,0,0,1,0,1,40,28,12
SWISHER COUNTY,437,38 Years,85,48,37,38,18,20,7,5,2,0,0,0,0,0,0,40,25,15
SWISHER COUNTY,437,39 Years,85,45,40,36,15,21,8,6,2,0,0,0,1,0,1,40,24,16
SWISHER COUNTY,437,40 Years,78,40,38,33,14,19,8,6,2,0,0,0,1,0,1,36,20,16
SWISHER COUNTY,437,41 Years,79,45,34,34,16,18,9,7,2,0,0,0,0,0,0,36,22,14
SWISHER COUNTY,437,42 Years,82,48,34,37,19,18,11,7,4,0,0,0,1,0,1,33,22,11
SWISHER COUNTY,437,43 Years,80,46,34,36,19,17,8,6,2,0,0,0,1,1,0,35,20,15
SWISHER COUNTY,437,44 Years,64,39,25,29,16,13,7,5,2,0,0,0,2,1,1,26,17,9
SWISHER COUNTY,437,45 Years,69,39,30,32,16,16,8,7,1,0,0,0,1,1,0,28,15,13
SWISHER COUNTY,437,46 Years,70,41,29,26,16,10,8,8,0,0,0,0,2,1,1,34,16,18
SWISHER COUNTY,437,47 Years,71,34,37,31,15,16,5,4,1,0,0,0,2,1,1,33,14,19
SWISHER COUNTY,437,48 Years,77,37,40,36,16,20,4,4,0,0,0,0,1,1,0,36,16,20
SWISHER COUNTY,437,49 Years,87,40,47,37,17,20,8,6,2,1,0,1,0,0,0,41,17,24
SWISHER COUNTY,437,50 Years,75,44,31,37,20,17,7,7,0,0,0,0,1,0,1,30,17,13
SWISHER COUNTY,437,51 Years,71,41,30,35,20,15,5,4,1,0,0,0,1,0,1,30,17,13
SWISHER COUNTY,437,52 Years,84,45,39,40,22,18,9,4,5,0,0,0,1,0,1,34,19,15
SWISHER COUNTY,437,53 Years,87,48,39,47,27,20,5,3,2,0,0,0,1,0,1,34,18,16
SWISHER COUNTY,437,54 Years,96,51,45,43,22,21,8,5,3,0,0,0,2,1,1,43,23,20
SWISHER COUNTY,437,55 Years,90,49,41,46,25,21,4,4,0,0,0,0,0,0,0,40,20,20
SWISHER COUNTY,437,56 Years,86,42,44,48,21,27,5,4,1,0,0,0,0,0,0,33,17,16
SWISHER COUNTY,437,57 Years,97,46,51,54,24,30,6,3,3,0,0,0,1,0,1,36,19,17
SWISHER COUNTY,437,58 Years,88,47,41,51,26,25,6,5,1,0,0,0,1,0,1,30,16,14
SWISHER COUNTY,437,59 Years,83,44,39,54,29,25,3,2,1,0,0,0,1,1,0,25,12,13
SWISHER COUNTY,437,60 Years,88,49,39,45,24,21,4,2,2,0,0,0,1,1,0,38,22,16
SWISHER COUNTY,437,61 Years,90,44,46,54,27,27,5,2,3,0,0,0,0,0,0,31,15,16
SWISHER COUNTY,437,62 Years,84,42,42,56,29,27,2,1,1,0,0,0,0,0,0,26,12,14
SWISHER COUNTY,437,63 Years,83,40,43,53,27,26,1,1,0,0,0,0,1,0,1,28,12,16
SWISHER COUNTY,437,64 Years,82,46,36,57,30,27,4,3,1,0,0,0,1,1,0,20,12,8
SWISHER COUNTY,437,65 Years,88,49,39,61,32,29,4,2,2,0,0,0,0,0,0,23,15,8
SWISHER COUNTY,437,66 Years,91,47,44,59,30,29,7,3,4,0,0,0,0,0,0,25,14,11
SWISHER COUNTY,437,67 Years,88,42,46,62,29,33,3,1,2,1,0,1,2,2,0,20,10,10
SWISHER COUNTY,437,68 Years,80,39,41,54,27,27,3,1,2,1,0,1,2,1,1,20,10,10
SWISHER COUNTY,437,69 Years,76,44,32,52,30,22,3,1,2,0,0,0,1,0,1,20,13,7
SWISHER COUNTY,437,70 Years,76,42,34,51,29,22,2,1,1,0,0,0,3,1,2,20,11,9
SWISHER COUNTY,437,71 Years,69,35,34,50,26,24,2,1,1,0,0,0,3,1,2,14,7,7
SWISHER COUNTY,437,72 Years,65,31,34,47,23,24,2,0,2,0,0,0,1,1,0,15,7,8
SWISHER COUNTY,437,73 Years,59,27,32,40,19,21,2,1,1,0,0,0,2,0,2,15,7,8
SWISHER COUNTY,437,74 Years,70,34,36,49,25,24,2,2,0,1,0,1,1,0,1,17,7,10
SWISHER COUNTY,437,75 Years,64,34,30,45,26,19,4,2,2,0,0,0,0,0,0,15,6,9
SWISHER COUNTY,437,76 Years,54,27,27,37,19,18,3,1,2,0,0,0,0,0,0,14,7,7
SWISHER COUNTY,437,77 Years,52,27,25,37,20,17,0,0,0,1,1,0,1,1,0,13,5,8
SWISHER COUNTY,437,78 Years,50,26,24,36,20,16,2,0,2,0,0,0,0,0,0,12,6,6
SWISHER COUNTY,437,79 Years,52,30,22,34,22,12,3,1,2,0,0,0,1,0,1,14,7,7
SWISHER COUNTY,437,80 Years,48,25,23,29,16,13,3,2,1,0,0,0,0,0,0,16,7,9
SWISHER COUNTY,437,81 Years,39,14,25,28,9,19,1,0,1,0,0,0,0,0,0,10,5,5
SWISHER COUNTY,437,82 Years,41,9,32,35,8,27,1,0,1,0,0,0,0,0,0,5,1,4
SWISHER COUNTY,437,83 Years,32,8,24,25,5,20,0,0,0,0,0,0,0,0,0,7,3,4
SWISHER COUNTY,437,84 Years,34,12,22,26,10,16,2,0,2,0,0,0,0,0,0,6,2,4
SWISHER COUNTY,437,85 Years,35,16,19,27,12,15,1,1,0,0,0,0,0,0,0,7,3,4
SWISHER COUNTY,437,86 Years,29,14,15,21,10,11,1,1,0,0,0,0,0,0,0,7,3,4
SWISHER COUNTY,437,87 Years,23,10,13,18,6,12,0,0,0,0,0,0,1,1,0,4,3,1
SWISHER COUNTY,437,88 Years,30,14,16,25,11,14,0,0,0,0,0,0,0,0,0,5,3,2
SWISHER COUNTY,437,89 Years,24,11,13,19,7,12,0,0,0,0,0,0,1,1,0,4,3,1
SWISHER COUNTY,437,90 Years,16,3,13,13,3,10,0,0,0,0,0,0,1,0,1,2,0,2
SWISHER COUNTY,437,91 Years,16,6,10,12,5,7,1,0,1,0,0,0,0,0,0,3,1,2
SWISHER COUNTY,437,92 Years,17,7,10,11,4,7,2,1,1,0,0,0,0,0,0,4,2,2
SWISHER COUNTY,437,93 Years,8,4,4,6,2,4,0,0,0,0,0,0,0,0,0,2,2,0
SWISHER COUNTY,437,94 Years,6,2,4,5,1,4,0,0,0,0,0,0,0,0,0,1,1,0
SWISHER COUNTY,437,95 Years +,23,6,17,15,4,11,1,0,1,0,0,0,1,0,1,6,2,4
TARRANT COUNTY,439,All Ages,2052267,1003418,1048849,957120,466130,490990,331096,155713,175383,114278,55692,58586,59156,29537,29619,590617,296346,294271
TARRANT COUNTY,439,< 1 Year,27114,13889,13225,8896,4547,4349,4851,2438,2413,1098,587,511,1494,791,703,10775,5526,5249
TARRANT COUNTY,439,1 Years,27465,14053,13412,9032,4612,4420,4879,2447,2432,1080,571,509,1546,816,730,10928,5607,5321
TARRANT COUNTY,439,2 Years,28158,14462,13696,9438,4865,4573,4852,2470,2382,1163,612,551,1594,841,753,11111,5674,5437
TARRANT COUNTY,439,3 Years,28645,14677,13968,9797,5053,4744,4850,2438,2412,1208,620,588,1597,833,764,11193,5733,5460
TARRANT COUNTY,439,4 Years,28719,14746,13973,10013,5164,4849,4729,2382,2347,1313,673,640,1541,804,737,11123,5723,5400
TARRANT COUNTY,439,5 Years,28749,14659,14090,10119,5188,4931,4663,2349,2314,1323,653,670,1497,762,735,11147,5707,5440
TARRANT COUNTY,439,6 Years,28619,14624,13995,10150,5189,4961,4545,2320,2225,1330,667,663,1464,752,712,11130,5696,5434
TARRANT COUNTY,439,7 Years,28848,14633,14215,10224,5220,5004,4558,2315,2243,1328,654,674,1442,732,710,11296,5712,5584
TARRANT COUNTY,439,8 Years,27900,14009,13891,9743,4948,4795,4397,2180,2217,1246,617,629,1327,677,650,11187,5587,5600
TARRANT COUNTY,439,9 Years,29870,15012,14858,10379,5279,5100,4984,2500,2484,1363,654,709,1313,680,633,11831,5899,5932
TARRANT COUNTY,439,10 Years,30677,15684,14993,10524,5437,5087,5189,2598,2591,1560,803,757,1366,723,643,12038,6123,5915
TARRANT COUNTY,439,11 Years,30851,15768,15083,10609,5458,5151,5214,2637,2577,1492,772,720,1341,699,642,12195,6202,5993
TARRANT COUNTY,439,12 Years,30623,15642,14981,10596,5432,5164,5240,2621,2619,1452,770,682,1323,690,633,12012,6129,5883
TARRANT COUNTY,439,13 Years,30544,15538,15006,10685,5495,5190,5337,2681,2656,1478,753,725,1303,655,648,11741,5954,5787
TARRANT COUNTY,439,14 Years,30681,15626,15055,10673,5459,5214,5369,2710,2659,1617,824,793,1314,659,655,11708,5974,5734
TARRANT COUNTY,439,15 Years,29960,15225,14735,10614,5419,5195,5264,2668,2596,1555,782,773,1259,631,628,11268,5725,5543
TARRANT COUNTY,439,16 Years,29870,15179,14691,10533,5371,5162,5345,2689,2656,1496,761,735,1285,640,645,11211,5718,5493
TARRANT COUNTY,439,17 Years,30245,15222,15023,10770,5394,5376,5300,2674,2626,1590,807,783,1574,798,776,11011,5549,5462
TARRANT COUNTY,439,18 Years,29676,15014,14662,10569,5454,5115,5277,2684,2593,1599,795,804,1477,778,699,10754,5303,5451
TARRANT COUNTY,439,19 Years,27966,14170,13796,9758,5077,4681,5015,2493,2522,1576,798,778,1188,625,563,10429,5177,5252
TARRANT COUNTY,439,20 Years,27019,13663,13356,9507,4909,4598,5000,2446,2554,1569,822,747,1158,588,570,9785,4898,4887
TARRANT COUNTY,439,21 Years,27545,13876,13669,9937,5096,4841,5052,2517,2535,1669,866,803,1128,575,553,9759,4822,4937
TARRANT COUNTY,439,22 Years,28192,14018,14174,10409,5209,5200,5110,2566,2544,1758,933,825,1107,549,558,9808,4761,5047
TARRANT COUNTY,439,23 Years,29320,14698,14622,11255,5645,5610,5269,2617,2652,1869,987,882,1140,617,523,9787,4832,4955
TARRANT COUNTY,439,24 Years,30421,15221,15200,12056,6017,6039,5390,2658,2732,2158,1124,1034,1039,580,459,9778,4842,4936
TARRANT COUNTY,439,25 Years,30669,15374,15295,12595,6280,6315,5515,2795,2720,2112,1062,1050,754,427,327,9693,4810,4883
TARRANT COUNTY,439,26 Years,30585,15358,15227,12932,6525,6407,5254,2631,2623,2132,1040,1092,616,314,302,9651,4848,4803
TARRANT COUNTY,439,27 Years,30324,14981,15343,13232,6463,6769,4899,2385,2514,1978,1029,949,784,356,428,9431,4748,4683
TARRANT COUNTY,439,28 Years,30368,15046,15322,13592,6622,6970,4610,2223,2387,2053,1020,1033,813,382,431,9300,4799,4501
TARRANT COUNTY,439,29 Years,30054,14730,15324,13441,6485,6956,4509,2135,2374,2180,1029,1151,777,370,407,9147,4711,4436
TARRANT COUNTY,439,30 Years,29530,14482,15048,13196,6320,6876,4473,2042,2431,2205,1100,1105,667,304,363,8989,4716,4273
TARRANT COUNTY,439,31 Years,29356,14275,15081,13389,6481,6908,4541,2004,2537,2136,1029,1107,570,238,332,8720,4523,4197
TARRANT COUNTY,439,32 Years,29154,14232,14922,13386,6512,6874,4690,2132,2558,1947,965,982,533,218,315,8598,4405,4193
TARRANT COUNTY,439,33 Years,29274,14319,14955,13435,6615,6820,4722,2187,2535,1945,972,973,565,233,332,8607,4312,4295
TARRANT COUNTY,439,34 Years,28856,14180,14676,13033,6474,6559,4747,2154,2593,1911,954,957,586,285,301,8579,4313,4266
TARRANT COUNTY,439,35 Years,29642,14533,15109,13455,6680,6775,4928,2198,2730,1867,900,967,629,316,313,8763,4439,4324
TARRANT COUNTY,439,36 Years,29464,14349,15115,13475,6647,6828,4903,2182,2721,1782,816,966,642,310,332,8662,4394,4268
TARRANT COUNTY,439,37 Years,29407,14259,15148,13511,6691,6820,4864,2129,2735,1716,776,940,605,300,305,8711,4363,4348
TARRANT COUNTY,439,38 Years,29305,14200,15105,13243,6547,6696,5057,2235,2822,1640,769,871,596,284,312,8769,4365,4404
TARRANT COUNTY,439,39 Years,27668,13471,14197,12300,6095,6205,4830,2153,2677,1600,761,839,594,268,326,8344,4194,4150
TARRANT COUNTY,439,40 Years,27186,13210,13976,11995,5910,6085,4655,2086,2569,1542,721,821,569,281,288,8425,4212,4213
TARRANT COUNTY,439,41 Years,26700,13054,13646,11705,5871,5834,4539,2023,2516,1544,707,837,567,259,308,8345,4194,4151
TARRANT COUNTY,439,42 Years,26646,13020,13626,11587,5752,5835,4484,2078,2406,1768,824,944,549,256,293,8258,4110,4148
TARRANT COUNTY,439,43 Years,26930,13141,13789,11750,5833,5917,4495,2037,2458,1815,834,981,538,251,287,8332,4186,4146
TARRANT COUNTY,439,44 Years,26407,12695,13712,11577,5653,5924,4529,2048,2481,1817,826,991,493,220,273,7991,3948,4043
TARRANT COUNTY,439,45 Years,26540,12790,13750,11841,5806,6035,4526,2054,2472,1783,815,968,488,219,269,7902,3896,4006
TARRANT COUNTY,439,46 Years,27669,13467,14202,12749,6429,6320,4670,2072,2598,1901,880,1021,493,223,270,7856,3863,3993
TARRANT COUNTY,439,47 Years,28856,14072,14784,13920,6976,6944,4864,2231,2633,1864,842,1022,578,289,289,7630,3734,3896
TARRANT COUNTY,439,48 Years,28872,14072,14800,14049,6976,7073,4839,2178,2661,1872,842,1030,602,294,308,7510,3782,3728
TARRANT COUNTY,439,49 Years,27178,13170,14008,13292,6520,6772,4508,2064,2444,1765,812,953,527,247,280,7086,3527,3559
TARRANT COUNTY,439,50 Years,26110,12823,13287,12728,6289,6439,4429,2058,2371,1610,765,845,505,236,269,6838,3475,3363
TARRANT COUNTY,439,51 Years,25577,12544,13033,12657,6274,6383,4390,2010,2380,1502,694,808,510,237,273,6518,3329,3189
TARRANT COUNTY,439,52 Years,25898,12620,13278,12903,6272,6631,4544,2071,2473,1488,724,764,480,220,260,6483,3333,3150
TARRANT COUNTY,439,53 Years,26839,13094,13745,13833,6760,7073,4617,2115,2502,1446,718,728,525,251,274,6418,3250,3168
TARRANT COUNTY,439,54 Years,27025,13131,13894,14651,7088,7563,4528,2110,2418,1454,709,745,499,256,243,5893,2968,2925
TARRANT COUNTY,439,55 Years,26647,13197,13450,14838,7330,7508,4434,2108,2326,1401,704,697,510,255,255,5464,2800,2664
TARRANT COUNTY,439,56 Years,26191,12852,13339,15084,7392,7692,4266,1965,2301,1269,633,636,496,234,262,5076,2628,2448
TARRANT COUNTY,439,57 Years,26097,12795,13302,15304,7478,7826,4150,1924,2226,1299,630,669,486,243,243,4858,2520,2338
TARRANT COUNTY,439,58 Years,25772,12591,13181,15353,7533,7820,4039,1889,2150,1273,608,665,456,229,227,4651,2332,2319
TARRANT COUNTY,439,59 Years,24301,11963,12338,14622,7230,7392,3827,1809,2018,1191,585,606,421,207,214,4240,2132,2108
TARRANT COUNTY,439,60 Years,23772,11682,12090,14493,7092,7401,3725,1746,1979,1183,596,587,434,225,209,3937,2023,1914
TARRANT COUNTY,439,61 Years,22803,10991,11812,14018,6812,7206,3496,1556,1940,1158,542,616,436,240,196,3695,1841,1854
TARRANT COUNTY,439,62 Years,21876,10392,11484,13448,6472,6976,3392,1485,1907,1159,548,611,414,224,190,3463,1663,1800
TARRANT COUNTY,439,63 Years,21270,10088,11182,13267,6347,6920,3248,1432,1816,1080,530,550,363,187,176,3312,1592,1720
TARRANT COUNTY,439,64 Years,19694,9235,10459,12553,5974,6579,2897,1263,1634,962,424,538,338,167,171,2944,1407,1537
TARRANT COUNTY,439,65 Years,18457,8636,9821,11965,5610,6355,2588,1146,1442,978,451,527,296,138,158,2630,1291,1339
TARRANT COUNTY,439,66 Years,17505,8159,9346,11471,5390,6081,2414,1057,1357,970,441,529,308,147,161,2342,1124,1218
TARRANT COUNTY,439,67 Years,16379,7570,8809,10607,4980,5627,2302,985,1317,918,392,526,275,135,140,2277,1078,1199
TARRANT COUNTY,439,68 Years,15901,7319,8582,10447,4842,5605,2090,863,1227,914,421,493,273,133,140,2177,1060,1117
TARRANT COUNTY,439,69 Years,15222,7004,8218,10232,4730,5502,1959,797,1162,847,409,438,241,122,119,1943,946,997
TARRANT COUNTY,439,70 Years,15182,6980,8202,10673,4958,5715,1766,735,1031,754,342,412,226,108,118,1763,837,926
TARRANT COUNTY,439,71 Years,14730,6790,7940,10602,4951,5651,1579,678,901,660,301,359,215,86,129,1674,774,900
TARRANT COUNTY,439,72 Years,11777,5405,6372,8264,3815,4449,1274,527,747,568,281,287,190,88,102,1481,694,787
TARRANT COUNTY,439,73 Years,10809,4887,5922,7572,3444,4128,1127,461,666,547,256,291,146,70,76,1417,656,761
TARRANT COUNTY,439,74 Years,10526,4676,5850,7552,3398,4154,1071,432,639,496,227,269,151,66,85,1256,553,703
TARRANT COUNTY,439,75 Years,9867,4328,5539,7196,3209,3987,970,383,587,452,205,247,145,57,88,1104,474,630
TARRANT COUNTY,439,76 Years,8553,3763,4790,6233,2792,3441,869,319,550,388,186,202,113,53,60,950,413,537
TARRANT COUNTY,439,77 Years,7883,3362,4521,5696,2478,3218,829,298,531,354,168,186,106,43,63,898,375,523
TARRANT COUNTY,439,78 Years,7092,3025,4067,5165,2236,2929,703,271,432,300,139,161,84,34,50,840,345,495
TARRANT COUNTY,439,79 Years,6485,2688,3797,4729,1991,2738,656,247,409,261,117,144,85,31,54,754,302,452
TARRANT COUNTY,439,80 Years,6071,2461,3610,4460,1828,2632,614,216,398,253,126,127,77,25,52,667,266,401
TARRANT COUNTY,439,81 Years,5486,2223,3263,4073,1663,2410,543,190,353,198,92,106,66,28,38,606,250,356
TARRANT COUNTY,439,82 Years,5188,2057,3131,3901,1576,2325,496,178,318,164,71,93,64,26,38,563,206,357
TARRANT COUNTY,439,83 Years,4988,1965,3023,3767,1513,2254,487,168,319,140,60,80,55,19,36,539,205,334
TARRANT COUNTY,439,84 Years,4273,1657,2616,3254,1282,1972,408,129,279,148,70,78,35,16,19,428,160,268
TARRANT COUNTY,439,85 Years,3990,1492,2498,3060,1168,1892,356,102,254,142,64,78,35,15,20,397,143,254
TARRANT COUNTY,439,86 Years,3595,1337,2258,2804,1061,1743,300,86,214,108,43,65,32,14,18,351,133,218
TARRANT COUNTY,439,87 Years,3247,1216,2031,2573,979,1594,250,68,182,106,48,58,29,10,19,289,111,178
TARRANT COUNTY,439,88 Years,2798,1004,1794,2234,806,1428,227,68,159,88,36,52,21,8,13,228,86,142
TARRANT COUNTY,439,89 Years,2403,825,1578,1943,676,1267,185,51,134,60,25,35,15,5,10,200,68,132
TARRANT COUNTY,439,90 Years,2063,681,1382,1665,560,1105,157,33,124,54,20,34,11,4,7,176,64,112
TARRANT COUNTY,439,91 Years,1778,562,1216,1451,459,992,128,34,94,48,20,28,8,2,6,143,47,96
TARRANT COUNTY,439,92 Years,1489,434,1055,1233,362,871,103,25,78,35,12,23,8,1,7,110,34,76
TARRANT COUNTY,439,93 Years,1207,339,868,1001,282,719,85,22,63,25,7,18,6,0,6,90,28,62
TARRANT COUNTY,439,94 Years,928,246,682,771,205,566,64,13,51,21,7,14,5,1,4,67,20,47
TARRANT COUNTY,439,95 Years +,2206,541,1665,1808,443,1365,184,36,148,41,15,26,10,2,8,163,45,118
TAYLOR COUNTY,441,All Ages,138849,67760,71089,86821,42115,44706,9938,5134,4804,2651,1036,1615,4705,2422,2283,34734,17053,17681
TAYLOR COUNTY,441,< 1 Year,1935,999,936,870,447,423,180,96,84,18,10,8,208,118,90,659,328,331
TAYLOR COUNTY,441,1 Years,1906,968,938,849,437,412,175,91,84,19,9,10,206,103,103,657,328,329
TAYLOR COUNTY,441,2 Years,1916,971,945,858,434,424,173,83,90,18,10,8,199,109,90,668,335,333
TAYLOR COUNTY,441,3 Years,1918,972,946,880,459,421,163,79,84,18,9,9,195,98,97,662,327,335
TAYLOR COUNTY,441,4 Years,1903,974,929,897,471,426,158,80,78,18,10,8,181,95,86,649,318,331
TAYLOR COUNTY,441,5 Years,1901,971,930,909,478,431,149,77,72,19,10,9,179,93,86,645,313,332
TAYLOR COUNTY,441,6 Years,1875,959,916,897,466,431,155,79,76,21,12,9,168,87,81,634,315,319
TAYLOR COUNTY,441,7 Years,1872,946,926,911,471,440,157,74,83,20,14,6,154,81,73,630,306,324
TAYLOR COUNTY,441,8 Years,1785,855,930,887,424,463,158,75,83,13,4,9,132,66,66,595,286,309
TAYLOR COUNTY,441,9 Years,1938,974,964,987,500,487,165,81,84,14,6,8,108,57,51,664,330,334
TAYLOR COUNTY,441,10 Years,1974,1033,941,1013,522,491,169,86,83,12,5,7,99,54,45,681,366,315
TAYLOR COUNTY,441,11 Years,2037,1080,957,1035,534,501,171,97,74,23,17,6,97,53,44,711,379,332
TAYLOR COUNTY,441,12 Years,1957,1011,946,989,497,492,166,91,75,22,12,10,85,53,32,695,358,337
TAYLOR COUNTY,441,13 Years,1935,993,942,980,494,486,167,84,83,18,10,8,79,45,34,691,360,331
TAYLOR COUNTY,441,14 Years,1868,945,923,943,478,465,157,81,76,20,10,10,74,37,37,674,339,335
TAYLOR COUNTY,441,15 Years,1819,931,888,945,484,461,160,79,81,18,7,11,74,38,36,622,323,299
TAYLOR COUNTY,441,16 Years,1817,939,878,955,501,454,148,64,84,31,23,8,77,43,34,606,308,298
TAYLOR COUNTY,441,17 Years,1891,956,935,964,508,456,166,77,89,48,19,29,75,44,31,638,308,330
TAYLOR COUNTY,441,18 Years,2545,1259,1286,1459,731,728,208,112,96,44,14,30,85,38,47,749,364,385
TAYLOR COUNTY,441,19 Years,2562,1288,1274,1483,750,733,201,105,96,49,19,30,118,55,63,711,359,352
TAYLOR COUNTY,441,20 Years,2568,1317,1251,1433,730,703,210,122,88,55,23,32,121,61,60,749,381,368
TAYLOR COUNTY,441,21 Years,2494,1301,1193,1405,711,694,198,119,79,58,26,32,124,75,49,709,370,339
TAYLOR COUNTY,441,22 Years,2427,1232,1195,1380,689,691,212,120,92,43,25,18,111,50,61,681,348,333
TAYLOR COUNTY,441,23 Years,2403,1236,1167,1362,687,675,220,119,101,45,26,19,97,49,48,679,355,324
TAYLOR COUNTY,441,24 Years,2296,1138,1158,1314,649,665,215,122,93,46,16,30,70,31,39,651,320,331
TAYLOR COUNTY,441,25 Years,1697,806,891,834,402,432,151,73,78,39,17,22,79,42,37,594,272,322
TAYLOR COUNTY,441,26 Years,1686,799,887,848,405,443,135,65,70,32,17,15,73,36,37,598,276,322
TAYLOR COUNTY,441,27 Years,2033,989,1044,1208,588,620,162,73,89,47,22,25,55,30,25,561,276,285
TAYLOR COUNTY,441,28 Years,2213,1089,1124,1330,647,683,189,93,96,73,37,36,46,25,21,575,287,288
TAYLOR COUNTY,441,29 Years,2189,1098,1091,1341,655,686,176,100,76,71,35,36,45,24,21,556,284,272
TAYLOR COUNTY,441,30 Years,2111,1081,1030,1305,656,649,155,88,67,62,30,32,28,21,7,561,286,275
TAYLOR COUNTY,441,31 Years,1881,954,927,1114,567,547,162,84,78,56,26,30,19,12,7,530,265,265
TAYLOR COUNTY,441,32 Years,1730,878,852,999,521,478,133,71,62,47,14,33,29,13,16,522,259,263
TAYLOR COUNTY,441,33 Years,2162,1082,1080,1368,686,682,157,92,65,41,11,30,40,19,21,556,274,282
TAYLOR COUNTY,441,34 Years,2231,1120,1111,1433,722,711,176,94,82,26,11,15,44,24,20,552,269,283
TAYLOR COUNTY,441,35 Years,2117,1055,1062,1366,687,679,160,82,78,17,6,11,38,19,19,536,261,275
TAYLOR COUNTY,441,36 Years,2029,1021,1008,1286,641,645,147,83,64,30,17,13,36,16,20,530,264,266
TAYLOR COUNTY,441,37 Years,1948,983,965,1219,617,602,153,89,64,21,10,11,35,15,20,520,252,268
TAYLOR COUNTY,441,38 Years,1767,879,888,1136,579,557,140,72,68,13,4,9,30,15,15,448,209,239
TAYLOR COUNTY,441,39 Years,1652,828,824,1040,528,512,124,63,61,29,8,21,37,17,20,422,212,210
TAYLOR COUNTY,441,40 Years,1598,800,798,1020,514,506,107,53,54,49,17,32,36,14,22,386,202,184
TAYLOR COUNTY,441,41 Years,1523,754,769,949,464,485,107,54,53,46,21,25,48,23,25,373,192,181
TAYLOR COUNTY,441,42 Years,1460,730,730,919,464,455,97,46,51,45,20,25,35,18,17,364,182,182
TAYLOR COUNTY,441,43 Years,1436,728,708,905,470,435,109,59,50,23,9,14,31,16,15,368,174,194
TAYLOR COUNTY,441,44 Years,1377,692,685,865,427,438,100,55,45,18,8,10,36,18,18,358,184,174
TAYLOR COUNTY,441,45 Years,1370,685,685,876,432,444,92,53,39,30,19,11,30,16,14,342,165,177
TAYLOR COUNTY,441,46 Years,1386,670,716,906,449,457,106,55,51,34,12,22,31,14,17,309,140,169
TAYLOR COUNTY,441,47 Years,1395,676,719,927,462,465,110,57,53,38,10,28,24,9,15,296,138,158
TAYLOR COUNTY,441,48 Years,1488,716,772,998,482,516,113,62,51,43,18,25,21,10,11,313,144,169
TAYLOR COUNTY,441,49 Years,1443,705,738,964,479,485,99,46,53,53,22,31,30,14,16,297,144,153
TAYLOR COUNTY,441,50 Years,1341,657,684,895,439,456,81,39,42,49,20,29,24,11,13,292,148,144
TAYLOR COUNTY,441,51 Years,1368,655,713,903,430,473,95,45,50,45,19,26,28,14,14,297,147,150
TAYLOR COUNTY,441,52 Years,1397,652,745,955,444,511,97,56,41,33,10,23,24,10,14,288,132,156
TAYLOR COUNTY,441,53 Years,1449,710,739,999,486,513,94,50,44,30,8,22,27,13,14,299,153,146
TAYLOR COUNTY,441,54 Years,1602,766,836,1125,541,584,102,51,51,36,8,28,27,12,15,312,154,158
TAYLOR COUNTY,441,55 Years,1658,799,859,1200,577,623,92,46,46,45,16,29,22,14,8,299,146,153
TAYLOR COUNTY,441,56 Years,1625,794,831,1173,563,610,99,53,46,36,20,16,26,16,10,291,142,149
TAYLOR COUNTY,441,57 Years,1670,807,863,1237,597,640,90,48,42,29,10,19,37,18,19,277,134,143
TAYLOR COUNTY,441,58 Years,1683,805,878,1232,596,636,87,44,43,38,6,32,28,13,15,298,146,152
TAYLOR COUNTY,441,59 Years,1583,731,852,1178,556,622,90,44,46,38,5,33,26,14,12,251,112,139
TAYLOR COUNTY,441,60 Years,1600,739,861,1196,556,640,96,44,52,32,7,25,24,15,9,252,117,135
TAYLOR COUNTY,441,61 Years,1578,752,826,1211,583,628,92,44,48,31,6,25,23,13,10,221,106,115
TAYLOR COUNTY,441,62 Years,1477,709,768,1112,539,573,78,41,37,33,8,25,27,14,13,227,107,120
TAYLOR COUNTY,441,63 Years,1524,718,806,1156,538,618,89,53,36,37,9,28,23,12,11,219,106,113
TAYLOR COUNTY,441,64 Years,1443,670,773,1106,513,593,88,46,42,34,9,25,19,9,10,196,93,103
TAYLOR COUNTY,441,65 Years,1294,590,704,981,449,532,65,34,31,35,7,28,20,9,11,193,91,102
TAYLOR COUNTY,441,66 Years,1310,601,709,975,450,525,64,36,28,32,6,26,19,7,12,220,102,118
TAYLOR COUNTY,441,67 Years,1255,579,676,970,456,514,58,27,31,30,5,25,16,11,5,181,80,101
TAYLOR COUNTY,441,68 Years,1169,511,658,890,397,493,50,24,26,37,9,28,9,6,3,183,75,108
TAYLOR COUNTY,441,69 Years,1164,532,632,893,420,473,46,24,22,38,8,30,13,7,6,174,73,101
TAYLOR COUNTY,441,70 Years,1154,533,621,906,424,482,46,24,22,31,8,23,12,5,7,159,72,87
TAYLOR COUNTY,441,71 Years,1149,519,630,893,413,480,40,19,21,28,7,21,17,8,9,171,72,99
TAYLOR COUNTY,441,72 Years,900,405,495,688,313,375,34,15,19,15,6,9,12,6,6,151,65,86
TAYLOR COUNTY,441,73 Years,833,356,477,657,283,374,40,16,24,7,2,5,13,5,8,116,50,66
TAYLOR COUNTY,441,74 Years,900,392,508,717,314,403,43,21,22,10,4,6,10,4,6,120,49,71
TAYLOR COUNTY,441,75 Years,859,380,479,692,310,382,41,16,25,19,2,17,6,5,1,101,47,54
TAYLOR COUNTY,441,76 Years,743,320,423,599,257,342,32,16,16,13,2,11,4,3,1,95,42,53
TAYLOR COUNTY,441,77 Years,694,300,394,570,240,330,29,17,12,12,4,8,7,4,3,76,35,41
TAYLOR COUNTY,441,78 Years,702,281,421,580,236,344,28,13,15,11,5,6,10,4,6,73,23,50
TAYLOR COUNTY,441,79 Years,651,275,376,545,235,310,24,9,15,10,3,7,7,3,4,65,25,40
TAYLOR COUNTY,441,80 Years,623,273,350,525,232,293,19,8,11,8,4,4,9,4,5,62,25,37
TAYLOR COUNTY,441,81 Years,579,249,330,495,216,279,15,6,9,4,1,3,10,4,6,55,22,33
TAYLOR COUNTY,441,82 Years,588,241,347,503,211,292,17,6,11,7,2,5,11,3,8,50,19,31
TAYLOR COUNTY,441,83 Years,557,222,335,484,196,288,14,6,8,6,3,3,6,2,4,47,15,32
TAYLOR COUNTY,441,84 Years,507,189,318,440,167,273,14,5,9,9,5,4,4,2,2,40,10,30
TAYLOR COUNTY,441,85 Years,445,168,277,381,144,237,12,5,7,9,4,5,6,1,5,37,14,23
TAYLOR COUNTY,441,86 Years,383,161,222,335,141,194,9,4,5,4,1,3,5,2,3,30,13,17
TAYLOR COUNTY,441,87 Years,338,127,211,295,112,183,10,4,6,4,0,4,5,2,3,24,9,15
TAYLOR COUNTY,441,88 Years,305,108,197,268,98,170,9,4,5,5,0,5,3,1,2,20,5,15
TAYLOR COUNTY,441,89 Years,260,101,159,223,84,139,7,3,4,5,3,2,4,2,2,21,9,12
TAYLOR COUNTY,441,90 Years,230,77,153,196,64,132,6,2,4,5,1,4,4,1,3,19,9,10
TAYLOR COUNTY,441,91 Years,187,60,127,153,47,106,7,2,5,7,2,5,2,0,2,18,9,9
TAYLOR COUNTY,441,92 Years,151,45,106,127,38,89,7,2,5,4,1,3,2,0,2,11,4,7
TAYLOR COUNTY,441,93 Years,124,40,84,109,36,73,5,1,4,1,0,1,1,0,1,8,3,5
TAYLOR COUNTY,441,94 Years,95,31,64,86,27,59,5,2,3,0,0,0,0,0,0,4,2,2
TAYLOR COUNTY,441,95 Years +,238,64,174,206,51,155,11,4,7,6,3,3,1,0,1,14,6,8
TERRELL COUNTY,443,All Ages,832,426,406,421,218,203,7,5,2,4,4,0,10,4,6,390,195,195
TERRELL COUNTY,443,< 1 Year,7,5,2,5,4,1,0,0,0,0,0,0,0,0,0,2,1,1
TERRELL COUNTY,443,1 Years,7,4,3,4,3,1,0,0,0,0,0,0,0,0,0,3,1,2
TERRELL COUNTY,443,2 Years,9,5,4,5,3,2,0,0,0,0,0,0,0,0,0,4,2,2
TERRELL COUNTY,443,3 Years,10,6,4,7,3,4,0,0,0,0,0,0,0,0,0,3,3,0
TERRELL COUNTY,443,4 Years,9,3,6,5,1,4,0,0,0,0,0,0,0,0,0,4,2,2
TERRELL COUNTY,443,5 Years,9,3,6,5,2,3,0,0,0,0,0,0,0,0,0,4,1,3
TERRELL COUNTY,443,6 Years,8,2,6,4,1,3,0,0,0,0,0,0,0,0,0,4,1,3
TERRELL COUNTY,443,7 Years,12,5,7,5,2,3,0,0,0,0,0,0,2,1,1,5,2,3
TERRELL COUNTY,443,8 Years,10,5,5,4,1,3,0,0,0,0,0,0,0,0,0,6,4,2
TERRELL COUNTY,443,9 Years,9,4,5,2,0,2,0,0,0,0,0,0,1,0,1,6,4,2
TERRELL COUNTY,443,10 Years,10,3,7,5,2,3,0,0,0,0,0,0,1,0,1,4,1,3
TERRELL COUNTY,443,11 Years,12,7,5,5,3,2,0,0,0,0,0,0,0,0,0,7,4,3
TERRELL COUNTY,443,12 Years,9,5,4,3,2,1,0,0,0,0,0,0,0,0,0,6,3,3
TERRELL COUNTY,443,13 Years,10,5,5,3,2,1,0,0,0,0,0,0,0,0,0,7,3,4
TERRELL COUNTY,443,14 Years,9,5,4,5,2,3,0,0,0,0,0,0,0,0,0,4,3,1
TERRELL COUNTY,443,15 Years,7,5,2,4,2,2,0,0,0,0,0,0,0,0,0,3,3,0
TERRELL COUNTY,443,16 Years,9,6,3,4,3,1,0,0,0,0,0,0,0,0,0,5,3,2
TERRELL COUNTY,443,17 Years,11,6,5,5,2,3,0,0,0,0,0,0,0,0,0,6,4,2
TERRELL COUNTY,443,18 Years,7,4,3,2,1,1,0,0,0,0,0,0,0,0,0,5,3,2
TERRELL COUNTY,443,19 Years,6,5,1,3,3,0,0,0,0,1,1,0,0,0,0,2,1,1
TERRELL COUNTY,443,20 Years,8,3,5,3,1,2,0,0,0,1,1,0,0,0,0,4,1,3
TERRELL COUNTY,443,21 Years,10,5,5,5,2,3,0,0,0,0,0,0,0,0,0,5,3,2
TERRELL COUNTY,443,22 Years,6,4,2,3,2,1,0,0,0,0,0,0,0,0,0,3,2,1
TERRELL COUNTY,443,23 Years,6,4,2,3,2,1,0,0,0,0,0,0,0,0,0,3,2,1
TERRELL COUNTY,443,24 Years,10,7,3,3,3,0,1,1,0,1,1,0,0,0,0,5,2,3
TERRELL COUNTY,443,25 Years,12,6,6,5,3,2,0,0,0,0,0,0,0,0,0,7,3,4
TERRELL COUNTY,443,26 Years,9,4,5,3,1,2,0,0,0,1,1,0,0,0,0,5,2,3
TERRELL COUNTY,443,27 Years,8,3,5,4,1,3,0,0,0,0,0,0,0,0,0,4,2,2
TERRELL COUNTY,443,28 Years,8,5,3,5,3,2,0,0,0,0,0,0,0,0,0,3,2,1
TERRELL COUNTY,443,29 Years,5,2,3,1,1,0,0,0,0,0,0,0,0,0,0,4,1,3
TERRELL COUNTY,443,30 Years,3,2,1,1,1,0,0,0,0,0,0,0,0,0,0,2,1,1
TERRELL COUNTY,443,31 Years,5,2,3,3,1,2,0,0,0,0,0,0,0,0,0,2,1,1
TERRELL COUNTY,443,32 Years,7,5,2,1,1,0,0,0,0,0,0,0,0,0,0,6,4,2
TERRELL COUNTY,443,33 Years,7,5,2,3,2,1,0,0,0,0,0,0,0,0,0,4,3,1
TERRELL COUNTY,443,34 Years,12,3,9,3,1,2,0,0,0,0,0,0,0,0,0,9,2,7
TERRELL COUNTY,443,35 Years,9,5,4,5,4,1,0,0,0,0,0,0,0,0,0,4,1,3
TERRELL COUNTY,443,36 Years,7,4,3,4,2,2,0,0,0,0,0,0,0,0,0,3,2,1
TERRELL COUNTY,443,37 Years,13,3,10,4,1,3,0,0,0,0,0,0,0,0,0,9,2,7
TERRELL COUNTY,443,38 Years,8,4,4,2,1,1,1,1,0,0,0,0,0,0,0,5,2,3
TERRELL COUNTY,443,39 Years,9,5,4,6,3,3,1,1,0,0,0,0,0,0,0,2,1,1
TERRELL COUNTY,443,40 Years,11,7,4,8,4,4,0,0,0,0,0,0,1,1,0,2,2,0
TERRELL COUNTY,443,41 Years,6,3,3,3,1,2,0,0,0,0,0,0,0,0,0,3,2,1
TERRELL COUNTY,443,42 Years,6,2,4,3,1,2,0,0,0,0,0,0,0,0,0,3,1,2
TERRELL COUNTY,443,43 Years,10,4,6,7,3,4,0,0,0,0,0,0,0,0,0,3,1,2
TERRELL COUNTY,443,44 Years,8,3,5,4,1,3,0,0,0,0,0,0,0,0,0,4,2,2
TERRELL COUNTY,443,45 Years,8,5,3,5,3,2,0,0,0,0,0,0,0,0,0,3,2,1
TERRELL COUNTY,443,46 Years,9,4,5,5,3,2,1,0,1,0,0,0,0,0,0,3,1,2
TERRELL COUNTY,443,47 Years,9,6,3,2,2,0,1,0,1,0,0,0,0,0,0,6,4,2
TERRELL COUNTY,443,48 Years,12,7,5,5,2,3,0,0,0,0,0,0,0,0,0,7,5,2
TERRELL COUNTY,443,49 Years,10,4,6,6,3,3,0,0,0,0,0,0,0,0,0,4,1,3
TERRELL COUNTY,443,50 Years,10,6,4,6,4,2,0,0,0,0,0,0,0,0,0,4,2,2
TERRELL COUNTY,443,51 Years,10,5,5,4,2,2,0,0,0,0,0,0,0,0,0,6,3,3
TERRELL COUNTY,443,52 Years,9,3,6,3,1,2,0,0,0,0,0,0,0,0,0,6,2,4
TERRELL COUNTY,443,53 Years,9,5,4,4,2,2,1,1,0,0,0,0,0,0,0,4,2,2
TERRELL COUNTY,443,54 Years,11,8,3,6,3,3,1,1,0,0,0,0,0,0,0,4,4,0
TERRELL COUNTY,443,55 Years,9,5,4,5,3,2,0,0,0,0,0,0,0,0,0,4,2,2
TERRELL COUNTY,443,56 Years,9,6,3,5,4,1,0,0,0,0,0,0,1,1,0,3,1,2
TERRELL COUNTY,443,57 Years,6,3,3,3,2,1,0,0,0,0,0,0,0,0,0,3,1,2
TERRELL COUNTY,443,58 Years,11,5,6,4,1,3,0,0,0,0,0,0,1,1,0,6,3,3
TERRELL COUNTY,443,59 Years,8,3,5,5,2,3,0,0,0,0,0,0,0,0,0,3,1,2
TERRELL COUNTY,443,60 Years,11,6,5,6,4,2,0,0,0,0,0,0,0,0,0,5,2,3
TERRELL COUNTY,443,61 Years,10,4,6,4,2,2,0,0,0,0,0,0,0,0,0,6,2,4
TERRELL COUNTY,443,62 Years,16,8,8,8,4,4,0,0,0,0,0,0,0,0,0,8,4,4
TERRELL COUNTY,443,63 Years,10,6,4,6,4,2,0,0,0,0,0,0,0,0,0,4,2,2
TERRELL COUNTY,443,64 Years,9,4,5,6,2,4,0,0,0,0,0,0,0,0,0,3,2,1
TERRELL COUNTY,443,65 Years,11,7,4,7,4,3,0,0,0,0,0,0,0,0,0,4,3,1
TERRELL COUNTY,443,66 Years,11,5,6,5,2,3,0,0,0,0,0,0,0,0,0,6,3,3
TERRELL COUNTY,443,67 Years,10,4,6,7,2,5,0,0,0,0,0,0,0,0,0,3,2,1
TERRELL COUNTY,443,68 Years,14,6,8,9,5,4,0,0,0,0,0,0,1,0,1,4,1,3
TERRELL COUNTY,443,69 Years,15,6,9,9,4,5,0,0,0,0,0,0,1,0,1,5,2,3
TERRELL COUNTY,443,70 Years,15,8,7,9,5,4,0,0,0,0,0,0,0,0,0,6,3,3
TERRELL COUNTY,443,71 Years,13,9,4,7,5,2,0,0,0,0,0,0,0,0,0,6,4,2
TERRELL COUNTY,443,72 Years,12,5,7,6,2,4,0,0,0,0,0,0,0,0,0,6,3,3
TERRELL COUNTY,443,73 Years,9,5,4,7,4,3,0,0,0,0,0,0,0,0,0,2,1,1
TERRELL COUNTY,443,74 Years,7,3,4,4,1,3,0,0,0,0,0,0,0,0,0,3,2,1
TERRELL COUNTY,443,75 Years,10,5,5,6,3,3,0,0,0,0,0,0,0,0,0,4,2,2
TERRELL COUNTY,443,76 Years,8,4,4,6,3,3,0,0,0,0,0,0,0,0,0,2,1,1
TERRELL COUNTY,443,77 Years,8,3,5,5,2,3,0,0,0,0,0,0,0,0,0,3,1,2
TERRELL COUNTY,443,78 Years,10,4,6,6,3,3,0,0,0,0,0,0,0,0,0,4,1,3
TERRELL COUNTY,443,79 Years,10,7,3,5,4,1,0,0,0,0,0,0,0,0,0,5,3,2
TERRELL COUNTY,443,80 Years,7,4,3,3,2,1,0,0,0,0,0,0,0,0,0,4,2,2
TERRELL COUNTY,443,81 Years,9,4,5,4,3,1,0,0,0,0,0,0,1,0,1,4,1,3
TERRELL COUNTY,443,82 Years,8,6,2,4,4,0,0,0,0,0,0,0,0,0,0,4,2,2
TERRELL COUNTY,443,83 Years,5,2,3,3,1,2,0,0,0,0,0,0,0,0,0,2,1,1
TERRELL COUNTY,443,84 Years,6,3,3,3,1,2,0,0,0,0,0,0,0,0,0,3,2,1
TERRELL COUNTY,443,85 Years,6,4,2,2,1,1,0,0,0,0,0,0,0,0,0,4,3,1
TERRELL COUNTY,443,86 Years,5,3,2,4,3,1,0,0,0,0,0,0,0,0,0,1,0,1
TERRELL COUNTY,443,87 Years,6,3,3,3,1,2,0,0,0,0,0,0,0,0,0,3,2,1
TERRELL COUNTY,443,88 Years,6,2,4,3,1,2,0,0,0,0,0,0,0,0,0,3,1,2
TERRELL COUNTY,443,89 Years,6,4,2,4,3,1,0,0,0,0,0,0,0,0,0,2,1,1
TERRELL COUNTY,443,90 Years,4,2,2,2,1,1,0,0,0,0,0,0,0,0,0,2,1,1
TERRELL COUNTY,443,91 Years,5,3,2,2,1,1,0,0,0,0,0,0,0,0,0,3,2,1
TERRELL COUNTY,443,92 Years,4,2,2,2,1,1,0,0,0,0,0,0,0,0,0,2,1,1
TERRELL COUNTY,443,93 Years,3,1,2,2,1,1,0,0,0,0,0,0,0,0,0,1,0,1
TERRELL COUNTY,443,94 Years,4,3,1,3,2,1,0,0,0,0,0,0,0,0,0,1,1,0
TERRELL COUNTY,443,95 Years +,6,3,3,4,2,2,0,0,0,0,0,0,0,0,0,2,1,1
TERRY COUNTY,445,All Ages,12553,6756,5797,4960,2691,2269,568,374,194,23,10,13,114,63,51,6888,3618,3270
TERRY COUNTY,445,< 1 Year,180,94,86,68,36,32,3,2,1,1,1,0,2,1,1,106,54,52
TERRY COUNTY,445,1 Years,177,88,89,64,33,31,3,1,2,0,0,0,2,1,1,108,53,55
TERRY COUNTY,445,2 Years,180,95,85,62,32,30,3,1,2,0,0,0,1,0,1,114,62,52
TERRY COUNTY,445,3 Years,184,97,87,61,33,28,2,1,1,0,0,0,1,0,1,120,63,57
TERRY COUNTY,445,4 Years,191,105,86,63,36,27,2,1,1,0,0,0,1,0,1,125,68,57
TERRY COUNTY,445,5 Years,191,104,87,64,37,27,1,0,1,1,0,1,2,1,1,123,66,57
TERRY COUNTY,445,6 Years,188,99,89,60,34,26,1,0,1,0,0,0,2,1,1,125,64,61
TERRY COUNTY,445,7 Years,180,91,89,57,30,27,2,1,1,0,0,0,2,1,1,119,59,60
TERRY COUNTY,445,8 Years,185,99,86,54,32,22,3,1,2,0,0,0,1,1,0,127,65,62
TERRY COUNTY,445,9 Years,205,108,97,54,32,22,6,1,5,0,0,0,5,4,1,140,71,69
TERRY COUNTY,445,10 Years,194,91,103,56,30,26,5,2,3,0,0,0,4,2,2,129,57,72
TERRY COUNTY,445,11 Years,192,93,99,56,32,24,3,1,2,1,1,0,2,1,1,130,58,72
TERRY COUNTY,445,12 Years,189,104,85,53,31,22,5,4,1,0,0,0,2,1,1,129,68,61
TERRY COUNTY,445,13 Years,179,98,81,56,32,24,7,3,4,0,0,0,2,2,0,114,61,53
TERRY COUNTY,445,14 Years,183,82,101,46,24,22,7,1,6,0,0,0,2,2,0,128,55,73
TERRY COUNTY,445,15 Years,176,76,100,50,25,25,8,2,6,0,0,0,3,2,1,115,47,68
TERRY COUNTY,445,16 Years,165,81,84,53,31,22,7,2,5,0,0,0,3,2,1,102,46,56
TERRY COUNTY,445,17 Years,163,81,82,54,29,25,3,1,2,0,0,0,2,1,1,104,50,54
TERRY COUNTY,445,18 Years,179,99,80,64,40,24,8,4,4,0,0,0,3,2,1,104,53,51
TERRY COUNTY,445,19 Years,163,91,72,50,30,20,8,5,3,1,0,1,3,2,1,101,54,47
TERRY COUNTY,445,20 Years,173,107,66,55,35,20,10,9,1,0,0,0,5,4,1,103,59,44
TERRY COUNTY,445,21 Years,172,107,65,64,45,19,6,4,2,0,0,0,2,1,1,100,57,43
TERRY COUNTY,445,22 Years,168,106,62,59,40,19,10,9,1,0,0,0,1,0,1,98,57,41
TERRY COUNTY,445,23 Years,165,105,60,55,35,20,12,9,3,0,0,0,1,1,0,97,60,37
TERRY COUNTY,445,24 Years,183,116,67,56,36,20,12,8,4,0,0,0,3,3,0,112,69,43
TERRY COUNTY,445,25 Years,180,113,67,62,41,21,16,8,8,0,0,0,3,1,2,99,63,36
TERRY COUNTY,445,26 Years,193,112,81,61,38,23,13,8,5,0,0,0,4,3,1,115,63,52
TERRY COUNTY,445,27 Years,197,115,82,65,36,29,15,11,4,1,1,0,3,1,2,113,66,47
TERRY COUNTY,445,28 Years,212,126,86,63,36,27,24,19,5,0,0,0,3,1,2,122,70,52
TERRY COUNTY,445,29 Years,224,132,92,81,48,33,16,13,3,0,0,0,3,2,1,124,69,55
TERRY COUNTY,445,30 Years,192,116,76,63,35,28,15,14,1,0,0,0,1,0,1,113,67,46
TERRY COUNTY,445,31 Years,205,129,76,58,34,24,20,15,5,0,0,0,2,1,1,125,79,46
TERRY COUNTY,445,32 Years,209,128,81,63,39,24,19,15,4,3,1,2,1,0,1,123,73,50
TERRY COUNTY,445,33 Years,184,106,78,57,34,23,14,12,2,2,1,1,2,1,1,109,58,51
TERRY COUNTY,445,34 Years,169,103,66,60,37,23,13,13,0,0,0,0,1,0,1,95,53,42
TERRY COUNTY,445,35 Years,153,84,69,52,29,23,11,9,2,1,0,1,1,1,0,88,45,43
TERRY COUNTY,445,36 Years,169,87,82,47,24,23,17,10,7,0,0,0,2,1,1,103,52,51
TERRY COUNTY,445,37 Years,176,111,65,65,42,23,12,9,3,1,0,1,1,1,0,97,59,38
TERRY COUNTY,445,38 Years,157,91,66,59,37,22,7,4,3,0,0,0,1,0,1,90,50,40
TERRY COUNTY,445,39 Years,170,98,72,60,38,22,6,5,1,0,0,0,1,0,1,103,55,48
TERRY COUNTY,445,40 Years,147,91,56,60,39,21,4,3,1,0,0,0,2,2,0,81,47,34
TERRY COUNTY,445,41 Years,121,67,54,48,27,21,8,6,2,0,0,0,0,0,0,65,34,31
TERRY COUNTY,445,42 Years,115,69,46,51,30,21,7,6,1,0,0,0,0,0,0,57,33,24
TERRY COUNTY,445,43 Years,112,64,48,54,32,22,4,4,0,0,0,0,1,0,1,53,28,25
TERRY COUNTY,445,44 Years,113,60,53,42,20,22,7,7,0,0,0,0,2,0,2,62,33,29
TERRY COUNTY,445,45 Years,132,82,50,45,29,16,9,7,2,0,0,0,1,0,1,77,46,31
TERRY COUNTY,445,46 Years,119,75,44,53,33,20,5,5,0,0,0,0,1,1,0,60,36,24
TERRY COUNTY,445,47 Years,127,70,57,53,30,23,8,7,1,0,0,0,0,0,0,66,33,33
TERRY COUNTY,445,48 Years,135,73,62,52,32,20,5,3,2,1,0,1,0,0,0,77,38,39
TERRY COUNTY,445,49 Years,127,70,57,50,30,20,6,5,1,0,0,0,0,0,0,71,35,36
TERRY COUNTY,445,50 Years,126,67,59,51,29,22,4,4,0,1,1,0,0,0,0,70,33,37
TERRY COUNTY,445,51 Years,127,63,64,52,29,23,4,3,1,0,0,0,1,0,1,70,31,39
TERRY COUNTY,445,52 Years,121,62,59,48,24,24,6,5,1,0,0,0,1,0,1,66,33,33
TERRY COUNTY,445,53 Years,144,78,66,49,25,24,6,4,2,1,1,0,0,0,0,88,48,40
TERRY COUNTY,445,54 Years,153,81,72,54,28,26,5,2,3,1,0,1,1,1,0,92,50,42
TERRY COUNTY,445,55 Years,156,78,78,69,32,37,7,4,3,0,0,0,0,0,0,80,42,38
TERRY COUNTY,445,56 Years,150,77,73,74,36,38,6,3,3,0,0,0,1,0,1,69,38,31
TERRY COUNTY,445,57 Years,137,84,53,61,38,23,5,3,2,0,0,0,0,0,0,71,43,28
TERRY COUNTY,445,58 Years,145,77,68,66,33,33,6,5,1,0,0,0,0,0,0,73,39,34
TERRY COUNTY,445,59 Years,149,68,81,70,34,36,7,4,3,0,0,0,0,0,0,72,30,42
TERRY COUNTY,445,60 Years,150,78,72,77,41,36,7,3,4,1,1,0,0,0,0,65,33,32
TERRY COUNTY,445,61 Years,133,64,69,61,28,33,5,3,2,0,0,0,0,0,0,67,33,34
TERRY COUNTY,445,62 Years,122,59,63,60,29,31,3,2,1,1,1,0,0,0,0,58,27,31
TERRY COUNTY,445,63 Years,142,70,72,83,43,40,3,1,2,0,0,0,0,0,0,56,26,30
TERRY COUNTY,445,64 Years,114,54,60,63,31,32,3,2,1,1,0,1,2,0,2,45,21,24
TERRY COUNTY,445,65 Years,105,48,57,60,26,34,4,2,2,0,0,0,1,0,1,40,20,20
TERRY COUNTY,445,66 Years,112,56,56,61,33,28,3,1,2,1,0,1,0,0,0,47,22,25
TERRY COUNTY,445,67 Years,122,58,64,66,33,33,5,3,2,1,0,1,0,0,0,50,22,28
TERRY COUNTY,445,68 Years,105,53,52,61,28,33,3,2,1,0,0,0,0,0,0,41,23,18
TERRY COUNTY,445,69 Years,101,58,43,48,25,23,5,4,1,0,0,0,1,1,0,47,28,19
TERRY COUNTY,445,70 Years,102,50,52,60,30,30,4,1,3,0,0,0,1,1,0,37,18,19
TERRY COUNTY,445,71 Years,95,42,53,52,25,27,3,2,1,0,0,0,2,1,1,38,14,24
TERRY COUNTY,445,72 Years,87,42,45,44,23,21,4,3,1,0,0,0,1,1,0,38,15,23
TERRY COUNTY,445,73 Years,92,46,46,45,21,24,3,1,2,0,0,0,3,2,1,41,22,19
TERRY COUNTY,445,74 Years,99,48,51,57,26,31,4,2,2,0,0,0,1,1,0,37,19,18
TERRY COUNTY,445,75 Years,80,40,40,48,21,27,5,3,2,0,0,0,0,0,0,27,16,11
TERRY COUNTY,445,76 Years,86,42,44,53,24,29,4,1,3,0,0,0,2,2,0,27,15,12
TERRY COUNTY,445,77 Years,82,39,43,50,23,27,3,1,2,0,0,0,1,1,0,28,14,14
TERRY COUNTY,445,78 Years,64,29,35,41,20,21,1,1,0,0,0,0,1,0,1,21,8,13
TERRY COUNTY,445,79 Years,58,27,31,38,20,18,1,1,0,0,0,0,0,0,0,19,6,13
TERRY COUNTY,445,80 Years,61,29,32,42,21,21,1,1,0,0,0,0,0,0,0,18,7,11
TERRY COUNTY,445,81 Years,57,23,34,37,14,23,2,1,1,1,1,0,0,0,0,17,7,10
TERRY COUNTY,445,82 Years,57,24,33,39,16,23,1,0,1,0,0,0,0,0,0,17,8,9
TERRY COUNTY,445,83 Years,56,20,36,42,15,27,0,0,0,0,0,0,1,0,1,13,5,8
TERRY COUNTY,445,84 Years,44,17,27,30,11,19,2,1,1,0,0,0,0,0,0,12,5,7
TERRY COUNTY,445,85 Years,36,16,20,24,10,14,1,0,1,0,0,0,0,0,0,11,6,5
TERRY COUNTY,445,86 Years,34,15,19,25,11,14,1,0,1,0,0,0,0,0,0,8,4,4
TERRY COUNTY,445,87 Years,32,14,18,24,10,14,1,0,1,0,0,0,0,0,0,7,4,3
TERRY COUNTY,445,88 Years,30,13,17,20,8,12,2,1,1,0,0,0,0,0,0,8,4,4
TERRY COUNTY,445,89 Years,28,12,16,20,8,12,2,1,1,0,0,0,0,0,0,6,3,3
TERRY COUNTY,445,90 Years,25,11,14,17,7,10,2,1,1,0,0,0,0,0,0,6,3,3
TERRY COUNTY,445,91 Years,22,10,12,14,6,8,2,1,1,0,0,0,0,0,0,6,3,3
TERRY COUNTY,445,92 Years,19,7,12,14,5,9,0,0,0,0,0,0,0,0,0,5,2,3
TERRY COUNTY,445,93 Years,11,4,7,8,2,6,0,0,0,0,0,0,0,0,0,3,2,1
TERRY COUNTY,445,94 Years,13,6,7,9,4,5,0,0,0,1,0,1,0,0,0,3,2,1
TERRY COUNTY,445,95 Years +,26,8,18,15,5,10,4,0,4,0,0,0,0,0,0,7,3,4
THROCKMORTON COUNTY,447,All Ages,1531,760,771,1307,656,651,10,4,6,10,3,7,18,7,11,186,90,96
THROCKMORTON COUNTY,447,< 1 Year,14,7,7,8,4,4,0,0,0,0,0,0,0,0,0,6,3,3
THROCKMORTON COUNTY,447,1 Years,17,11,6,12,7,5,0,0,0,0,0,0,0,0,0,5,4,1
THROCKMORTON COUNTY,447,2 Years,17,8,9,10,5,5,0,0,0,0,0,0,0,0,0,7,3,4
THROCKMORTON COUNTY,447,3 Years,16,8,8,12,6,6,0,0,0,0,0,0,0,0,0,4,2,2
THROCKMORTON COUNTY,447,4 Years,16,8,8,10,5,5,0,0,0,0,0,0,0,0,0,6,3,3
THROCKMORTON COUNTY,447,5 Years,19,8,11,15,6,9,0,0,0,0,0,0,0,0,0,4,2,2
THROCKMORTON COUNTY,447,6 Years,18,9,9,14,7,7,0,0,0,0,0,0,0,0,0,4,2,2
THROCKMORTON COUNTY,447,7 Years,16,8,8,16,8,8,0,0,0,0,0,0,0,0,0,0,0,0
THROCKMORTON COUNTY,447,8 Years,17,11,6,14,9,5,0,0,0,0,0,0,0,0,0,3,2,1
THROCKMORTON COUNTY,447,9 Years,18,7,11,14,5,9,1,0,1,0,0,0,0,0,0,3,2,1
THROCKMORTON COUNTY,447,10 Years,19,8,11,14,6,8,1,0,1,0,0,0,0,0,0,4,2,2
THROCKMORTON COUNTY,447,11 Years,21,11,10,17,9,8,0,0,0,0,0,0,0,0,0,4,2,2
THROCKMORTON COUNTY,447,12 Years,19,11,8,16,9,7,0,0,0,0,0,0,1,1,0,2,1,1
THROCKMORTON COUNTY,447,13 Years,18,9,9,15,9,6,0,0,0,0,0,0,0,0,0,3,0,3
THROCKMORTON COUNTY,447,14 Years,12,6,6,9,6,3,1,0,1,0,0,0,0,0,0,2,0,2
THROCKMORTON COUNTY,447,15 Years,20,11,9,15,9,6,0,0,0,1,0,1,1,0,1,3,2,1
THROCKMORTON COUNTY,447,16 Years,14,6,8,11,6,5,0,0,0,1,0,1,0,0,0,2,0,2
THROCKMORTON COUNTY,447,17 Years,15,6,9,11,6,5,0,0,0,1,0,1,0,0,0,3,0,3
THROCKMORTON COUNTY,447,18 Years,17,8,9,12,8,4,0,0,0,1,0,1,0,0,0,4,0,4
THROCKMORTON COUNTY,447,19 Years,17,11,6,11,8,3,0,0,0,0,0,0,0,0,0,6,3,3
THROCKMORTON COUNTY,447,20 Years,11,6,5,8,5,3,0,0,0,0,0,0,0,0,0,3,1,2
THROCKMORTON COUNTY,447,21 Years,15,9,6,10,7,3,0,0,0,0,0,0,1,0,1,4,2,2
THROCKMORTON COUNTY,447,22 Years,16,13,3,11,8,3,0,0,0,1,1,0,0,0,0,4,4,0
THROCKMORTON COUNTY,447,23 Years,16,12,4,14,10,4,0,0,0,0,0,0,0,0,0,2,2,0
THROCKMORTON COUNTY,447,24 Years,16,11,5,13,8,5,1,1,0,1,1,0,0,0,0,1,1,0
THROCKMORTON COUNTY,447,25 Years,24,11,13,20,8,12,0,0,0,1,1,0,0,0,0,3,2,1
THROCKMORTON COUNTY,447,26 Years,19,9,10,15,7,8,0,0,0,0,0,0,0,0,0,4,2,2
THROCKMORTON COUNTY,447,27 Years,14,9,5,12,8,4,0,0,0,0,0,0,0,0,0,2,1,1
THROCKMORTON COUNTY,447,28 Years,11,7,4,10,6,4,0,0,0,0,0,0,0,0,0,1,1,0
THROCKMORTON COUNTY,447,29 Years,13,6,7,11,6,5,0,0,0,0,0,0,0,0,0,2,0,2
THROCKMORTON COUNTY,447,30 Years,16,6,10,14,6,8,0,0,0,0,0,0,0,0,0,2,0,2
THROCKMORTON COUNTY,447,31 Years,15,8,7,14,8,6,0,0,0,0,0,0,0,0,0,1,0,1
THROCKMORTON COUNTY,447,32 Years,10,7,3,10,7,3,0,0,0,0,0,0,0,0,0,0,0,0
THROCKMORTON COUNTY,447,33 Years,9,6,3,9,6,3,0,0,0,0,0,0,0,0,0,0,0,0
THROCKMORTON COUNTY,447,34 Years,14,8,6,14,8,6,0,0,0,0,0,0,0,0,0,0,0,0
THROCKMORTON COUNTY,447,35 Years,20,8,12,16,5,11,0,0,0,0,0,0,0,0,0,4,3,1
THROCKMORTON COUNTY,447,36 Years,20,8,12,17,7,10,0,0,0,0,0,0,0,0,0,3,1,2
THROCKMORTON COUNTY,447,37 Years,13,7,6,12,7,5,0,0,0,0,0,0,0,0,0,1,0,1
THROCKMORTON COUNTY,447,38 Years,15,6,9,11,4,7,0,0,0,1,0,1,0,0,0,3,2,1
THROCKMORTON COUNTY,447,39 Years,9,5,4,8,4,4,0,0,0,0,0,0,0,0,0,1,1,0
THROCKMORTON COUNTY,447,40 Years,17,9,8,14,7,7,0,0,0,0,0,0,0,0,0,3,2,1
THROCKMORTON COUNTY,447,41 Years,17,12,5,12,8,4,1,1,0,0,0,0,0,0,0,4,3,1
THROCKMORTON COUNTY,447,42 Years,15,8,7,12,6,6,0,0,0,0,0,0,0,0,0,3,2,1
THROCKMORTON COUNTY,447,43 Years,10,5,5,8,4,4,0,0,0,0,0,0,0,0,0,2,1,1
THROCKMORTON COUNTY,447,44 Years,15,5,10,13,4,9,0,0,0,0,0,0,0,0,0,2,1,1
THROCKMORTON COUNTY,447,45 Years,18,7,11,13,5,8,0,0,0,0,0,0,0,0,0,5,2,3
THROCKMORTON COUNTY,447,46 Years,15,7,8,11,5,6,1,0,1,0,0,0,0,0,0,3,2,1
THROCKMORTON COUNTY,447,47 Years,14,5,9,12,5,7,1,0,1,0,0,0,0,0,0,1,0,1
THROCKMORTON COUNTY,447,48 Years,14,6,8,12,5,7,0,0,0,0,0,0,0,0,0,2,1,1
THROCKMORTON COUNTY,447,49 Years,14,6,8,13,5,8,0,0,0,0,0,0,0,0,0,1,1,0
THROCKMORTON COUNTY,447,50 Years,16,9,7,14,8,6,1,0,1,0,0,0,0,0,0,1,1,0
THROCKMORTON COUNTY,447,51 Years,17,8,9,16,7,9,0,0,0,0,0,0,0,0,0,1,1,0
THROCKMORTON COUNTY,447,52 Years,12,6,6,11,6,5,0,0,0,0,0,0,0,0,0,1,0,1
THROCKMORTON COUNTY,447,53 Years,25,8,17,23,8,15,0,0,0,0,0,0,0,0,0,2,0,2
THROCKMORTON COUNTY,447,54 Years,25,10,15,22,9,13,0,0,0,0,0,0,0,0,0,3,1,2
THROCKMORTON COUNTY,447,55 Years,27,13,14,25,12,13,0,0,0,0,0,0,0,0,0,2,1,1
THROCKMORTON COUNTY,447,56 Years,29,16,13,24,13,11,0,0,0,0,0,0,1,0,1,4,3,1
THROCKMORTON COUNTY,447,57 Years,22,14,8,20,13,7,0,0,0,0,0,0,1,0,1,1,1,0
THROCKMORTON COUNTY,447,58 Years,21,9,12,19,9,10,0,0,0,0,0,0,1,0,1,1,0,1
THROCKMORTON COUNTY,447,59 Years,26,13,13,24,13,11,0,0,0,0,0,0,0,0,0,2,0,2
THROCKMORTON COUNTY,447,60 Years,27,12,15,25,12,13,0,0,0,0,0,0,0,0,0,2,0,2
THROCKMORTON COUNTY,447,61 Years,23,11,12,22,10,12,0,0,0,0,0,0,0,0,0,1,1,0
THROCKMORTON COUNTY,447,62 Years,15,7,8,14,6,8,0,0,0,0,0,0,1,1,0,0,0,0
THROCKMORTON COUNTY,447,63 Years,21,10,11,19,10,9,0,0,0,1,0,1,0,0,0,1,0,1
THROCKMORTON COUNTY,447,64 Years,25,12,13,24,11,13,0,0,0,0,0,0,1,1,0,0,0,0
THROCKMORTON COUNTY,447,65 Years,16,8,8,15,8,7,0,0,0,0,0,0,0,0,0,1,0,1
THROCKMORTON COUNTY,447,66 Years,20,12,8,18,11,7,0,0,0,0,0,0,0,0,0,2,1,1
THROCKMORTON COUNTY,447,67 Years,20,10,10,18,8,10,0,0,0,0,0,0,0,0,0,2,2,0
THROCKMORTON COUNTY,447,68 Years,24,9,15,23,9,14,0,0,0,0,0,0,0,0,0,1,0,1
THROCKMORTON COUNTY,447,69 Years,23,10,13,22,9,13,0,0,0,0,0,0,1,1,0,0,0,0
THROCKMORTON COUNTY,447,70 Years,23,12,11,22,11,11,0,0,0,0,0,0,0,0,0,1,1,0
THROCKMORTON COUNTY,447,71 Years,25,15,10,23,15,8,0,0,0,0,0,0,0,0,0,2,0,2
THROCKMORTON COUNTY,447,72 Years,15,7,8,15,7,8,0,0,0,0,0,0,0,0,0,0,0,0
THROCKMORTON COUNTY,447,73 Years,18,6,12,15,6,9,0,0,0,0,0,0,2,0,2,1,0,1
THROCKMORTON COUNTY,447,74 Years,24,11,13,22,10,12,0,0,0,0,0,0,1,0,1,1,1,0
THROCKMORTON COUNTY,447,75 Years,17,8,9,17,8,9,0,0,0,0,0,0,0,0,0,0,0,0
THROCKMORTON COUNTY,447,76 Years,16,8,8,16,8,8,0,0,0,0,0,0,0,0,0,0,0,0
THROCKMORTON COUNTY,447,77 Years,25,13,12,22,11,11,1,1,0,1,0,1,0,0,0,1,1,0
THROCKMORTON COUNTY,447,78 Years,20,11,9,17,10,7,1,1,0,0,0,0,0,0,0,2,0,2
THROCKMORTON COUNTY,447,79 Years,16,4,12,12,3,9,0,0,0,0,0,0,1,0,1,3,1,2
THROCKMORTON COUNTY,447,80 Years,15,8,7,14,7,7,0,0,0,0,0,0,0,0,0,1,1,0
THROCKMORTON COUNTY,447,81 Years,15,9,6,14,8,6,0,0,0,0,0,0,0,0,0,1,1,0
THROCKMORTON COUNTY,447,82 Years,11,6,5,10,6,4,0,0,0,0,0,0,1,0,1,0,0,0
THROCKMORTON COUNTY,447,83 Years,8,4,4,8,4,4,0,0,0,0,0,0,0,0,0,0,0,0
THROCKMORTON COUNTY,447,84 Years,8,4,4,7,3,4,0,0,0,0,0,0,1,1,0,0,0,0
THROCKMORTON COUNTY,447,85 Years,8,4,4,7,3,4,0,0,0,0,0,0,1,1,0,0,0,0
THROCKMORTON COUNTY,447,86 Years,6,2,4,5,2,3,0,0,0,0,0,0,1,0,1,0,0,0
THROCKMORTON COUNTY,447,87 Years,5,2,3,5,2,3,0,0,0,0,0,0,0,0,0,0,0,0
THROCKMORTON COUNTY,447,88 Years,6,2,4,5,2,3,0,0,0,0,0,0,0,0,0,1,0,1
THROCKMORTON COUNTY,447,89 Years,6,3,3,5,2,3,0,0,0,0,0,0,1,1,0,0,0,0
THROCKMORTON COUNTY,447,90 Years,4,2,2,4,2,2,0,0,0,0,0,0,0,0,0,0,0,0
THROCKMORTON COUNTY,447,91 Years,5,3,2,4,2,2,0,0,0,0,0,0,0,0,0,1,1,0
THROCKMORTON COUNTY,447,92 Years,4,1,3,3,1,2,0,0,0,0,0,0,0,0,0,1,0,1
THROCKMORTON COUNTY,447,93 Years,3,1,2,3,1,2,0,0,0,0,0,0,0,0,0,0,0,0
THROCKMORTON COUNTY,447,94 Years,3,1,2,3,1,2,0,0,0,0,0,0,0,0,0,0,0,0
THROCKMORTON COUNTY,447,95 Years +,6,2,4,6,2,4,0,0,0,0,0,0,0,0,0,0,0,0
TITUS COUNTY,449,All Ages,33880,16630,17250,15111,7280,7831,3284,1544,1740,262,110,152,569,259,310,14654,7437,7217
TITUS COUNTY,449,< 1 Year,514,269,245,146,68,78,29,11,18,3,1,2,15,7,8,321,182,139
TITUS COUNTY,449,1 Years,507,261,246,143,67,76,31,14,17,4,1,3,16,8,8,313,171,142
TITUS COUNTY,449,2 Years,526,263,263,148,72,76,37,16,21,4,1,3,20,10,10,317,164,153
TITUS COUNTY,449,3 Years,537,260,277,150,80,70,38,17,21,4,1,3,26,9,17,319,153,166
TITUS COUNTY,449,4 Years,522,261,261,146,82,64,39,19,20,3,1,2,17,6,11,317,153,164
TITUS COUNTY,449,5 Years,530,274,256,148,85,63,40,20,20,3,1,2,20,8,12,319,160,159
TITUS COUNTY,449,6 Years,499,263,236,135,75,60,37,21,16,2,1,1,15,8,7,310,158,152
TITUS COUNTY,449,7 Years,498,258,240,135,73,62,36,21,15,2,1,1,17,8,9,308,155,153
TITUS COUNTY,449,8 Years,569,294,275,153,82,71,49,34,15,2,0,2,17,9,8,348,169,179
TITUS COUNTY,449,9 Years,546,272,274,145,79,66,57,33,24,2,1,1,14,5,9,328,154,174
TITUS COUNTY,449,10 Years,582,277,305,158,80,78,59,33,26,4,0,4,14,3,11,347,161,186
TITUS COUNTY,449,11 Years,572,282,290,176,87,89,57,31,26,3,0,3,15,7,8,321,157,164
TITUS COUNTY,449,12 Years,552,273,279,163,81,82,48,29,19,2,1,1,12,6,6,327,156,171
TITUS COUNTY,449,13 Years,503,253,250,152,79,73,48,26,22,4,1,3,13,6,7,286,141,145
TITUS COUNTY,449,14 Years,523,248,275,166,77,89,50,28,22,5,1,4,11,6,5,291,136,155
TITUS COUNTY,449,15 Years,500,235,265,159,79,80,45,24,21,4,1,3,10,4,6,282,127,155
TITUS COUNTY,449,16 Years,500,257,243,166,87,79,43,22,21,3,2,1,10,5,5,278,141,137
TITUS COUNTY,449,17 Years,518,275,243,170,89,81,45,25,20,7,2,5,12,7,5,284,152,132
TITUS COUNTY,449,18 Years,462,234,228,152,80,72,34,19,15,7,3,4,10,3,7,259,129,130
TITUS COUNTY,449,19 Years,438,240,198,150,85,65,38,18,20,4,1,3,10,4,6,236,132,104
TITUS COUNTY,449,20 Years,423,227,196,137,81,56,37,19,18,2,0,2,10,5,5,237,122,115
TITUS COUNTY,449,21 Years,439,210,229,137,71,66,41,22,19,2,0,2,9,1,8,250,116,134
TITUS COUNTY,449,22 Years,461,227,234,147,79,68,57,24,33,4,2,2,8,4,4,245,118,127
TITUS COUNTY,449,23 Years,444,222,222,145,75,70,53,25,28,2,1,1,4,4,0,240,117,123
TITUS COUNTY,449,24 Years,453,217,236,140,70,70,43,21,22,4,1,3,11,5,6,255,120,135
TITUS COUNTY,449,25 Years,453,230,223,142,74,68,57,28,29,5,2,3,6,5,1,243,121,122
TITUS COUNTY,449,26 Years,434,220,214,144,70,74,62,33,29,2,1,1,3,2,1,223,114,109
TITUS COUNTY,449,27 Years,480,249,231,202,100,102,55,25,30,4,3,1,5,4,1,214,117,97
TITUS COUNTY,449,28 Years,478,233,245,209,98,111,55,27,28,3,2,1,8,2,6,203,104,99
TITUS COUNTY,449,29 Years,467,204,263,180,72,108,64,30,34,5,3,2,6,2,4,212,97,115
TITUS COUNTY,449,30 Years,417,180,237,172,72,100,49,21,28,1,1,0,4,0,4,191,86,105
TITUS COUNTY,449,31 Years,377,175,202,144,61,83,36,17,19,4,3,1,4,2,2,189,92,97
TITUS COUNTY,449,32 Years,381,177,204,165,72,93,34,16,18,2,1,1,3,2,1,177,86,91
TITUS COUNTY,449,33 Years,377,185,192,159,74,85,34,16,18,3,2,1,3,2,1,178,91,87
TITUS COUNTY,449,34 Years,360,179,181,139,68,71,41,19,22,0,0,0,4,0,4,176,92,84
TITUS COUNTY,449,35 Years,383,196,187,161,86,75,37,18,19,1,0,1,3,1,2,181,91,90
TITUS COUNTY,449,36 Years,402,212,190,177,89,88,42,24,18,2,1,1,4,1,3,177,97,80
TITUS COUNTY,449,37 Years,413,198,215,178,83,95,36,20,16,5,3,2,2,0,2,192,92,100
TITUS COUNTY,449,38 Years,412,188,224,177,74,103,34,15,19,4,0,4,9,3,6,188,96,92
TITUS COUNTY,449,39 Years,406,189,217,168,68,100,40,21,19,2,0,2,9,2,7,187,98,89
TITUS COUNTY,449,40 Years,417,209,208,157,72,85,41,19,22,5,3,2,6,4,2,208,111,97
TITUS COUNTY,449,41 Years,423,211,212,172,79,93,35,14,21,8,5,3,5,3,2,203,110,93
TITUS COUNTY,449,42 Years,397,196,201,160,84,76,37,18,19,2,1,1,5,2,3,193,91,102
TITUS COUNTY,449,43 Years,429,223,206,161,88,73,31,15,16,3,0,3,6,4,2,228,116,112
TITUS COUNTY,449,44 Years,409,206,203,155,84,71,41,23,18,2,0,2,2,2,0,209,97,112
TITUS COUNTY,449,45 Years,431,212,219,182,99,83,38,15,23,6,5,1,1,0,1,204,93,111
TITUS COUNTY,449,46 Years,412,202,210,167,83,84,29,8,21,4,3,1,2,2,0,210,106,104
TITUS COUNTY,449,47 Years,409,207,202,189,96,93,36,14,22,5,3,2,4,2,2,175,92,83
TITUS COUNTY,449,48 Years,425,219,206,178,88,90,41,18,23,5,2,3,7,3,4,194,108,86
TITUS COUNTY,449,49 Years,412,219,193,169,84,85,50,22,28,5,2,3,5,4,1,183,107,76
TITUS COUNTY,449,50 Years,385,201,184,155,79,76,47,21,26,4,1,3,4,3,1,175,97,78
TITUS COUNTY,449,51 Years,405,199,206,184,82,102,48,19,29,5,4,1,3,1,2,165,93,72
TITUS COUNTY,449,52 Years,409,202,207,196,87,109,46,19,27,4,3,1,2,1,1,161,92,69
TITUS COUNTY,449,53 Years,401,196,205,206,94,112,44,18,26,4,3,1,3,1,2,144,80,64
TITUS COUNTY,449,54 Years,426,221,205,220,114,106,48,18,30,3,1,2,3,0,3,152,88,64
TITUS COUNTY,449,55 Years,437,223,214,239,126,113,47,19,28,7,2,5,2,1,1,142,75,67
TITUS COUNTY,449,56 Years,410,203,207,232,119,113,47,19,28,4,1,3,4,1,3,123,63,60
TITUS COUNTY,449,57 Years,378,183,195,228,108,120,37,14,23,3,3,0,5,3,2,105,55,50
TITUS COUNTY,449,58 Years,400,196,204,241,120,121,49,23,26,0,0,0,6,1,5,104,52,52
TITUS COUNTY,449,59 Years,373,196,177,225,108,117,47,27,20,1,1,0,4,2,2,96,58,38
TITUS COUNTY,449,60 Years,372,189,183,233,111,122,34,17,17,4,3,1,4,3,1,97,55,42
TITUS COUNTY,449,61 Years,356,177,179,230,110,120,35,18,17,2,1,1,2,1,1,87,47,40
TITUS COUNTY,449,62 Years,352,151,201,234,95,139,41,16,25,4,2,2,3,2,1,70,36,34
TITUS COUNTY,449,63 Years,359,171,188,230,103,127,47,24,23,4,1,3,4,3,1,74,40,34
TITUS COUNTY,449,64 Years,350,179,171,233,119,114,35,16,19,2,0,2,7,3,4,73,41,32
TITUS COUNTY,449,65 Years,336,178,158,230,118,112,36,19,17,5,2,3,5,3,2,60,36,24
TITUS COUNTY,449,66 Years,336,164,172,244,118,126,31,15,16,2,2,0,6,3,3,53,26,27
TITUS COUNTY,449,67 Years,332,164,168,229,110,119,35,16,19,3,2,1,6,3,3,59,33,26
TITUS COUNTY,449,68 Years,311,143,168,239,111,128,31,13,18,0,0,0,4,1,3,37,18,19
TITUS COUNTY,449,69 Years,284,133,151,220,108,112,25,8,17,1,0,1,2,1,1,36,16,20
TITUS COUNTY,449,70 Years,302,140,162,230,107,123,25,7,18,2,0,2,2,0,2,43,26,17
TITUS COUNTY,449,71 Years,279,123,156,225,99,126,22,7,15,3,1,2,0,0,0,29,16,13
TITUS COUNTY,449,72 Years,233,105,128,177,85,92,25,7,18,3,0,3,1,1,0,27,12,15
TITUS COUNTY,449,73 Years,210,100,110,157,75,82,15,5,10,2,1,1,4,4,0,32,15,17
TITUS COUNTY,449,74 Years,226,98,128,176,77,99,20,9,11,1,1,0,3,2,1,26,9,17
TITUS COUNTY,449,75 Years,201,100,101,160,78,82,16,9,7,2,0,2,4,2,2,19,11,8
TITUS COUNTY,449,76 Years,202,90,112,153,70,83,18,6,12,6,3,3,3,1,2,22,10,12
TITUS COUNTY,449,77 Years,211,91,120,163,74,89,22,6,16,3,1,2,1,0,1,22,10,12
TITUS COUNTY,449,78 Years,169,78,91,132,63,69,17,6,11,0,0,0,1,0,1,19,9,10
TITUS COUNTY,449,79 Years,157,73,84,122,54,68,14,5,9,0,0,0,2,1,1,19,13,6
TITUS COUNTY,449,80 Years,146,63,83,115,46,69,12,5,7,0,0,0,3,1,2,16,11,5
TITUS COUNTY,449,81 Years,133,57,76,106,44,62,11,4,7,0,0,0,4,2,2,12,7,5
TITUS COUNTY,449,82 Years,120,52,68,95,41,54,12,5,7,1,0,1,2,2,0,10,4,6
TITUS COUNTY,449,83 Years,111,53,58,84,39,45,12,5,7,1,0,1,2,2,0,12,7,5
TITUS COUNTY,449,84 Years,93,39,54,76,31,45,12,5,7,0,0,0,1,1,0,4,2,2
TITUS COUNTY,449,85 Years,92,38,54,73,29,44,14,6,8,0,0,0,0,0,0,5,3,2
TITUS COUNTY,449,86 Years,87,33,54,71,25,46,7,2,5,0,0,0,1,1,0,8,5,3
TITUS COUNTY,449,87 Years,85,28,57,66,20,46,8,3,5,0,0,0,1,0,1,10,5,5
TITUS COUNTY,449,88 Years,77,29,48,60,23,37,8,3,5,0,0,0,1,0,1,8,3,5
TITUS COUNTY,449,89 Years,60,23,37,48,17,31,7,3,4,0,0,0,0,0,0,5,3,2
TITUS COUNTY,449,90 Years,56,20,36,45,16,29,7,3,4,0,0,0,0,0,0,4,1,3
TITUS COUNTY,449,91 Years,42,14,28,32,11,21,6,2,4,0,0,0,1,0,1,3,1,2
TITUS COUNTY,449,92 Years,35,11,24,29,9,20,4,1,3,0,0,0,0,0,0,2,1,1
TITUS COUNTY,449,93 Years,33,9,24,28,9,19,3,0,3,1,0,1,0,0,0,1,0,1
TITUS COUNTY,449,94 Years,26,8,18,20,6,14,3,1,2,1,0,1,0,0,0,2,1,1
TITUS COUNTY,449,95 Years +,60,15,45,46,11,35,8,2,6,0,0,0,1,0,1,5,2,3
TOM GREEN COUNTY,451,All Ages,117490,59047,58443,60776,30427,30349,4412,2530,1882,1236,609,627,2434,1254,1180,48632,24227,24405
TOM GREEN COUNTY,451,< 1 Year,1461,753,708,550,289,261,31,15,16,21,11,10,48,26,22,811,412,399
TOM GREEN COUNTY,451,1 Years,1466,761,705,557,291,266,33,17,16,18,10,8,50,28,22,808,415,393
TOM GREEN COUNTY,451,2 Years,1551,800,751,590,305,285,35,20,15,17,10,7,47,25,22,862,440,422
TOM GREEN COUNTY,451,3 Years,1597,814,783,622,313,309,38,24,14,17,9,8,50,26,24,870,442,428
TOM GREEN COUNTY,451,4 Years,1609,806,803,628,313,315,36,21,15,21,10,11,49,27,22,875,435,440
TOM GREEN COUNTY,451,5 Years,1544,774,770,617,307,310,36,21,15,16,8,8,42,25,17,833,413,420
TOM GREEN COUNTY,451,6 Years,1506,753,753,604,302,302,39,18,21,14,9,5,41,25,16,808,399,409
TOM GREEN COUNTY,451,7 Years,1508,762,746,603,303,300,41,21,20,11,6,5,43,24,19,810,408,402
TOM GREEN COUNTY,451,8 Years,1483,742,741,562,270,292,45,25,20,11,7,4,46,25,21,819,415,404
TOM GREEN COUNTY,451,9 Years,1567,781,786,607,295,312,51,28,23,11,9,2,59,33,26,839,416,423
TOM GREEN COUNTY,451,10 Years,1620,841,779,653,341,312,70,42,28,5,4,1,54,29,25,838,425,413
TOM GREEN COUNTY,451,11 Years,1633,859,774,631,327,304,66,41,25,12,6,6,51,30,21,873,455,418
TOM GREEN COUNTY,451,12 Years,1478,765,713,566,296,270,52,31,21,8,4,4,51,31,20,801,403,398
TOM GREEN COUNTY,451,13 Years,1457,770,687,581,315,266,55,30,25,9,5,4,56,37,19,756,383,373
TOM GREEN COUNTY,451,14 Years,1406,733,673,545,295,250,51,32,19,13,4,9,52,34,18,745,368,377
TOM GREEN COUNTY,451,15 Years,1322,692,630,498,269,229,58,37,21,9,2,7,33,20,13,724,364,360
TOM GREEN COUNTY,451,16 Years,1267,670,597,484,262,222,61,38,23,13,5,8,39,23,16,670,342,328
TOM GREEN COUNTY,451,17 Years,1496,812,684,546,307,239,71,39,32,15,7,8,52,29,23,812,430,382
TOM GREEN COUNTY,451,18 Years,1939,947,992,842,390,452,107,62,45,20,11,9,52,20,32,918,464,454
TOM GREEN COUNTY,451,19 Years,2384,1291,1093,1119,619,500,159,100,59,25,14,11,64,35,29,1017,523,494
TOM GREEN COUNTY,451,20 Years,2101,1115,986,956,513,443,141,83,58,23,12,11,69,42,27,912,465,447
TOM GREEN COUNTY,451,21 Years,1983,1079,904,925,521,404,94,63,31,18,9,9,50,27,23,896,459,437
TOM GREEN COUNTY,451,22 Years,2056,1112,944,968,509,459,99,69,30,23,14,9,46,16,30,920,504,416
TOM GREEN COUNTY,451,23 Years,1930,1068,862,897,529,368,78,38,40,19,11,8,45,28,17,891,462,429
TOM GREEN COUNTY,451,24 Years,1985,1108,877,921,553,368,88,54,34,17,11,6,37,18,19,922,472,450
TOM GREEN COUNTY,451,25 Years,1700,926,774,728,411,317,52,30,22,20,11,9,22,11,11,878,463,415
TOM GREEN COUNTY,451,26 Years,1837,1058,779,816,525,291,71,43,28,10,5,5,49,24,25,891,461,430
TOM GREEN COUNTY,451,27 Years,2007,1116,891,967,571,396,79,51,28,15,9,6,53,24,29,893,461,432
TOM GREEN COUNTY,451,28 Years,2061,1099,962,1052,569,483,79,46,33,16,8,8,41,22,19,873,454,419
TOM GREEN COUNTY,451,29 Years,1879,971,908,927,482,445,70,41,29,10,4,6,38,21,17,834,423,411
TOM GREEN COUNTY,451,30 Years,1655,899,756,726,410,316,68,37,31,27,17,10,31,15,16,803,420,383
TOM GREEN COUNTY,451,31 Years,1745,939,806,821,444,377,63,38,25,21,12,9,27,13,14,813,432,381
TOM GREEN COUNTY,451,32 Years,1672,869,803,762,373,389,73,42,31,13,8,5,24,14,10,800,432,368
TOM GREEN COUNTY,451,33 Years,1735,920,815,824,420,404,83,46,37,25,18,7,25,15,10,778,421,357
TOM GREEN COUNTY,451,34 Years,1799,939,860,873,434,439,74,40,34,29,19,10,31,20,11,792,426,366
TOM GREEN COUNTY,451,35 Years,1704,859,845,833,414,419,71,39,32,22,12,10,32,19,13,746,375,371
TOM GREEN COUNTY,451,36 Years,1603,822,781,800,405,395,68,41,27,28,17,11,18,9,9,689,350,339
TOM GREEN COUNTY,451,37 Years,1602,842,760,787,404,383,66,43,23,25,19,6,27,16,11,697,360,337
TOM GREEN COUNTY,451,38 Years,1534,817,717,768,414,354,67,45,22,22,19,3,24,15,9,653,324,329
TOM GREEN COUNTY,451,39 Years,1325,650,675,676,346,330,60,39,21,14,8,6,14,9,5,561,248,313
TOM GREEN COUNTY,451,40 Years,1304,651,653,663,338,325,52,37,15,32,18,14,14,10,4,543,248,295
TOM GREEN COUNTY,451,41 Years,1230,626,604,629,313,316,34,20,14,27,19,8,19,9,10,521,265,256
TOM GREEN COUNTY,451,42 Years,1177,596,581,616,306,310,36,26,10,13,10,3,18,9,9,494,245,249
TOM GREEN COUNTY,451,43 Years,1165,580,585,599,312,287,34,21,13,25,16,9,27,6,21,480,225,255
TOM GREEN COUNTY,451,44 Years,1181,565,616,590,281,309,42,26,16,17,8,9,31,13,18,501,237,264
TOM GREEN COUNTY,451,45 Years,1162,550,612,582,272,310,35,23,12,19,7,12,25,10,15,501,238,263
TOM GREEN COUNTY,451,46 Years,1236,610,626,633,322,311,34,18,16,14,5,9,25,12,13,530,253,277
TOM GREEN COUNTY,451,47 Years,1224,607,617,647,327,320,31,16,15,18,7,11,20,10,10,508,247,261
TOM GREEN COUNTY,451,48 Years,1277,623,654,698,347,351,30,16,14,12,5,7,21,10,11,516,245,271
TOM GREEN COUNTY,451,49 Years,1168,588,580,623,327,296,40,26,14,10,4,6,19,9,10,476,222,254
TOM GREEN COUNTY,451,50 Years,1194,595,599,652,346,306,36,17,19,16,6,10,15,7,8,475,219,256
TOM GREEN COUNTY,451,51 Years,1200,577,623,644,310,334,52,31,21,17,8,9,17,4,13,470,224,246
TOM GREEN COUNTY,451,52 Years,1186,559,627,649,291,358,51,32,19,10,4,6,18,9,9,458,223,235
TOM GREEN COUNTY,451,53 Years,1278,612,666,740,356,384,49,30,19,14,6,8,16,7,9,459,213,246
TOM GREEN COUNTY,451,54 Years,1316,622,694,776,361,415,48,32,16,12,3,9,20,8,12,460,218,242
TOM GREEN COUNTY,451,55 Years,1348,649,699,786,369,417,54,31,23,12,7,5,22,8,14,474,234,240
TOM GREEN COUNTY,451,56 Years,1423,695,728,810,395,415,51,21,30,10,4,6,20,9,11,532,266,266
TOM GREEN COUNTY,451,57 Years,1419,685,734,839,400,439,55,29,26,12,3,9,15,5,10,498,248,250
TOM GREEN COUNTY,451,58 Years,1386,666,720,854,393,461,56,31,25,6,2,4,19,9,10,451,231,220
TOM GREEN COUNTY,451,59 Years,1418,692,726,893,429,464,59,36,23,13,7,6,18,9,9,435,211,224
TOM GREEN COUNTY,451,60 Years,1409,654,755,887,411,476,50,30,20,18,6,12,16,6,10,438,201,237
TOM GREEN COUNTY,451,61 Years,1388,640,748,874,401,473,42,20,22,17,4,13,20,8,12,435,207,228
TOM GREEN COUNTY,451,62 Years,1321,651,670,830,414,416,64,35,29,14,4,10,14,8,6,399,190,209
TOM GREEN COUNTY,451,63 Years,1345,650,695,890,435,455,40,19,21,15,5,10,21,10,11,379,181,198
TOM GREEN COUNTY,451,64 Years,1253,593,660,838,398,440,35,17,18,14,3,11,13,7,6,353,168,185
TOM GREEN COUNTY,451,65 Years,1270,601,669,848,407,441,45,22,23,14,5,9,14,5,9,349,162,187
TOM GREEN COUNTY,451,66 Years,1214,570,644,810,387,423,43,21,22,12,3,9,18,9,9,331,150,181
TOM GREEN COUNTY,451,67 Years,1127,530,597,739,352,387,42,21,21,9,3,6,19,8,11,318,146,172
TOM GREEN COUNTY,451,68 Years,1137,540,597,762,370,392,42,23,19,17,4,13,10,3,7,306,140,166
TOM GREEN COUNTY,451,69 Years,1021,489,532,693,325,368,41,22,19,14,4,10,16,8,8,257,130,127
TOM GREEN COUNTY,451,70 Years,1066,499,567,748,349,399,32,16,16,9,4,5,18,8,10,259,122,137
TOM GREEN COUNTY,451,71 Years,1088,499,589,778,360,418,27,14,13,9,3,6,17,7,10,257,115,142
TOM GREEN COUNTY,451,72 Years,847,393,454,599,288,311,24,10,14,9,2,7,11,6,5,204,87,117
TOM GREEN COUNTY,451,73 Years,784,356,428,535,247,288,30,16,14,9,4,5,10,5,5,200,84,116
TOM GREEN COUNTY,451,74 Years,826,370,456,600,275,325,25,10,15,6,0,6,9,5,4,186,80,106
TOM GREEN COUNTY,451,75 Years,726,326,400,532,242,290,22,10,12,4,1,3,8,4,4,160,69,91
TOM GREEN COUNTY,451,76 Years,678,327,351,485,233,252,22,10,12,5,1,4,8,3,5,158,80,78
TOM GREEN COUNTY,451,77 Years,629,293,336,466,217,249,18,9,9,6,2,4,8,3,5,131,62,69
TOM GREEN COUNTY,451,78 Years,596,262,334,467,205,262,14,9,5,7,4,3,8,3,5,100,41,59
TOM GREEN COUNTY,451,79 Years,537,232,305,411,179,232,18,12,6,4,2,2,10,5,5,94,34,60
TOM GREEN COUNTY,451,80 Years,534,226,308,399,174,225,21,12,9,6,1,5,10,4,6,98,35,63
TOM GREEN COUNTY,451,81 Years,474,199,275,356,152,204,22,10,12,3,0,3,5,2,3,88,35,53
TOM GREEN COUNTY,451,82 Years,466,190,276,345,141,204,21,9,12,4,0,4,7,3,4,89,37,52
TOM GREEN COUNTY,451,83 Years,443,190,253,345,152,193,17,8,9,2,0,2,8,2,6,71,28,43
TOM GREEN COUNTY,451,84 Years,418,181,237,322,140,182,14,7,7,2,0,2,9,4,5,71,30,41
TOM GREEN COUNTY,451,85 Years,379,152,227,294,120,174,14,6,8,1,0,1,5,2,3,65,24,41
TOM GREEN COUNTY,451,86 Years,322,132,190,250,104,146,9,2,7,3,0,3,6,2,4,54,24,30
TOM GREEN COUNTY,451,87 Years,303,126,177,237,99,138,9,3,6,2,0,2,8,3,5,47,21,26
TOM GREEN COUNTY,451,88 Years,278,110,168,222,92,130,9,4,5,1,0,1,5,2,3,41,12,29
TOM GREEN COUNTY,451,89 Years,221,92,129,174,75,99,7,3,4,1,0,1,4,1,3,35,13,22
TOM GREEN COUNTY,451,90 Years,191,72,119,147,56,91,7,3,4,2,0,2,4,1,3,31,12,19
TOM GREEN COUNTY,451,91 Years,177,56,121,137,45,92,7,3,4,2,0,2,3,1,2,28,7,21
TOM GREEN COUNTY,451,92 Years,131,45,86,101,37,64,4,1,3,1,0,1,3,1,2,22,6,16
TOM GREEN COUNTY,451,93 Years,103,34,69,79,28,51,4,1,3,0,0,0,3,1,2,17,4,13
TOM GREEN COUNTY,451,94 Years,88,26,62,68,21,47,4,1,3,0,0,0,2,1,1,14,3,11
TOM GREEN COUNTY,451,95 Years +,201,59,142,153,45,108,9,2,7,2,1,1,3,0,3,34,11,23
TRAVIS COUNTY,453,All Ages,1248631,627808,620823,600554,301665,298889,101619,49930,51689,81121,40349,40772,33010,16355,16655,432327,219509,212818
TRAVIS COUNTY,453,< 1 Year,16108,8207,7901,5580,2866,2714,1227,637,590,1013,522,491,897,463,434,7391,3719,3672
TRAVIS COUNTY,453,1 Years,16255,8297,7958,5690,2915,2775,1252,641,611,970,504,466,892,463,429,7451,3774,3677
TRAVIS COUNTY,453,2 Years,16709,8532,8177,5940,3034,2906,1264,642,622,1020,524,496,841,435,406,7644,3897,3747
TRAVIS COUNTY,453,3 Years,17134,8770,8364,6150,3154,2996,1329,665,664,1032,525,507,839,430,409,7784,3996,3788
TRAVIS COUNTY,453,4 Years,17089,8734,8355,6130,3134,2996,1317,666,651,1072,544,528,810,413,397,7760,3977,3783
TRAVIS COUNTY,453,5 Years,16945,8670,8275,6070,3118,2952,1299,668,631,1073,547,526,806,413,393,7697,3924,3773
TRAVIS COUNTY,453,6 Years,16606,8473,8133,5930,3016,2914,1242,637,605,1030,533,497,762,389,373,7642,3898,3744
TRAVIS COUNTY,453,7 Years,16640,8484,8156,5860,2994,2866,1237,626,611,1033,529,504,753,376,377,7757,3959,3798
TRAVIS COUNTY,453,8 Years,15288,7816,7472,5297,2770,2527,1163,575,588,905,466,439,638,301,337,7285,3704,3581
TRAVIS COUNTY,453,9 Years,15484,7929,7555,5355,2755,2600,1191,605,586,905,466,439,664,332,332,7369,3771,3598
TRAVIS COUNTY,453,10 Years,15511,7928,7583,5286,2746,2540,1245,654,591,905,462,443,679,332,347,7396,3734,3662
TRAVIS COUNTY,453,11 Years,15420,7849,7571,5271,2723,2548,1295,660,635,925,492,433,607,295,312,7322,3679,3643
TRAVIS COUNTY,453,12 Years,15198,7781,7417,5237,2682,2555,1284,653,631,928,466,462,572,302,270,7177,3678,3499
TRAVIS COUNTY,453,13 Years,15000,7658,7342,5067,2575,2492,1263,637,626,933,453,480,604,299,305,7133,3694,3439
TRAVIS COUNTY,453,14 Years,14730,7545,7185,5091,2660,2431,1213,607,606,856,407,449,578,292,286,6992,3579,3413
TRAVIS COUNTY,453,15 Years,14666,7557,7109,5158,2711,2447,1226,626,600,825,392,433,539,272,267,6918,3556,3362
TRAVIS COUNTY,453,16 Years,14239,7368,6871,4941,2554,2387,1299,692,607,684,326,358,501,231,270,6814,3565,3249
TRAVIS COUNTY,453,17 Years,13823,7094,6729,4698,2407,2291,1319,687,632,573,254,319,472,231,241,6761,3515,3246
TRAVIS COUNTY,453,18 Years,15067,7664,7403,5131,2582,2549,1375,715,660,1060,519,541,452,220,232,7049,3628,3421
TRAVIS COUNTY,453,19 Years,17990,8948,9042,6725,3219,3506,1544,775,769,1613,806,807,507,285,222,7601,3863,3738
TRAVIS COUNTY,453,20 Years,17907,8987,8920,6986,3371,3615,1512,782,730,1738,878,860,516,295,221,7155,3661,3494
TRAVIS COUNTY,453,21 Years,17987,8904,9083,7290,3517,3773,1579,775,804,1716,860,856,447,207,240,6955,3545,3410
TRAVIS COUNTY,453,22 Years,17562,8842,8720,7260,3556,3704,1560,790,770,1340,708,632,413,188,225,6989,3600,3389
TRAVIS COUNTY,453,23 Years,16111,8172,7939,6369,3283,3086,1549,773,776,807,410,397,393,205,188,6993,3501,3492
TRAVIS COUNTY,453,24 Years,16281,8324,7957,6637,3561,3076,1583,807,776,809,396,413,423,198,225,6829,3362,3467
TRAVIS COUNTY,453,25 Years,17853,9145,8708,7635,4072,3563,1663,884,779,955,520,435,426,192,234,7174,3477,3697
TRAVIS COUNTY,453,26 Years,19586,9973,9613,8676,4470,4206,1722,867,855,1236,616,620,507,268,239,7445,3752,3693
TRAVIS COUNTY,453,27 Years,21377,11013,10364,9791,5168,4623,1681,777,904,1594,849,745,575,285,290,7736,3934,3802
TRAVIS COUNTY,453,28 Years,22538,11656,10882,10239,5366,4873,1672,784,888,1855,1048,807,590,280,310,8182,4178,4004
TRAVIS COUNTY,453,29 Years,23320,12315,11005,10816,5812,5004,1501,760,741,1852,1055,797,605,300,305,8546,4388,4158
TRAVIS COUNTY,453,30 Years,23511,12171,11340,11112,5727,5385,1476,709,767,1801,1027,774,557,252,305,8565,4456,4109
TRAVIS COUNTY,453,31 Years,23642,11999,11643,12023,5874,6149,1467,725,742,1721,954,767,577,283,294,7854,4163,3691
TRAVIS COUNTY,453,32 Years,24144,12267,11877,12486,5987,6499,1578,758,820,1822,1076,746,555,269,286,7703,4177,3526
TRAVIS COUNTY,453,33 Years,23359,12107,11252,12130,6049,6081,1577,811,766,1641,886,755,517,244,273,7494,4117,3377
TRAVIS COUNTY,453,34 Years,22698,11605,11093,11558,5861,5697,1576,775,801,1506,766,740,524,242,282,7534,3961,3573
TRAVIS COUNTY,453,35 Years,22814,11616,11198,11611,5857,5754,1647,829,818,1437,702,735,528,254,274,7591,3974,3617
TRAVIS COUNTY,453,36 Years,22389,11341,11048,11585,5870,5715,1674,827,847,1244,561,683,586,254,332,7300,3829,3471
TRAVIS COUNTY,453,37 Years,21796,11088,10708,11147,5712,5435,1639,836,803,1386,587,799,541,259,282,7083,3694,3389
TRAVIS COUNTY,453,38 Years,21477,10936,10541,10849,5575,5274,1657,852,805,1347,524,823,529,256,273,7095,3729,3366
TRAVIS COUNTY,453,39 Years,20771,10631,10140,10312,5350,4962,1575,805,770,1443,635,808,543,256,287,6898,3585,3313
TRAVIS COUNTY,453,40 Years,20383,10446,9937,10065,5244,4821,1519,762,757,1504,718,786,470,227,243,6825,3495,3330
TRAVIS COUNTY,453,41 Years,19899,10262,9637,9689,5025,4664,1466,732,734,1623,835,788,438,226,212,6683,3444,3239
TRAVIS COUNTY,453,42 Years,19396,10043,9353,9354,4943,4411,1417,683,734,1595,792,803,445,220,225,6585,3405,3180
TRAVIS COUNTY,453,43 Years,19302,10015,9287,9335,4946,4389,1452,739,713,1525,727,798,469,228,241,6521,3375,3146
TRAVIS COUNTY,453,44 Years,18247,9449,8798,8867,4706,4161,1386,728,658,1459,708,751,421,206,215,6114,3101,3013
TRAVIS COUNTY,453,45 Years,17958,9277,8681,8676,4598,4078,1460,715,745,1474,705,769,425,216,209,5923,3043,2880
TRAVIS COUNTY,453,46 Years,18009,9419,8590,8899,4779,4120,1434,692,742,1471,693,778,409,232,177,5796,3023,2773
TRAVIS COUNTY,453,47 Years,18748,9749,8999,9725,5145,4580,1524,744,780,1427,699,728,398,206,192,5674,2955,2719
TRAVIS COUNTY,453,48 Years,18489,9546,8943,9709,5116,4593,1486,735,751,1393,680,713,376,189,187,5525,2826,2699
TRAVIS COUNTY,453,49 Years,16726,8520,8206,8831,4586,4245,1366,677,689,1224,594,630,308,167,141,4997,2496,2501
TRAVIS COUNTY,453,50 Years,15543,7966,7577,8117,4242,3875,1383,704,679,1074,540,534,274,138,136,4695,2342,2353
TRAVIS COUNTY,453,51 Years,14684,7527,7157,7644,3935,3709,1354,668,686,1028,545,483,280,136,144,4378,2243,2135
TRAVIS COUNTY,453,52 Years,14471,7324,7147,7540,3861,3679,1341,617,724,1014,513,501,264,126,138,4312,2207,2105
TRAVIS COUNTY,453,53 Years,15168,7705,7463,7973,4078,3895,1448,714,734,1033,509,524,270,135,135,4444,2269,2175
TRAVIS COUNTY,453,54 Years,14986,7545,7441,8078,4101,3977,1508,729,779,961,490,471,262,134,128,4177,2091,2086
TRAVIS COUNTY,453,55 Years,14797,7394,7403,8152,4102,4050,1429,699,730,952,461,491,290,153,137,3974,1979,1995
TRAVIS COUNTY,453,56 Years,14636,7289,7347,8290,4149,4141,1405,701,704,839,397,442,270,136,134,3832,1906,1926
TRAVIS COUNTY,453,57 Years,14266,7064,7202,8187,4084,4103,1366,665,701,756,369,387,270,133,137,3687,1813,1874
TRAVIS COUNTY,453,58 Years,14304,7109,7195,8334,4138,4196,1384,695,689,731,337,394,265,127,138,3590,1812,1778
TRAVIS COUNTY,453,59 Years,13669,6707,6962,8102,3968,4134,1312,643,669,693,327,366,221,111,110,3341,1658,1683
TRAVIS COUNTY,453,60 Years,13380,6504,6876,8062,3924,4138,1301,614,687,661,314,347,214,110,104,3142,1542,1600
TRAVIS COUNTY,453,61 Years,13093,6314,6779,7956,3885,4071,1273,618,655,655,280,375,245,114,131,2964,1417,1547
TRAVIS COUNTY,453,62 Years,12404,5979,6425,7579,3641,3938,1214,598,616,621,281,340,217,104,113,2773,1355,1418
TRAVIS COUNTY,453,63 Years,12019,5762,6257,7493,3602,3891,1127,564,563,621,274,347,189,90,99,2589,1232,1357
TRAVIS COUNTY,453,64 Years,11309,5309,6000,7237,3440,3797,1060,478,582,541,239,302,183,98,85,2288,1054,1234
TRAVIS COUNTY,453,65 Years,10720,4967,5753,7029,3306,3723,969,439,530,504,219,285,177,90,87,2041,913,1128
TRAVIS COUNTY,453,66 Years,10009,4739,5270,6622,3157,3465,859,407,452,460,195,265,178,93,85,1890,887,1003
TRAVIS COUNTY,453,67 Years,9327,4407,4920,6105,2955,3150,849,382,467,459,203,256,150,74,76,1764,793,971
TRAVIS COUNTY,453,68 Years,8819,4161,4658,5771,2819,2952,802,353,449,450,190,260,123,54,69,1673,745,928
TRAVIS COUNTY,453,69 Years,8009,3755,4254,5290,2532,2758,719,319,400,427,179,248,104,47,57,1469,678,791
TRAVIS COUNTY,453,70 Years,7657,3620,4037,5222,2502,2720,639,286,353,357,162,195,97,45,52,1342,625,717
TRAVIS COUNTY,453,71 Years,7143,3383,3760,5022,2410,2612,519,225,294,334,151,183,75,34,41,1193,563,630
TRAVIS COUNTY,453,72 Years,5722,2697,3025,3911,1877,2034,422,191,231,290,135,155,57,22,35,1042,472,570
TRAVIS COUNTY,453,73 Years,5086,2298,2788,3447,1588,1859,380,157,223,256,122,134,51,21,30,952,410,542
TRAVIS COUNTY,453,74 Years,4840,2172,2668,3352,1534,1818,354,129,225,222,107,115,55,23,32,857,379,478
TRAVIS COUNTY,453,75 Years,4483,2034,2449,3103,1431,1672,347,144,203,202,102,100,49,21,28,782,336,446
TRAVIS COUNTY,453,76 Years,4017,1828,2189,2751,1265,1486,334,139,195,212,111,101,37,19,18,683,294,389
TRAVIS COUNTY,453,77 Years,3555,1543,2012,2412,1075,1337,274,100,174,201,104,97,29,14,15,639,250,389
TRAVIS COUNTY,453,78 Years,3162,1340,1822,2115,914,1201,262,91,171,165,85,80,25,10,15,595,240,355
TRAVIS COUNTY,453,79 Years,2880,1213,1667,1934,828,1106,222,81,141,142,70,72,21,9,12,561,225,336
TRAVIS COUNTY,453,80 Years,2717,1119,1598,1842,779,1063,215,78,137,149,65,84,22,9,13,489,188,301
TRAVIS COUNTY,453,81 Years,2546,1041,1505,1736,722,1014,210,81,129,136,58,78,19,8,11,445,172,273
TRAVIS COUNTY,453,82 Years,2359,940,1419,1635,661,974,190,71,119,107,45,62,22,9,13,405,154,251
TRAVIS COUNTY,453,83 Years,2225,915,1310,1517,653,864,185,65,120,85,32,53,12,5,7,426,160,266
TRAVIS COUNTY,453,84 Years,1961,788,1173,1370,562,808,155,62,93,71,30,41,10,5,5,355,129,226
TRAVIS COUNTY,453,85 Years,1753,674,1079,1260,497,763,130,42,88,75,30,45,9,3,6,279,102,177
TRAVIS COUNTY,453,86 Years,1665,638,1027,1211,474,737,125,37,88,62,25,37,8,3,5,259,99,160
TRAVIS COUNTY,453,87 Years,1580,602,978,1188,462,726,106,32,74,60,24,36,7,3,4,219,81,138
TRAVIS COUNTY,453,88 Years,1418,510,908,1054,385,669,88,25,63,53,22,31,6,2,4,217,76,141
TRAVIS COUNTY,453,89 Years,1174,405,769,883,307,576,73,18,55,38,17,21,5,2,3,175,61,114
TRAVIS COUNTY,453,90 Years,1004,319,685,766,244,522,58,18,40,30,12,18,7,2,5,143,43,100
TRAVIS COUNTY,453,91 Years,855,259,596,653,201,452,50,13,37,25,9,16,5,2,3,122,34,88
TRAVIS COUNTY,453,92 Years,753,220,533,582,173,409,43,9,34,15,5,10,3,1,2,110,32,78
TRAVIS COUNTY,453,93 Years,619,179,440,482,141,341,39,8,31,13,3,10,2,0,2,83,27,56
TRAVIS COUNTY,453,94 Years,481,134,347,373,100,273,31,7,24,13,5,8,3,1,2,61,21,40
TRAVIS COUNTY,453,95 Years +,1181,288,893,903,220,683,83,13,70,28,10,18,4,1,3,163,44,119
TRINITY COUNTY,455,All Ages,14663,7127,7536,11570,5645,5925,1450,654,796,43,13,30,302,118,184,1298,697,601
TRINITY COUNTY,455,< 1 Year,158,68,90,109,47,62,18,9,9,0,0,0,12,2,10,19,10,9
TRINITY COUNTY,455,1 Years,151,68,83,105,49,56,20,9,11,0,0,0,9,2,7,17,8,9
TRINITY COUNTY,455,2 Years,155,72,83,109,53,56,21,9,12,0,0,0,8,3,5,17,7,10
TRINITY COUNTY,455,3 Years,155,82,73,111,63,48,20,9,11,0,0,0,6,2,4,18,8,10
TRINITY COUNTY,455,4 Years,148,84,64,104,63,41,20,10,10,0,0,0,7,2,5,17,9,8
TRINITY COUNTY,455,5 Years,135,74,61,89,53,36,21,11,10,0,0,0,8,3,5,17,7,10
TRINITY COUNTY,455,6 Years,128,68,60,86,49,37,21,11,10,0,0,0,5,1,4,16,7,9
TRINITY COUNTY,455,7 Years,148,76,72,98,48,50,23,14,9,0,0,0,6,4,2,21,10,11
TRINITY COUNTY,455,8 Years,155,74,81,103,50,53,23,6,17,0,0,0,7,6,1,22,12,10
TRINITY COUNTY,455,9 Years,164,87,77,110,56,54,17,10,7,0,0,0,8,5,3,29,16,13
TRINITY COUNTY,455,10 Years,153,75,78,107,55,52,13,3,10,0,0,0,6,2,4,27,15,12
TRINITY COUNTY,455,11 Years,162,96,66,112,68,44,20,10,10,0,0,0,5,3,2,25,15,10
TRINITY COUNTY,455,12 Years,176,88,88,104,56,48,27,12,15,1,0,1,3,2,1,41,18,23
TRINITY COUNTY,455,13 Years,153,66,87,92,42,50,26,10,16,0,0,0,11,5,6,24,9,15
TRINITY COUNTY,455,14 Years,142,74,68,95,49,46,17,8,9,0,0,0,5,2,3,25,15,10
TRINITY COUNTY,455,15 Years,155,85,70,107,59,48,16,10,6,0,0,0,4,0,4,28,16,12
TRINITY COUNTY,455,16 Years,156,81,75,109,59,50,18,8,10,1,0,1,5,2,3,23,12,11
TRINITY COUNTY,455,17 Years,156,77,79,103,56,47,20,7,13,0,0,0,3,0,3,30,14,16
TRINITY COUNTY,455,18 Years,155,78,77,103,55,48,17,5,12,1,1,0,3,1,2,31,16,15
TRINITY COUNTY,455,19 Years,135,75,60,91,54,37,14,5,9,1,1,0,5,2,3,24,13,11
TRINITY COUNTY,455,20 Years,123,69,54,84,50,34,11,5,6,0,0,0,7,2,5,21,12,9
TRINITY COUNTY,455,21 Years,121,63,58,89,48,41,9,5,4,0,0,0,5,2,3,18,8,10
TRINITY COUNTY,455,22 Years,134,67,67,98,52,46,11,5,6,0,0,0,5,2,3,20,8,12
TRINITY COUNTY,455,23 Years,126,57,69,86,42,44,14,5,9,0,0,0,7,0,7,19,10,9
TRINITY COUNTY,455,24 Years,149,73,76,107,56,51,16,8,8,1,0,1,7,2,5,18,7,11
TRINITY COUNTY,455,25 Years,148,77,71,108,58,50,17,9,8,0,0,0,3,2,1,20,8,12
TRINITY COUNTY,455,26 Years,163,82,81,122,59,63,17,8,9,1,0,1,0,0,0,23,15,8
TRINITY COUNTY,455,27 Years,162,89,73,123,68,55,16,9,7,0,0,0,3,1,2,20,11,9
TRINITY COUNTY,455,28 Years,149,68,81,119,57,62,11,4,7,0,0,0,3,1,2,16,6,10
TRINITY COUNTY,455,29 Years,148,69,79,116,51,65,15,8,7,1,0,1,0,0,0,16,10,6
TRINITY COUNTY,455,30 Years,160,78,82,128,60,68,17,10,7,0,0,0,0,0,0,15,8,7
TRINITY COUNTY,455,31 Years,136,68,68,106,53,53,18,9,9,0,0,0,1,1,0,11,5,6
TRINITY COUNTY,455,32 Years,155,73,82,124,60,64,15,4,11,0,0,0,3,1,2,13,8,5
TRINITY COUNTY,455,33 Years,143,68,75,109,54,55,16,3,13,0,0,0,1,0,1,17,11,6
TRINITY COUNTY,455,34 Years,151,68,83,113,54,59,17,5,12,0,0,0,1,0,1,20,9,11
TRINITY COUNTY,455,35 Years,132,66,66,99,47,52,12,6,6,0,0,0,2,1,1,19,12,7
TRINITY COUNTY,455,36 Years,158,74,84,124,53,71,15,8,7,0,0,0,4,3,1,15,10,5
TRINITY COUNTY,455,37 Years,161,76,85,123,53,70,14,8,6,1,0,1,3,2,1,20,13,7
TRINITY COUNTY,455,38 Years,160,77,83,118,57,61,21,10,11,1,0,1,0,0,0,20,10,10
TRINITY COUNTY,455,39 Years,152,70,82,124,56,68,13,6,7,2,1,1,2,1,1,11,6,5
TRINITY COUNTY,455,40 Years,152,74,78,124,60,64,14,6,8,0,0,0,3,1,2,11,7,4
TRINITY COUNTY,455,41 Years,149,75,74,113,55,58,17,9,8,0,0,0,1,1,0,18,10,8
TRINITY COUNTY,455,42 Years,127,61,66,98,48,50,15,8,7,0,0,0,1,0,1,13,5,8
TRINITY COUNTY,455,43 Years,136,69,67,105,52,53,12,6,6,0,0,0,2,1,1,17,10,7
TRINITY COUNTY,455,44 Years,142,75,67,120,61,59,7,4,3,0,0,0,0,0,0,15,10,5
TRINITY COUNTY,455,45 Years,170,86,84,135,69,66,12,4,8,0,0,0,1,0,1,22,13,9
TRINITY COUNTY,455,46 Years,157,71,86,123,54,69,13,5,8,1,1,0,0,0,0,20,11,9
TRINITY COUNTY,455,47 Years,173,74,99,140,59,81,16,6,10,1,1,0,1,0,1,15,8,7
TRINITY COUNTY,455,48 Years,177,81,96,143,64,79,12,6,6,1,1,0,3,1,2,18,9,9
TRINITY COUNTY,455,49 Years,170,79,91,134,61,73,13,7,6,0,0,0,2,1,1,21,10,11
TRINITY COUNTY,455,50 Years,150,75,75,118,55,63,13,7,6,0,0,0,1,1,0,18,12,6
TRINITY COUNTY,455,51 Years,166,90,76,134,67,67,13,10,3,2,0,2,2,2,0,15,11,4
TRINITY COUNTY,455,52 Years,177,87,90,136,66,70,25,15,10,1,0,1,2,1,1,13,5,8
TRINITY COUNTY,455,53 Years,187,87,100,148,68,80,23,12,11,0,0,0,2,1,1,14,6,8
TRINITY COUNTY,455,54 Years,207,100,107,175,84,91,19,9,10,1,0,1,1,1,0,11,6,5
TRINITY COUNTY,455,55 Years,213,94,119,182,81,101,21,10,11,0,0,0,1,0,1,9,3,6
TRINITY COUNTY,455,56 Years,237,112,125,199,94,105,20,7,13,2,1,1,4,2,2,12,8,4
TRINITY COUNTY,455,57 Years,234,114,120,195,95,100,23,9,14,1,1,0,4,1,3,11,8,3
TRINITY COUNTY,455,58 Years,219,100,119,177,84,93,25,8,17,2,0,2,6,2,4,9,6,3
TRINITY COUNTY,455,59 Years,225,101,124,184,83,101,24,11,13,1,0,1,4,1,3,12,6,6
TRINITY COUNTY,455,60 Years,219,98,121,181,84,97,22,8,14,1,0,1,6,2,4,9,4,5
TRINITY COUNTY,455,61 Years,233,103,130,200,86,114,18,9,9,0,0,0,3,1,2,12,7,5
TRINITY COUNTY,455,62 Years,259,118,141,210,94,116,26,12,14,0,0,0,7,2,5,16,10,6
TRINITY COUNTY,455,63 Years,237,115,122,194,96,98,26,9,17,1,1,0,4,1,3,12,8,4
TRINITY COUNTY,455,64 Years,248,121,127,212,103,109,19,9,10,0,0,0,4,3,1,13,6,7
TRINITY COUNTY,455,65 Years,248,113,135,205,95,110,21,9,12,7,0,7,4,3,1,11,6,5
TRINITY COUNTY,455,66 Years,238,114,124,201,99,102,26,11,15,3,0,3,2,1,1,6,3,3
TRINITY COUNTY,455,67 Years,237,118,119,208,98,110,16,11,5,2,1,1,3,2,1,8,6,2
TRINITY COUNTY,455,68 Years,234,117,117,205,101,104,19,11,8,1,1,0,3,1,2,6,3,3
TRINITY COUNTY,455,69 Years,238,118,120,207,102,105,20,10,10,0,0,0,4,2,2,7,4,3
TRINITY COUNTY,455,70 Years,228,118,110,197,99,98,22,13,9,0,0,0,2,2,0,7,4,3
TRINITY COUNTY,455,71 Years,225,115,110,198,101,97,17,8,9,0,0,0,3,1,2,7,5,2
TRINITY COUNTY,455,72 Years,194,105,89,171,94,77,13,5,8,0,0,0,4,1,3,6,5,1
TRINITY COUNTY,455,73 Years,188,93,95,166,82,84,15,6,9,0,0,0,2,1,1,5,4,1
TRINITY COUNTY,455,74 Years,188,90,98,169,82,87,9,3,6,0,0,0,4,2,2,6,3,3
TRINITY COUNTY,455,75 Years,193,87,106,168,81,87,15,4,11,0,0,0,5,1,4,5,1,4
TRINITY COUNTY,455,76 Years,181,85,96,163,79,84,11,4,7,0,0,0,2,0,2,5,2,3
TRINITY COUNTY,455,77 Years,166,71,95,153,64,89,7,4,3,0,0,0,2,1,1,4,2,2
TRINITY COUNTY,455,78 Years,149,66,83,134,58,76,7,4,3,1,0,1,3,1,2,4,3,1
TRINITY COUNTY,455,79 Years,139,75,64,129,69,60,6,3,3,0,0,0,1,0,1,3,3,0
TRINITY COUNTY,455,80 Years,124,63,61,111,58,53,8,3,5,0,0,0,1,0,1,4,2,2
TRINITY COUNTY,455,81 Years,107,50,57,95,46,49,8,2,6,0,0,0,1,0,1,3,2,1
TRINITY COUNTY,455,82 Years,93,47,46,79,39,40,9,3,6,0,0,0,0,0,0,5,5,0
TRINITY COUNTY,455,83 Years,87,40,47,74,33,41,7,3,4,0,0,0,1,0,1,5,4,1
TRINITY COUNTY,455,84 Years,71,28,43,61,23,38,5,2,3,1,1,0,1,1,0,3,1,2
TRINITY COUNTY,455,85 Years,74,31,43,62,27,35,8,2,6,1,0,1,0,0,0,3,2,1
TRINITY COUNTY,455,86 Years,58,26,32,52,23,29,4,1,3,0,0,0,0,0,0,2,2,0
TRINITY COUNTY,455,87 Years,48,24,24,41,19,22,4,4,0,0,0,0,2,0,2,1,1,0
TRINITY COUNTY,455,88 Years,47,22,25,39,19,20,6,2,4,0,0,0,2,1,1,0,0,0
TRINITY COUNTY,455,89 Years,38,17,21,33,14,19,4,2,2,0,0,0,1,1,0,0,0,0
TRINITY COUNTY,455,90 Years,35,15,20,28,12,16,6,3,3,0,0,0,0,0,0,1,0,1
TRINITY COUNTY,455,91 Years,29,12,17,22,10,12,5,1,4,1,1,0,0,0,0,1,0,1
TRINITY COUNTY,455,92 Years,21,9,12,17,9,8,4,0,4,0,0,0,0,0,0,0,0,0
TRINITY COUNTY,455,93 Years,16,6,10,12,5,7,4,1,3,0,0,0,0,0,0,0,0,0
TRINITY COUNTY,455,94 Years,11,4,7,8,3,5,3,1,2,0,0,0,0,0,0,0,0,0
TRINITY COUNTY,455,95 Years +,23,8,15,15,6,9,6,1,5,0,0,0,1,0,1,1,1,0
TYLER COUNTY,457,All Ages,22437,12162,10275,17660,8961,8699,2570,1645,925,58,27,31,497,253,244,1652,1276,376
TYLER COUNTY,457,< 1 Year,217,124,93,166,95,71,18,10,8,0,0,0,21,13,8,12,6,6
TYLER COUNTY,457,1 Years,219,116,103,167,88,79,20,12,8,0,0,0,18,10,8,14,6,8
TYLER COUNTY,457,2 Years,236,121,115,182,91,91,22,12,10,0,0,0,19,12,7,13,6,7
TYLER COUNTY,457,3 Years,244,119,125,185,87,98,26,18,8,0,0,0,17,8,9,16,6,10
TYLER COUNTY,457,4 Years,254,128,126,196,96,100,28,19,9,1,0,1,16,7,9,13,6,7
TYLER COUNTY,457,5 Years,265,141,124,199,102,97,32,22,10,1,0,1,17,9,8,16,8,8
TYLER COUNTY,457,6 Years,268,142,126,204,108,96,30,18,12,1,0,1,17,8,9,16,8,8
TYLER COUNTY,457,7 Years,273,147,126,204,106,98,36,22,14,1,1,0,11,6,5,21,12,9
TYLER COUNTY,457,8 Years,275,140,135,206,110,96,36,20,16,1,1,0,11,3,8,21,6,15
TYLER COUNTY,457,9 Years,239,137,102,171,92,79,33,22,11,1,1,0,8,4,4,26,18,8
TYLER COUNTY,457,10 Years,234,120,114,181,88,93,25,12,13,1,1,0,11,7,4,16,12,4
TYLER COUNTY,457,11 Years,250,128,122,191,97,94,35,19,16,0,0,0,8,4,4,16,8,8
TYLER COUNTY,457,12 Years,252,136,116,194,103,91,35,23,12,1,0,1,7,2,5,15,8,7
TYLER COUNTY,457,13 Years,256,133,123,188,90,98,41,31,10,1,0,1,5,2,3,21,10,11
TYLER COUNTY,457,14 Years,223,111,112,169,79,90,35,23,12,1,1,0,5,1,4,13,7,6
TYLER COUNTY,457,15 Years,214,113,101,161,84,77,34,21,13,1,0,1,3,1,2,15,7,8
TYLER COUNTY,457,16 Years,229,119,110,174,88,86,36,21,15,1,0,1,7,4,3,11,6,5
TYLER COUNTY,457,17 Years,215,116,99,164,89,75,22,11,11,2,1,1,12,6,6,15,9,6
TYLER COUNTY,457,18 Years,231,131,100,171,93,78,30,17,13,2,1,1,12,8,4,16,12,4
TYLER COUNTY,457,19 Years,236,138,98,161,85,76,36,26,10,1,0,1,12,6,6,26,21,5
TYLER COUNTY,457,20 Years,229,148,81,150,90,60,37,29,8,0,0,0,12,5,7,30,24,6
TYLER COUNTY,457,21 Years,255,164,91,165,95,70,39,31,8,0,0,0,7,3,4,44,35,9
TYLER COUNTY,457,22 Years,292,201,91,169,99,70,44,33,11,0,0,0,10,5,5,69,64,5
TYLER COUNTY,457,23 Years,308,203,105,197,109,88,42,32,10,0,0,0,9,5,4,60,57,3
TYLER COUNTY,457,24 Years,322,199,123,214,113,101,49,36,13,0,0,0,8,5,3,51,45,6
TYLER COUNTY,457,25 Years,322,215,107,210,126,84,42,30,12,1,1,0,10,6,4,59,52,7
TYLER COUNTY,457,26 Years,339,223,116,220,130,90,53,36,17,0,0,0,4,2,2,62,55,7
TYLER COUNTY,457,27 Years,356,240,116,234,143,91,57,42,15,0,0,0,6,0,6,59,55,4
TYLER COUNTY,457,28 Years,301,199,102,197,112,85,46,36,10,0,0,0,3,0,3,55,51,4
TYLER COUNTY,457,29 Years,304,201,103,206,115,91,50,42,8,0,0,0,3,2,1,45,42,3
TYLER COUNTY,457,30 Years,289,190,99,189,104,85,53,43,10,0,0,0,5,2,3,42,41,1
TYLER COUNTY,457,31 Years,287,188,99,189,106,83,56,43,13,0,0,0,3,1,2,39,38,1
TYLER COUNTY,457,32 Years,281,183,98,184,100,84,60,49,11,1,1,0,4,3,1,32,30,2
TYLER COUNTY,457,33 Years,282,181,101,193,105,88,53,45,8,0,0,0,1,1,0,35,30,5
TYLER COUNTY,457,34 Years,290,180,110,200,104,96,50,42,8,0,0,0,1,0,1,39,34,5
TYLER COUNTY,457,35 Years,273,166,107,179,90,89,50,42,8,2,1,1,6,3,3,36,30,6
TYLER COUNTY,457,36 Years,273,156,117,187,88,99,43,36,7,1,0,1,6,1,5,36,31,5
TYLER COUNTY,457,37 Years,267,161,106,178,94,84,44,34,10,0,0,0,7,5,2,38,28,10
TYLER COUNTY,457,38 Years,269,169,100,191,106,85,41,32,9,0,0,0,2,2,0,35,29,6
TYLER COUNTY,457,39 Years,253,150,103,191,102,89,33,25,8,2,0,2,3,3,0,24,20,4
TYLER COUNTY,457,40 Years,261,168,93,195,111,84,37,33,4,0,0,0,2,2,0,27,22,5
TYLER COUNTY,457,41 Years,260,159,101,191,101,90,44,37,7,1,1,0,2,2,0,22,18,4
TYLER COUNTY,457,42 Years,248,144,104,192,103,89,34,23,11,0,0,0,4,3,1,18,15,3
TYLER COUNTY,457,43 Years,226,133,93,177,98,79,28,19,9,0,0,0,4,3,1,17,13,4
TYLER COUNTY,457,44 Years,235,130,105,188,96,92,24,18,6,2,1,1,5,3,2,16,12,4
TYLER COUNTY,457,45 Years,240,139,101,184,101,83,27,18,9,2,1,1,4,2,2,23,17,6
TYLER COUNTY,457,46 Years,233,133,100,186,100,86,25,16,9,2,1,1,3,2,1,17,14,3
TYLER COUNTY,457,47 Years,250,144,106,204,111,93,25,18,7,1,1,0,7,3,4,13,11,2
TYLER COUNTY,457,48 Years,248,136,112,204,104,100,20,15,5,0,0,0,5,2,3,19,15,4
TYLER COUNTY,457,49 Years,249,124,125,208,95,113,21,14,7,1,0,1,5,4,1,14,11,3
TYLER COUNTY,457,50 Years,270,133,137,228,107,121,24,15,9,1,0,1,2,1,1,15,10,5
TYLER COUNTY,457,51 Years,275,144,131,233,118,115,28,15,13,1,1,0,2,1,1,11,9,2
TYLER COUNTY,457,52 Years,277,140,137,225,110,115,31,12,19,1,1,0,2,1,1,18,16,2
TYLER COUNTY,457,53 Years,283,146,137,235,117,118,25,14,11,0,0,0,3,0,3,20,15,5
TYLER COUNTY,457,54 Years,261,137,124,219,112,107,22,12,10,0,0,0,6,3,3,14,10,4
TYLER COUNTY,457,55 Years,288,142,146,252,125,127,24,11,13,0,0,0,4,1,3,8,5,3
TYLER COUNTY,457,56 Years,302,140,162,266,122,144,26,12,14,1,0,1,2,2,0,7,4,3
TYLER COUNTY,457,57 Years,317,140,177,280,127,153,30,10,20,2,0,2,2,0,2,3,3,0
TYLER COUNTY,457,58 Years,307,145,162,267,130,137,25,10,15,1,0,1,4,1,3,10,4,6
TYLER COUNTY,457,59 Years,312,155,157,276,139,137,24,11,13,1,0,1,1,0,1,10,5,5
TYLER COUNTY,457,60 Years,308,168,140,272,152,120,25,11,14,1,0,1,1,0,1,9,5,4
TYLER COUNTY,457,61 Years,290,147,143,252,131,121,26,10,16,2,1,1,2,1,1,8,4,4
TYLER COUNTY,457,62 Years,309,147,162,276,134,142,24,9,15,1,1,0,4,0,4,4,3,1
TYLER COUNTY,457,63 Years,319,155,164,287,136,151,21,11,10,1,1,0,5,2,3,5,5,0
TYLER COUNTY,457,64 Years,315,157,158,278,138,140,20,9,11,2,1,1,6,4,2,9,5,4
TYLER COUNTY,457,65 Years,318,168,150,290,154,136,16,7,9,1,1,0,2,1,1,9,5,4
TYLER COUNTY,457,66 Years,298,146,152,267,133,134,19,6,13,1,1,0,6,3,3,5,3,2
TYLER COUNTY,457,67 Years,299,148,151,266,133,133,22,8,14,1,1,0,4,2,2,6,4,2
TYLER COUNTY,457,68 Years,272,129,143,242,115,127,20,9,11,1,1,0,2,1,1,7,3,4
TYLER COUNTY,457,69 Years,255,111,144,234,102,132,15,6,9,0,0,0,3,2,1,3,1,2
TYLER COUNTY,457,70 Years,270,119,151,249,111,138,17,6,11,0,0,0,4,2,2,0,0,0
TYLER COUNTY,457,71 Years,290,139,151,269,127,142,16,9,7,0,0,0,3,2,1,2,1,1
TYLER COUNTY,457,72 Years,239,107,132,215,97,118,14,4,10,0,0,0,5,3,2,5,3,2
TYLER COUNTY,457,73 Years,238,119,119,214,108,106,13,4,9,2,0,2,2,2,0,7,5,2
TYLER COUNTY,457,74 Years,248,117,131,228,111,117,14,3,11,2,1,1,2,0,2,2,2,0
TYLER COUNTY,457,75 Years,232,106,126,216,98,118,11,5,6,0,0,0,2,1,1,3,2,1
TYLER COUNTY,457,76 Years,223,105,118,206,96,110,12,6,6,0,0,0,3,2,1,2,1,1
TYLER COUNTY,457,77 Years,192,88,104,170,76,94,16,8,8,0,0,0,2,2,0,4,2,2
TYLER COUNTY,457,78 Years,180,84,96,159,72,87,15,8,7,1,1,0,2,1,1,3,2,1
TYLER COUNTY,457,79 Years,146,71,75,126,63,63,15,6,9,0,0,0,1,0,1,4,2,2
TYLER COUNTY,457,80 Years,139,63,76,119,56,63,15,5,10,0,0,0,2,1,1,3,1,2
TYLER COUNTY,457,81 Years,138,58,80,117,48,69,14,5,9,1,0,1,2,2,0,4,3,1
TYLER COUNTY,457,82 Years,134,63,71,115,54,61,13,5,8,0,0,0,3,2,1,3,2,1
TYLER COUNTY,457,83 Years,141,63,78,122,53,69,12,5,7,0,0,0,4,3,1,3,2,1
TYLER COUNTY,457,84 Years,114,53,61,97,44,53,12,5,7,0,0,0,1,1,0,4,3,1
TYLER COUNTY,457,85 Years,96,38,58,83,35,48,10,3,7,0,0,0,1,0,1,2,0,2
TYLER COUNTY,457,86 Years,90,40,50,81,35,46,6,3,3,0,0,0,2,1,1,1,1,0
TYLER COUNTY,457,87 Years,69,33,36,63,29,34,4,3,1,0,0,0,1,0,1,1,1,0
TYLER COUNTY,457,88 Years,65,25,40,56,21,35,7,3,4,0,0,0,0,0,0,2,1,1
TYLER COUNTY,457,89 Years,55,18,37,47,15,32,7,3,4,0,0,0,0,0,0,1,0,1
TYLER COUNTY,457,90 Years,43,19,24,38,16,22,4,3,1,0,0,0,0,0,0,1,0,1
TYLER COUNTY,457,91 Years,35,16,19,30,13,17,2,2,0,0,0,0,2,1,1,1,0,1
TYLER COUNTY,457,92 Years,32,11,21,27,10,17,3,1,2,0,0,0,1,0,1,1,0,1
TYLER COUNTY,457,93 Years,24,9,15,19,7,12,4,2,2,0,0,0,0,0,0,1,0,1
TYLER COUNTY,457,94 Years,16,3,13,12,2,10,3,1,2,0,0,0,0,0,0,1,0,1
TYLER COUNTY,457,95 Years +,41,10,31,31,7,24,7,1,6,0,0,0,1,0,1,2,2,0
UPSHUR COUNTY,459,All Ages,41066,20445,20621,32587,16225,16362,3256,1571,1685,166,75,91,1149,589,560,3908,1985,1923
UPSHUR COUNTY,459,< 1 Year,450,229,221,312,159,153,22,11,11,3,2,1,27,14,13,86,43,43
UPSHUR COUNTY,459,1 Years,455,225,230,306,155,151,23,11,12,3,2,1,35,16,19,88,41,47
UPSHUR COUNTY,459,2 Years,461,231,230,315,158,157,22,12,10,2,1,1,27,14,13,95,46,49
UPSHUR COUNTY,459,3 Years,469,236,233,317,158,159,23,12,11,2,1,1,36,21,15,91,44,47
UPSHUR COUNTY,459,4 Years,470,242,228,317,162,155,25,13,12,3,2,1,35,20,15,90,45,45
UPSHUR COUNTY,459,5 Years,477,251,226,323,166,157,24,14,10,3,2,1,36,21,15,91,48,43
UPSHUR COUNTY,459,6 Years,480,247,233,327,169,158,27,15,12,3,1,2,28,13,15,95,49,46
UPSHUR COUNTY,459,7 Years,492,255,237,336,173,163,27,15,12,3,1,2,29,15,14,97,51,46
UPSHUR COUNTY,459,8 Years,453,218,235,304,151,153,26,11,15,3,0,3,27,12,15,93,44,49
UPSHUR COUNTY,459,9 Years,504,254,250,353,187,166,37,15,22,2,1,1,23,10,13,89,41,48
UPSHUR COUNTY,459,10 Years,529,295,234,380,219,161,39,20,19,1,1,0,19,10,9,90,45,45
UPSHUR COUNTY,459,11 Years,586,329,257,428,243,185,42,27,15,1,1,0,22,13,9,93,45,48
UPSHUR COUNTY,459,12 Years,572,315,257,413,236,177,34,18,16,2,0,2,25,13,12,98,48,50
UPSHUR COUNTY,459,13 Years,553,294,259,404,219,185,35,17,18,6,1,5,22,13,9,86,44,42
UPSHUR COUNTY,459,14 Years,526,290,236,399,229,170,40,19,21,5,2,3,16,7,9,66,33,33
UPSHUR COUNTY,459,15 Years,544,313,231,386,227,159,53,32,21,4,1,3,26,15,11,75,38,37
UPSHUR COUNTY,459,16 Years,563,306,257,402,218,184,57,32,25,4,2,2,21,13,8,79,41,38
UPSHUR COUNTY,459,17 Years,543,290,253,392,217,175,53,30,23,3,1,2,25,12,13,70,30,40
UPSHUR COUNTY,459,18 Years,520,273,247,380,211,169,55,26,29,1,1,0,25,12,13,59,23,36
UPSHUR COUNTY,459,19 Years,450,239,211,314,173,141,44,20,24,1,0,1,26,14,12,65,32,33
UPSHUR COUNTY,459,20 Years,430,234,196,299,164,135,46,24,22,0,0,0,20,12,8,65,34,31
UPSHUR COUNTY,459,21 Years,452,239,213,309,165,144,48,28,20,1,0,1,21,10,11,73,36,37
UPSHUR COUNTY,459,22 Years,436,232,204,310,158,152,44,24,20,1,0,1,19,8,11,62,42,20
UPSHUR COUNTY,459,23 Years,474,238,236,340,166,174,49,28,21,1,0,1,26,12,14,58,32,26
UPSHUR COUNTY,459,24 Years,513,268,245,368,187,181,48,30,18,4,2,2,24,10,14,69,39,30
UPSHUR COUNTY,459,25 Years,539,266,273,400,189,211,62,36,26,3,2,1,13,5,8,61,34,27
UPSHUR COUNTY,459,26 Years,554,285,269,411,205,206,69,41,28,1,1,0,11,5,6,62,33,29
UPSHUR COUNTY,459,27 Years,553,283,270,425,215,210,54,26,28,1,0,1,13,9,4,60,33,27
UPSHUR COUNTY,459,28 Years,582,276,306,464,223,241,53,21,32,2,2,0,14,9,5,49,21,28
UPSHUR COUNTY,459,29 Years,576,282,294,455,223,232,46,20,26,3,2,1,8,4,4,64,33,31
UPSHUR COUNTY,459,30 Years,490,238,252,396,189,207,32,16,16,1,1,0,6,4,2,55,28,27
UPSHUR COUNTY,459,31 Years,449,224,225,365,183,182,33,19,14,0,0,0,5,2,3,46,20,26
UPSHUR COUNTY,459,32 Years,448,220,228,360,182,178,42,17,25,1,1,0,7,3,4,38,17,21
UPSHUR COUNTY,459,33 Years,426,207,219,337,166,171,33,13,20,3,1,2,3,2,1,50,25,25
UPSHUR COUNTY,459,34 Years,439,220,219,347,171,176,32,18,14,0,0,0,5,4,1,55,27,28
UPSHUR COUNTY,459,35 Years,492,229,263,394,183,211,34,13,21,3,0,3,6,4,2,55,29,26
UPSHUR COUNTY,459,36 Years,501,248,253,391,190,201,35,11,24,1,1,0,8,4,4,66,42,24
UPSHUR COUNTY,459,37 Years,485,235,250,375,177,198,39,20,19,4,2,2,9,4,5,58,32,26
UPSHUR COUNTY,459,38 Years,496,236,260,392,184,208,39,21,18,5,4,1,5,2,3,55,25,30
UPSHUR COUNTY,459,39 Years,471,234,237,371,177,194,37,20,17,2,1,1,5,3,2,56,33,23
UPSHUR COUNTY,459,40 Years,446,214,232,355,164,191,34,19,15,2,2,0,5,3,2,50,26,24
UPSHUR COUNTY,459,41 Years,457,224,233,366,184,182,34,16,18,2,2,0,8,3,5,47,19,28
UPSHUR COUNTY,459,42 Years,481,238,243,384,191,193,37,17,20,2,1,1,17,9,8,41,20,21
UPSHUR COUNTY,459,43 Years,445,223,222,357,180,177,31,17,14,2,1,1,11,6,5,44,19,25
UPSHUR COUNTY,459,44 Years,436,229,207,352,176,176,29,18,11,2,2,0,10,8,2,43,25,18
UPSHUR COUNTY,459,45 Years,444,228,216,372,190,182,29,17,12,1,1,0,10,6,4,32,14,18
UPSHUR COUNTY,459,46 Years,519,256,263,433,214,219,31,11,20,1,0,1,10,5,5,44,26,18
UPSHUR COUNTY,459,47 Years,509,266,243,415,215,200,36,15,21,3,2,1,11,5,6,44,29,15
UPSHUR COUNTY,459,48 Years,499,252,247,411,206,205,38,18,20,3,1,2,6,2,4,41,25,16
UPSHUR COUNTY,459,49 Years,508,251,257,419,209,210,37,16,21,2,0,2,7,1,6,43,25,18
UPSHUR COUNTY,459,50 Years,523,262,261,422,212,210,45,22,23,2,1,1,8,2,6,46,25,21
UPSHUR COUNTY,459,51 Years,489,235,254,398,192,206,41,19,22,1,0,1,10,6,4,39,18,21
UPSHUR COUNTY,459,52 Years,488,244,244,408,211,197,39,17,22,1,0,1,8,5,3,32,11,21
UPSHUR COUNTY,459,53 Years,559,268,291,466,218,248,47,21,26,1,0,1,9,4,5,36,25,11
UPSHUR COUNTY,459,54 Years,586,274,312,490,231,259,49,19,30,4,3,1,10,4,6,33,17,16
UPSHUR COUNTY,459,55 Years,637,301,336,535,260,275,52,23,29,3,1,2,8,5,3,39,12,27
UPSHUR COUNTY,459,56 Years,630,308,322,519,254,265,61,32,29,1,1,0,11,7,4,38,14,24
UPSHUR COUNTY,459,57 Years,598,296,302,508,246,262,54,29,25,2,1,1,11,7,4,23,13,10
UPSHUR COUNTY,459,58 Years,610,288,322,527,247,280,49,19,30,2,1,1,7,2,5,25,19,6
UPSHUR COUNTY,459,59 Years,625,313,312,539,266,273,46,21,25,3,2,1,13,7,6,24,17,7
UPSHUR COUNTY,459,60 Years,601,298,303,516,260,256,46,20,26,4,2,2,13,5,8,22,11,11
UPSHUR COUNTY,459,61 Years,597,283,314,510,244,266,49,21,28,3,0,3,12,7,5,23,11,12
UPSHUR COUNTY,459,62 Years,601,296,305,521,258,263,46,23,23,2,1,1,7,5,2,25,9,16
UPSHUR COUNTY,459,63 Years,600,303,297,506,259,247,55,26,29,4,1,3,12,6,6,23,11,12
UPSHUR COUNTY,459,64 Years,538,250,288,457,215,242,50,20,30,3,1,2,12,7,5,16,7,9
UPSHUR COUNTY,459,65 Years,522,247,275,448,210,238,49,25,24,1,0,1,11,7,4,13,5,8
UPSHUR COUNTY,459,66 Years,508,247,261,449,217,232,36,18,18,3,2,1,8,5,3,12,5,7
UPSHUR COUNTY,459,67 Years,497,250,247,427,216,211,43,22,21,1,0,1,12,3,9,14,9,5
UPSHUR COUNTY,459,68 Years,479,227,252,423,202,221,35,15,20,0,0,0,9,3,6,12,7,5
UPSHUR COUNTY,459,69 Years,448,204,244,393,183,210,34,14,20,1,0,1,9,2,7,11,5,6
UPSHUR COUNTY,459,70 Years,468,233,235,405,200,205,42,22,20,0,0,0,8,5,3,13,6,7
UPSHUR COUNTY,459,71 Years,469,227,242,415,202,213,34,14,20,1,0,1,7,5,2,12,6,6
UPSHUR COUNTY,459,72 Years,359,173,186,313,153,160,28,10,18,0,0,0,9,5,4,9,5,4
UPSHUR COUNTY,459,73 Years,355,170,185,325,157,168,20,9,11,0,0,0,5,1,4,5,3,2
UPSHUR COUNTY,459,74 Years,365,168,197,317,152,165,31,9,22,1,0,1,8,3,5,8,4,4
UPSHUR COUNTY,459,75 Years,350,166,184,311,151,160,26,9,17,0,0,0,6,3,3,7,3,4
UPSHUR COUNTY,459,76 Years,313,145,168,283,133,150,20,7,13,0,0,0,5,2,3,5,3,2
UPSHUR COUNTY,459,77 Years,290,131,159,255,113,142,23,11,12,1,0,1,3,2,1,8,5,3
UPSHUR COUNTY,459,78 Years,250,112,138,221,100,121,18,6,12,1,0,1,5,3,2,5,3,2
UPSHUR COUNTY,459,79 Years,245,106,139,210,90,120,21,10,11,1,0,1,4,1,3,9,5,4
UPSHUR COUNTY,459,80 Years,241,107,134,212,94,118,18,8,10,0,0,0,4,3,1,7,2,5
UPSHUR COUNTY,459,81 Years,209,104,105,186,92,94,13,5,8,1,1,0,4,3,1,5,3,2
UPSHUR COUNTY,459,82 Years,186,88,98,168,79,89,13,5,8,1,1,0,3,2,1,1,1,0
UPSHUR COUNTY,459,83 Years,175,79,96,157,72,85,11,4,7,0,0,0,3,2,1,4,1,3
UPSHUR COUNTY,459,84 Years,144,72,72,126,65,61,11,4,7,1,0,1,4,3,1,2,0,2
UPSHUR COUNTY,459,85 Years,137,61,76,124,55,69,9,3,6,1,1,0,2,1,1,1,1,0
UPSHUR COUNTY,459,86 Years,133,57,76,118,49,69,9,4,5,0,0,0,3,2,1,3,2,1
UPSHUR COUNTY,459,87 Years,114,49,65,101,42,59,9,4,5,0,0,0,2,1,1,2,2,0
UPSHUR COUNTY,459,88 Years,96,45,51,85,40,45,9,4,5,0,0,0,1,0,1,1,1,0
UPSHUR COUNTY,459,89 Years,86,38,48,74,35,39,7,2,5,1,0,1,1,0,1,3,1,2
UPSHUR COUNTY,459,90 Years,71,32,39,59,27,32,7,3,4,0,0,0,3,1,2,2,1,1
UPSHUR COUNTY,459,91 Years,53,22,31,44,20,24,5,1,4,0,0,0,1,0,1,3,1,2
UPSHUR COUNTY,459,92 Years,43,17,26,34,14,20,5,2,3,0,0,0,1,0,1,3,1,2
UPSHUR COUNTY,459,93 Years,38,14,24,32,12,20,5,2,3,1,0,1,0,0,0,0,0,0
UPSHUR COUNTY,459,94 Years,29,10,19,23,8,15,5,2,3,0,0,0,1,0,1,0,0,0
UPSHUR COUNTY,459,95 Years +,64,18,46,46,13,33,12,5,7,1,0,1,3,0,3,2,0,2
UPTON COUNTY,461,All Ages,3706,1884,1822,1541,789,752,49,21,28,0,0,0,56,26,30,2060,1048,1012
UPTON COUNTY,461,< 1 Year,44,20,24,9,5,4,0,0,0,0,0,0,0,0,0,35,15,20
UPTON COUNTY,461,1 Years,46,19,27,7,3,4,0,0,0,0,0,0,0,0,0,39,16,23
UPTON COUNTY,461,2 Years,56,26,30,11,5,6,0,0,0,0,0,0,0,0,0,45,21,24
UPTON COUNTY,461,3 Years,53,24,29,9,4,5,0,0,0,0,0,0,0,0,0,44,20,24
UPTON COUNTY,461,4 Years,52,26,26,10,5,5,0,0,0,0,0,0,2,1,1,40,20,20
UPTON COUNTY,461,5 Years,51,25,26,11,6,5,0,0,0,0,0,0,0,0,0,40,19,21
UPTON COUNTY,461,6 Years,54,28,26,12,8,4,0,0,0,0,0,0,0,0,0,42,20,22
UPTON COUNTY,461,7 Years,46,24,22,9,7,2,0,0,0,0,0,0,2,1,1,35,16,19
UPTON COUNTY,461,8 Years,46,18,28,9,4,5,0,0,0,0,0,0,1,1,0,36,13,23
UPTON COUNTY,461,9 Years,63,21,42,11,4,7,0,0,0,0,0,0,1,0,1,51,17,34
UPTON COUNTY,461,10 Years,58,28,30,13,7,6,1,0,1,0,0,0,1,0,1,43,21,22
UPTON COUNTY,461,11 Years,49,23,26,16,8,8,1,0,1,0,0,0,1,0,1,31,15,16
UPTON COUNTY,461,12 Years,46,21,25,15,8,7,1,0,1,0,0,0,1,0,1,29,13,16
UPTON COUNTY,461,13 Years,58,28,30,18,8,10,0,0,0,0,0,0,3,1,2,37,19,18
UPTON COUNTY,461,14 Years,71,42,29,25,11,14,2,0,2,0,0,0,1,0,1,43,31,12
UPTON COUNTY,461,15 Years,70,32,38,22,11,11,1,0,1,0,0,0,2,0,2,45,21,24
UPTON COUNTY,461,16 Years,61,26,35,22,10,12,0,0,0,0,0,0,1,0,1,38,16,22
UPTON COUNTY,461,17 Years,56,27,29,14,8,6,2,1,1,0,0,0,2,0,2,38,18,20
UPTON COUNTY,461,18 Years,46,28,18,17,10,7,1,1,0,0,0,0,2,2,0,26,15,11
UPTON COUNTY,461,19 Years,41,23,18,16,8,8,2,0,2,0,0,0,0,0,0,23,15,8
UPTON COUNTY,461,20 Years,53,36,17,20,12,8,1,0,1,0,0,0,1,1,0,31,23,8
UPTON COUNTY,461,21 Years,54,29,25,20,9,11,0,0,0,0,0,0,1,1,0,33,19,14
UPTON COUNTY,461,22 Years,40,21,19,17,8,9,0,0,0,0,0,0,0,0,0,23,13,10
UPTON COUNTY,461,23 Years,48,29,19,28,18,10,1,1,0,0,0,0,0,0,0,19,10,9
UPTON COUNTY,461,24 Years,43,26,17,20,11,9,0,0,0,0,0,0,0,0,0,23,15,8
UPTON COUNTY,461,25 Years,44,28,16,19,12,7,0,0,0,0,0,0,0,0,0,25,16,9
UPTON COUNTY,461,26 Years,55,32,23,18,12,6,0,0,0,0,0,0,2,1,1,35,19,16
UPTON COUNTY,461,27 Years,52,27,25,14,9,5,0,0,0,0,0,0,1,1,0,37,17,20
UPTON COUNTY,461,28 Years,51,27,24,13,8,5,0,0,0,0,0,0,0,0,0,38,19,19
UPTON COUNTY,461,29 Years,36,20,16,10,6,4,0,0,0,0,0,0,0,0,0,26,14,12
UPTON COUNTY,461,30 Years,29,12,17,9,3,6,0,0,0,0,0,0,2,2,0,18,7,11
UPTON COUNTY,461,31 Years,35,16,19,10,4,6,0,0,0,0,0,0,1,1,0,24,11,13
UPTON COUNTY,461,32 Years,40,22,18,12,8,4,0,0,0,0,0,0,1,0,1,27,14,13
UPTON COUNTY,461,33 Years,42,18,24,19,6,13,0,0,0,0,0,0,1,0,1,22,12,10
UPTON COUNTY,461,34 Years,42,25,17,14,5,9,2,2,0,0,0,0,0,0,0,26,18,8
UPTON COUNTY,461,35 Years,51,36,15,14,8,6,0,0,0,0,0,0,0,0,0,37,28,9
UPTON COUNTY,461,36 Years,48,27,21,17,9,8,1,1,0,0,0,0,2,1,1,28,16,12
UPTON COUNTY,461,37 Years,40,15,25,15,6,9,1,0,1,0,0,0,1,0,1,23,9,14
UPTON COUNTY,461,38 Years,47,20,27,23,10,13,1,0,1,0,0,0,0,0,0,23,10,13
UPTON COUNTY,461,39 Years,43,22,21,22,11,11,0,0,0,0,0,0,0,0,0,21,11,10
UPTON COUNTY,461,40 Years,52,29,23,25,12,13,0,0,0,0,0,0,1,1,0,26,16,10
UPTON COUNTY,461,41 Years,44,25,19,13,8,5,0,0,0,0,0,0,2,0,2,29,17,12
UPTON COUNTY,461,42 Years,52,29,23,17,9,8,2,1,1,0,0,0,1,0,1,32,19,13
UPTON COUNTY,461,43 Years,41,26,15,15,9,6,0,0,0,0,0,0,0,0,0,26,17,9
UPTON COUNTY,461,44 Years,37,23,14,15,7,8,0,0,0,0,0,0,1,0,1,21,16,5
UPTON COUNTY,461,45 Years,34,14,20,14,7,7,0,0,0,0,0,0,0,0,0,20,7,13
UPTON COUNTY,461,46 Years,31,14,17,15,9,6,0,0,0,0,0,0,0,0,0,16,5,11
UPTON COUNTY,461,47 Years,41,22,19,18,7,11,0,0,0,0,0,0,0,0,0,23,15,8
UPTON COUNTY,461,48 Years,35,17,18,17,7,10,0,0,0,0,0,0,0,0,0,18,10,8
UPTON COUNTY,461,49 Years,32,13,19,12,5,7,2,1,1,0,0,0,0,0,0,18,7,11
UPTON COUNTY,461,50 Years,28,12,16,12,5,7,1,0,1,0,0,0,0,0,0,15,7,8
UPTON COUNTY,461,51 Years,37,18,19,17,9,8,0,0,0,0,0,0,1,0,1,19,9,10
UPTON COUNTY,461,52 Years,43,24,19,25,14,11,1,1,0,0,0,0,0,0,0,17,9,8
UPTON COUNTY,461,53 Years,32,16,16,17,10,7,0,0,0,0,0,0,0,0,0,15,6,9
UPTON COUNTY,461,54 Years,44,22,22,25,15,10,0,0,0,0,0,0,0,0,0,19,7,12
UPTON COUNTY,461,55 Years,32,13,19,18,6,12,1,1,0,0,0,0,0,0,0,13,6,7
UPTON COUNTY,461,56 Years,35,16,19,21,8,13,1,1,0,0,0,0,0,0,0,13,7,6
UPTON COUNTY,461,57 Years,39,21,18,21,11,10,0,0,0,0,0,0,1,0,1,17,10,7
UPTON COUNTY,461,58 Years,51,27,24,26,16,10,0,0,0,0,0,0,0,0,0,25,11,14
UPTON COUNTY,461,59 Years,56,32,24,32,20,12,1,1,0,0,0,0,0,0,0,23,11,12
UPTON COUNTY,461,60 Years,63,36,27,38,22,16,1,0,1,0,0,0,1,1,0,23,13,10
UPTON COUNTY,461,61 Years,55,28,27,33,15,18,2,2,0,0,0,0,0,0,0,20,11,9
UPTON COUNTY,461,62 Years,55,29,26,35,18,17,2,1,1,0,0,0,0,0,0,18,10,8
UPTON COUNTY,461,63 Years,50,26,24,30,16,14,3,2,1,0,0,0,1,0,1,16,8,8
UPTON COUNTY,461,64 Years,47,23,24,27,13,14,1,1,0,0,0,0,1,0,1,18,9,9
UPTON COUNTY,461,65 Years,45,25,20,23,14,9,1,1,0,0,0,0,1,1,0,20,9,11
UPTON COUNTY,461,66 Years,36,16,20,20,11,9,0,0,0,0,0,0,0,0,0,16,5,11
UPTON COUNTY,461,67 Years,29,8,21,14,4,10,3,0,3,0,0,0,0,0,0,12,4,8
UPTON COUNTY,461,68 Years,35,16,19,14,7,7,1,0,1,0,0,0,0,0,0,20,9,11
UPTON COUNTY,461,69 Years,37,18,19,20,12,8,0,0,0,0,0,0,1,1,0,16,5,11
UPTON COUNTY,461,70 Years,35,19,16,22,11,11,0,0,0,0,0,0,1,0,1,12,8,4
UPTON COUNTY,461,71 Years,39,22,17,24,11,13,0,0,0,0,0,0,2,2,0,13,9,4
UPTON COUNTY,461,72 Years,27,13,14,17,7,10,1,0,1,0,0,0,1,1,0,8,5,3
UPTON COUNTY,461,73 Years,25,15,10,20,12,8,0,0,0,0,0,0,1,1,0,4,2,2
UPTON COUNTY,461,74 Years,29,18,11,16,12,4,0,0,0,0,0,0,0,0,0,13,6,7
UPTON COUNTY,461,75 Years,27,15,12,15,8,7,0,0,0,0,0,0,0,0,0,12,7,5
UPTON COUNTY,461,76 Years,28,14,14,18,8,10,0,0,0,0,0,0,1,1,0,9,5,4
UPTON COUNTY,461,77 Years,25,13,12,15,8,7,0,0,0,0,0,0,0,0,0,10,5,5
UPTON COUNTY,461,78 Years,23,12,11,16,9,7,0,0,0,0,0,0,0,0,0,7,3,4
UPTON COUNTY,461,79 Years,22,12,10,16,9,7,0,0,0,0,0,0,0,0,0,6,3,3
UPTON COUNTY,461,80 Years,24,14,10,13,6,7,0,0,0,0,0,0,2,2,0,9,6,3
UPTON COUNTY,461,81 Years,24,11,13,14,5,9,0,0,0,0,0,0,1,0,1,9,6,3
UPTON COUNTY,461,82 Years,16,6,10,11,3,8,0,0,0,0,0,0,1,0,1,4,3,1
UPTON COUNTY,461,83 Years,17,7,10,12,5,7,1,0,1,0,0,0,0,0,0,4,2,2
UPTON COUNTY,461,84 Years,18,8,10,12,5,7,0,0,0,0,0,0,1,1,0,5,2,3
UPTON COUNTY,461,85 Years,17,8,9,8,5,3,0,0,0,0,0,0,0,0,0,9,3,6
UPTON COUNTY,461,86 Years,14,5,9,7,3,4,0,0,0,0,0,0,0,0,0,7,2,5
UPTON COUNTY,461,87 Years,12,5,7,8,3,5,0,0,0,0,0,0,0,0,0,4,2,2
UPTON COUNTY,461,88 Years,10,6,4,5,3,2,1,1,0,0,0,0,0,0,0,4,2,2
UPTON COUNTY,461,89 Years,12,4,8,4,2,2,2,1,1,0,0,0,0,0,0,6,1,5
UPTON COUNTY,461,90 Years,10,4,6,5,3,2,1,0,1,0,0,0,0,0,0,4,1,3
UPTON COUNTY,461,91 Years,9,4,5,4,2,2,0,0,0,0,0,0,0,0,0,5,2,3
UPTON COUNTY,461,92 Years,9,5,4,5,2,3,1,0,1,0,0,0,0,0,0,3,3,0
UPTON COUNTY,461,93 Years,9,4,5,4,2,2,1,0,1,0,0,0,0,0,0,4,2,2
UPTON COUNTY,461,94 Years,5,2,3,4,2,2,0,0,0,0,0,0,0,0,0,1,0,1
UPTON COUNTY,461,95 Years +,12,3,9,7,2,5,0,0,0,0,0,0,0,0,0,5,1,4
UVALDE COUNTY,463,All Ages,27768,13626,14142,7091,3513,3578,124,79,45,124,58,66,263,134,129,20166,9842,10324
UVALDE COUNTY,463,< 1 Year,365,184,181,51,27,24,0,0,0,0,0,0,7,4,3,307,153,154
UVALDE COUNTY,463,1 Years,360,176,184,52,27,25,2,1,1,1,0,1,6,2,4,299,146,153
UVALDE COUNTY,463,2 Years,374,180,194,53,26,27,1,1,0,1,0,1,7,2,5,312,151,161
UVALDE COUNTY,463,3 Years,379,186,193,56,27,29,1,0,1,1,1,0,7,3,4,314,155,159
UVALDE COUNTY,463,4 Years,390,198,192,58,25,33,1,1,0,0,0,0,6,3,3,325,169,156
UVALDE COUNTY,463,5 Years,376,191,185,63,26,37,1,1,0,1,0,1,6,4,2,305,160,145
UVALDE COUNTY,463,6 Years,371,181,190,61,26,35,1,1,0,2,1,1,6,2,4,301,151,150
UVALDE COUNTY,463,7 Years,366,165,201,59,27,32,1,1,0,2,1,1,7,3,4,297,133,164
UVALDE COUNTY,463,8 Years,358,166,192,52,24,28,1,0,1,0,0,0,7,4,3,298,138,160
UVALDE COUNTY,463,9 Years,394,193,201,53,23,30,2,1,1,1,0,1,4,3,1,334,166,168
UVALDE COUNTY,463,10 Years,375,182,193,54,23,31,2,1,1,0,0,0,3,3,0,316,155,161
UVALDE COUNTY,463,11 Years,426,210,216,69,37,32,1,0,1,0,0,0,7,3,4,349,170,179
UVALDE COUNTY,463,12 Years,426,222,204,67,38,29,4,1,3,1,1,0,4,2,2,350,180,170
UVALDE COUNTY,463,13 Years,406,194,212,71,31,40,2,1,1,1,1,0,4,2,2,328,159,169
UVALDE COUNTY,463,14 Years,423,217,206,73,30,43,1,0,1,2,0,2,6,3,3,341,184,157
UVALDE COUNTY,463,15 Years,405,197,208,64,30,34,3,3,0,3,0,3,3,1,2,332,163,169
UVALDE COUNTY,463,16 Years,409,196,213,61,29,32,2,2,0,3,2,1,5,2,3,338,161,177
UVALDE COUNTY,463,17 Years,439,205,234,59,31,28,1,0,1,3,1,2,9,3,6,367,170,197
UVALDE COUNTY,463,18 Years,458,211,247,56,29,27,2,0,2,1,1,0,5,2,3,394,179,215
UVALDE COUNTY,463,19 Years,453,231,222,79,51,28,3,2,1,1,0,1,6,3,3,364,175,189
UVALDE COUNTY,463,20 Years,442,207,235,72,37,35,4,3,1,2,1,1,2,1,1,362,165,197
UVALDE COUNTY,463,21 Years,428,224,204,61,39,22,3,1,2,2,1,1,1,1,0,361,182,179
UVALDE COUNTY,463,22 Years,459,214,245,69,40,29,3,0,3,3,2,1,2,1,1,382,171,211
UVALDE COUNTY,463,23 Years,451,208,243,68,34,34,1,0,1,3,1,2,9,3,6,370,170,200
UVALDE COUNTY,463,24 Years,481,232,249,105,57,48,2,1,1,3,0,3,6,2,4,365,172,193
UVALDE COUNTY,463,25 Years,534,269,265,125,61,64,2,2,0,3,2,1,4,1,3,400,203,197
UVALDE COUNTY,463,26 Years,568,284,284,135,65,70,3,2,1,5,2,3,3,3,0,422,212,210
UVALDE COUNTY,463,27 Years,524,273,251,103,51,52,6,5,1,2,0,2,8,3,5,405,214,191
UVALDE COUNTY,463,28 Years,475,262,213,102,56,46,3,2,1,1,1,0,6,3,3,363,200,163
UVALDE COUNTY,463,29 Years,408,219,189,80,43,37,2,1,1,1,1,0,4,3,1,321,171,150
UVALDE COUNTY,463,30 Years,350,183,167,83,47,36,1,1,0,2,2,0,2,2,0,262,131,131
UVALDE COUNTY,463,31 Years,300,177,123,68,39,29,3,3,0,0,0,0,2,1,1,227,134,93
UVALDE COUNTY,463,32 Years,324,185,139,80,46,34,1,1,0,0,0,0,2,1,1,241,137,104
UVALDE COUNTY,463,33 Years,334,187,147,79,42,37,2,1,1,1,1,0,2,1,1,250,142,108
UVALDE COUNTY,463,34 Years,325,175,150,69,37,32,3,1,2,1,1,0,3,3,0,249,133,116
UVALDE COUNTY,463,35 Years,298,159,139,65,29,36,4,3,1,1,0,1,1,1,0,227,126,101
UVALDE COUNTY,463,36 Years,279,137,142,67,33,34,3,2,1,1,0,1,0,0,0,208,102,106
UVALDE COUNTY,463,37 Years,271,138,133,81,39,42,0,0,0,0,0,0,3,2,1,187,97,90
UVALDE COUNTY,463,38 Years,306,158,148,79,40,39,1,0,1,1,0,1,2,0,2,223,118,105
UVALDE COUNTY,463,39 Years,318,163,155,73,38,35,2,2,0,1,1,0,5,1,4,237,121,116
UVALDE COUNTY,463,40 Years,304,157,147,75,39,36,2,2,0,1,1,0,5,4,1,221,111,110
UVALDE COUNTY,463,41 Years,290,149,141,65,31,34,2,2,0,4,1,3,2,2,0,217,113,104
UVALDE COUNTY,463,42 Years,304,149,155,55,24,31,2,2,0,2,1,1,2,1,1,243,121,122
UVALDE COUNTY,463,43 Years,288,142,146,61,32,29,2,2,0,2,1,1,1,0,1,222,107,115
UVALDE COUNTY,463,44 Years,285,144,141,69,33,36,3,3,0,1,0,1,1,0,1,211,108,103
UVALDE COUNTY,463,45 Years,296,143,153,68,29,39,2,1,1,1,0,1,1,1,0,224,112,112
UVALDE COUNTY,463,46 Years,282,132,150,73,34,39,0,0,0,2,1,1,0,0,0,207,97,110
UVALDE COUNTY,463,47 Years,300,140,160,79,39,40,0,0,0,2,2,0,2,1,1,217,98,119
UVALDE COUNTY,463,48 Years,304,151,153,81,44,37,3,1,2,3,1,2,3,2,1,214,103,111
UVALDE COUNTY,463,49 Years,277,130,147,82,37,45,1,0,1,6,3,3,1,1,0,187,89,98
UVALDE COUNTY,463,50 Years,283,149,134,77,39,38,0,0,0,4,2,2,1,0,1,201,108,93
UVALDE COUNTY,463,51 Years,280,135,145,70,40,30,1,1,0,3,1,2,0,0,0,206,93,113
UVALDE COUNTY,463,52 Years,285,146,139,74,42,32,0,0,0,2,1,1,2,1,1,207,102,105
UVALDE COUNTY,463,53 Years,294,149,145,93,48,45,0,0,0,5,3,2,2,2,0,194,96,98
UVALDE COUNTY,463,54 Years,285,136,149,82,36,46,0,0,0,1,1,0,3,2,1,199,97,102
UVALDE COUNTY,463,55 Years,291,143,148,73,33,40,2,1,1,2,0,2,3,2,1,211,107,104
UVALDE COUNTY,463,56 Years,336,155,181,104,51,53,3,3,0,2,0,2,2,1,1,225,100,125
UVALDE COUNTY,463,57 Years,329,154,175,114,60,54,2,2,0,3,2,1,3,2,1,207,88,119
UVALDE COUNTY,463,58 Years,285,127,158,101,48,53,1,1,0,1,1,0,1,1,0,181,76,105
UVALDE COUNTY,463,59 Years,285,143,142,103,50,53,0,0,0,0,0,0,1,1,0,181,92,89
UVALDE COUNTY,463,60 Years,312,151,161,114,55,59,1,1,0,1,1,0,2,1,1,194,93,101
UVALDE COUNTY,463,61 Years,320,152,168,123,58,65,1,0,1,1,1,0,0,0,0,195,93,102
UVALDE COUNTY,463,62 Years,291,151,140,109,64,45,1,0,1,0,0,0,3,3,0,178,84,94
UVALDE COUNTY,463,63 Years,281,139,142,105,57,48,1,1,0,3,1,2,2,2,0,170,78,92
UVALDE COUNTY,463,64 Years,265,130,135,97,53,44,0,0,0,2,0,2,2,1,1,164,76,88
UVALDE COUNTY,463,65 Years,254,117,137,100,46,54,0,0,0,2,1,1,2,1,1,150,69,81
UVALDE COUNTY,463,66 Years,249,110,139,99,45,54,1,0,1,1,0,1,2,1,1,146,64,82
UVALDE COUNTY,463,67 Years,259,122,137,102,53,49,0,0,0,0,0,0,1,0,1,156,69,87
UVALDE COUNTY,463,68 Years,270,130,140,104,53,51,0,0,0,1,0,1,0,0,0,165,77,88
UVALDE COUNTY,463,69 Years,291,128,163,125,57,68,2,2,0,1,1,0,1,1,0,162,67,95
UVALDE COUNTY,463,70 Years,289,143,146,120,57,63,1,1,0,1,1,0,1,1,0,166,83,83
UVALDE COUNTY,463,71 Years,278,127,151,121,54,67,0,0,0,1,0,1,2,1,1,154,72,82
UVALDE COUNTY,463,72 Years,242,111,131,110,53,57,1,0,1,0,0,0,3,2,1,128,56,72
UVALDE COUNTY,463,73 Years,214,100,114,96,46,50,0,0,0,1,0,1,2,1,1,115,53,62
UVALDE COUNTY,463,74 Years,213,106,107,99,50,49,1,1,0,0,0,0,1,1,0,112,54,58
UVALDE COUNTY,463,75 Years,198,97,101,101,48,53,1,1,0,0,0,0,4,3,1,92,45,47
UVALDE COUNTY,463,76 Years,179,77,102,88,41,47,1,1,0,0,0,0,2,1,1,88,34,54
UVALDE COUNTY,463,77 Years,164,72,92,77,35,42,0,0,0,1,1,0,0,0,0,86,36,50
UVALDE COUNTY,463,78 Years,142,64,78,66,32,34,0,0,0,0,0,0,1,0,1,75,32,43
UVALDE COUNTY,463,79 Years,141,71,70,76,42,34,0,0,0,2,2,0,1,0,1,62,27,35
UVALDE COUNTY,463,80 Years,144,72,72,76,42,34,1,0,1,0,0,0,2,0,2,65,30,35
UVALDE COUNTY,463,81 Years,131,59,72,58,28,30,0,0,0,0,0,0,1,1,0,72,30,42
UVALDE COUNTY,463,82 Years,117,56,61,56,32,24,0,0,0,0,0,0,0,0,0,61,24,37
UVALDE COUNTY,463,83 Years,108,46,62,48,22,26,0,0,0,1,1,0,2,0,2,57,23,34
UVALDE COUNTY,463,84 Years,97,41,56,43,19,24,1,1,0,1,1,0,1,0,1,51,20,31
UVALDE COUNTY,463,85 Years,90,34,56,43,16,27,1,1,0,0,0,0,0,0,0,46,17,29
UVALDE COUNTY,463,86 Years,87,35,52,42,16,26,0,0,0,0,0,0,0,0,0,45,19,26
UVALDE COUNTY,463,87 Years,69,29,40,33,16,17,0,0,0,0,0,0,2,1,1,34,12,22
UVALDE COUNTY,463,88 Years,68,32,36,32,14,18,1,0,1,0,0,0,1,1,0,34,17,17
UVALDE COUNTY,463,89 Years,56,25,31,28,12,16,0,0,0,0,0,0,1,0,1,27,13,14
UVALDE COUNTY,463,90 Years,50,20,30,27,11,16,0,0,0,0,0,0,0,0,0,23,9,14
UVALDE COUNTY,463,91 Years,39,15,24,23,10,13,0,0,0,0,0,0,0,0,0,16,5,11
UVALDE COUNTY,463,92 Years,33,13,20,18,7,11,0,0,0,0,0,0,1,0,1,14,6,8
UVALDE COUNTY,463,93 Years,31,11,20,16,6,10,0,0,0,0,0,0,1,0,1,14,5,9
UVALDE COUNTY,463,94 Years,25,11,14,14,6,8,0,0,0,0,0,0,0,0,0,11,5,6
UVALDE COUNTY,463,95 Years +,60,16,44,28,8,20,1,0,1,0,0,0,1,0,1,30,8,22
VAL VERDE COUNTY,465,All Ages,50560,25839,24721,7831,4308,3523,626,370,256,223,97,126,496,277,219,41384,20787,20597
VAL VERDE COUNTY,465,< 1 Year,783,405,378,108,55,53,4,2,2,1,1,0,14,8,6,656,339,317
VAL VERDE COUNTY,465,1 Years,812,420,392,113,61,52,4,3,1,1,1,0,13,8,5,681,347,334
VAL VERDE COUNTY,465,2 Years,851,438,413,112,59,53,4,2,2,1,1,0,17,11,6,717,365,352
VAL VERDE COUNTY,465,3 Years,873,439,434,122,64,58,7,4,3,1,1,0,13,9,4,730,361,369
VAL VERDE COUNTY,465,4 Years,863,441,422,121,63,58,4,2,2,2,1,1,16,11,5,720,364,356
VAL VERDE COUNTY,465,5 Years,841,435,406,123,66,57,6,4,2,1,1,0,16,11,5,695,353,342
VAL VERDE COUNTY,465,6 Years,830,428,402,120,65,55,4,2,2,1,1,0,14,8,6,691,352,339
VAL VERDE COUNTY,465,7 Years,821,415,406,119,63,56,4,2,2,1,1,0,12,7,5,685,342,343
VAL VERDE COUNTY,465,8 Years,699,356,343,94,49,45,4,3,1,1,1,0,7,4,3,593,299,294
VAL VERDE COUNTY,465,9 Years,794,404,390,95,52,43,10,4,6,4,4,0,10,4,6,675,340,335
VAL VERDE COUNTY,465,10 Years,798,409,389,92,47,45,9,4,5,2,2,0,9,5,4,686,351,335
VAL VERDE COUNTY,465,11 Years,739,353,386,81,40,41,5,3,2,3,2,1,7,3,4,643,305,338
VAL VERDE COUNTY,465,12 Years,771,363,408,81,40,41,7,4,3,2,1,1,8,3,5,673,315,358
VAL VERDE COUNTY,465,13 Years,803,401,402,86,46,40,8,5,3,5,4,1,5,2,3,699,344,355
VAL VERDE COUNTY,465,14 Years,761,397,364,74,41,33,8,3,5,5,2,3,7,4,3,667,347,320
VAL VERDE COUNTY,465,15 Years,719,366,353,74,38,36,9,2,7,4,1,3,8,5,3,624,320,304
VAL VERDE COUNTY,465,16 Years,739,370,369,71,36,35,14,7,7,4,1,3,5,1,4,645,325,320
VAL VERDE COUNTY,465,17 Years,754,378,376,89,51,38,10,7,3,3,0,3,5,3,2,647,317,330
VAL VERDE COUNTY,465,18 Years,805,439,366,73,41,32,8,5,3,2,0,2,10,6,4,712,387,325
VAL VERDE COUNTY,465,19 Years,749,406,343,78,47,31,8,5,3,2,1,1,7,4,3,654,349,305
VAL VERDE COUNTY,465,20 Years,793,442,351,93,58,35,14,9,5,3,2,1,8,7,1,675,366,309
VAL VERDE COUNTY,465,21 Years,733,428,305,86,50,36,13,9,4,3,2,1,6,5,1,625,362,263
VAL VERDE COUNTY,465,22 Years,848,503,345,161,112,49,18,11,7,2,2,0,8,6,2,659,372,287
VAL VERDE COUNTY,465,23 Years,962,583,379,255,190,65,18,11,7,2,2,0,15,13,2,672,367,305
VAL VERDE COUNTY,465,24 Years,986,573,413,236,176,60,19,13,6,3,2,1,7,4,3,721,378,343
VAL VERDE COUNTY,465,25 Years,864,485,379,149,98,51,14,9,5,2,1,1,6,4,2,693,373,320
VAL VERDE COUNTY,465,26 Years,843,480,363,122,59,63,8,4,4,2,2,0,10,5,5,701,410,291
VAL VERDE COUNTY,465,27 Years,783,442,341,133,73,60,19,13,6,0,0,0,7,1,6,624,355,269
VAL VERDE COUNTY,465,28 Years,720,400,320,117,67,50,8,5,3,0,0,0,15,8,7,580,320,260
VAL VERDE COUNTY,465,29 Years,646,352,294,83,44,39,13,6,7,0,0,0,11,5,6,539,297,242
VAL VERDE COUNTY,465,30 Years,670,353,317,92,38,54,18,11,7,1,0,1,12,6,6,547,298,249
VAL VERDE COUNTY,465,31 Years,623,346,277,74,42,32,7,5,2,7,6,1,5,1,4,530,292,238
VAL VERDE COUNTY,465,32 Years,665,371,294,75,43,32,6,4,2,7,5,2,6,0,6,571,319,252
VAL VERDE COUNTY,465,33 Years,638,350,288,90,53,37,7,4,3,4,3,1,8,3,5,529,287,242
VAL VERDE COUNTY,465,34 Years,610,326,284,84,48,36,7,4,3,3,2,1,4,2,2,512,270,242
VAL VERDE COUNTY,465,35 Years,565,313,252,85,50,35,6,4,2,3,1,2,5,4,1,466,254,212
VAL VERDE COUNTY,465,36 Years,615,319,296,82,47,35,5,4,1,6,3,3,4,3,1,518,262,256
VAL VERDE COUNTY,465,37 Years,625,326,299,84,51,33,7,4,3,8,3,5,5,4,1,521,264,257
VAL VERDE COUNTY,465,38 Years,604,325,279,93,58,35,6,3,3,4,2,2,4,2,2,497,260,237
VAL VERDE COUNTY,465,39 Years,561,312,249,98,62,36,9,5,4,2,1,1,2,1,1,450,243,207
VAL VERDE COUNTY,465,40 Years,568,311,257,84,54,30,7,3,4,7,0,7,3,2,1,467,252,215
VAL VERDE COUNTY,465,41 Years,545,285,260,80,49,31,7,2,5,4,0,4,6,4,2,448,230,218
VAL VERDE COUNTY,465,42 Years,536,270,266,67,32,35,6,3,3,3,1,2,3,1,2,457,233,224
VAL VERDE COUNTY,465,43 Years,573,285,288,75,32,43,6,2,4,2,0,2,6,4,2,484,247,237
VAL VERDE COUNTY,465,44 Years,598,291,307,75,36,39,7,3,4,2,0,2,5,2,3,509,250,259
VAL VERDE COUNTY,465,45 Years,584,282,302,65,31,34,5,3,2,7,2,5,4,1,3,503,245,258
VAL VERDE COUNTY,465,46 Years,567,265,302,80,38,42,7,3,4,5,1,4,4,1,3,471,222,249
VAL VERDE COUNTY,465,47 Years,527,255,272,75,40,35,7,4,3,5,3,2,1,0,1,439,208,231
VAL VERDE COUNTY,465,48 Years,540,274,266,79,48,31,6,4,2,4,2,2,2,2,0,449,218,231
VAL VERDE COUNTY,465,49 Years,542,277,265,84,46,38,6,4,2,2,1,1,5,3,2,445,223,222
VAL VERDE COUNTY,465,50 Years,531,264,267,78,35,43,7,5,2,5,3,2,5,2,3,436,219,217
VAL VERDE COUNTY,465,51 Years,516,254,262,95,48,47,6,4,2,4,2,2,3,1,2,408,199,209
VAL VERDE COUNTY,465,52 Years,532,272,260,88,50,38,10,6,4,2,2,0,1,0,1,431,214,217
VAL VERDE COUNTY,465,53 Years,543,265,278,90,48,42,6,1,5,2,1,1,1,1,0,444,214,230
VAL VERDE COUNTY,465,54 Years,515,260,255,78,47,31,6,5,1,1,0,1,2,1,1,428,207,221
VAL VERDE COUNTY,465,55 Years,532,250,282,88,47,41,7,5,2,5,2,3,3,1,2,429,195,234
VAL VERDE COUNTY,465,56 Years,505,232,273,80,41,39,7,5,2,4,1,3,3,0,3,411,185,226
VAL VERDE COUNTY,465,57 Years,494,236,258,84,46,38,7,3,4,3,2,1,2,1,1,398,184,214
VAL VERDE COUNTY,465,58 Years,482,219,263,94,46,48,9,6,3,1,1,0,3,2,1,375,164,211
VAL VERDE COUNTY,465,59 Years,468,213,255,85,45,40,6,5,1,2,0,2,3,1,2,372,162,210
VAL VERDE COUNTY,465,60 Years,472,234,238,90,46,44,8,6,2,3,1,2,6,4,2,365,177,188
VAL VERDE COUNTY,465,61 Years,456,237,219,91,49,42,9,6,3,2,0,2,2,1,1,352,181,171
VAL VERDE COUNTY,465,62 Years,454,213,241,90,45,45,8,4,4,2,0,2,2,2,0,352,162,190
VAL VERDE COUNTY,465,63 Years,432,200,232,72,41,31,10,7,3,3,0,3,5,2,3,342,150,192
VAL VERDE COUNTY,465,64 Years,429,185,244,82,39,43,7,5,2,1,0,1,3,1,2,336,140,196
VAL VERDE COUNTY,465,65 Years,456,204,252,91,46,45,5,4,1,2,0,2,4,3,1,354,151,203
VAL VERDE COUNTY,465,66 Years,428,204,224,93,50,43,5,4,1,1,0,1,3,2,1,326,148,178
VAL VERDE COUNTY,465,67 Years,442,202,240,93,51,42,5,2,3,1,0,1,6,2,4,337,147,190
VAL VERDE COUNTY,465,68 Years,408,185,223,83,43,40,4,3,1,2,1,1,2,0,2,317,138,179
VAL VERDE COUNTY,465,69 Years,428,194,234,82,43,39,8,5,3,1,0,1,4,2,2,333,144,189
VAL VERDE COUNTY,465,70 Years,452,203,249,80,43,37,9,5,4,2,0,2,4,3,1,357,152,205
VAL VERDE COUNTY,465,71 Years,405,200,205,91,49,42,5,4,1,0,0,0,3,2,1,306,145,161
VAL VERDE COUNTY,465,72 Years,381,189,192,84,47,37,4,3,1,4,2,2,2,2,0,287,135,152
VAL VERDE COUNTY,465,73 Years,358,175,183,83,40,43,2,1,1,4,2,2,1,1,0,268,131,137
VAL VERDE COUNTY,465,74 Years,368,173,195,91,42,49,4,3,1,2,0,2,2,2,0,269,126,143
VAL VERDE COUNTY,465,75 Years,302,152,150,62,32,30,3,2,1,1,0,1,3,3,0,233,115,118
VAL VERDE COUNTY,465,76 Years,281,137,144,53,29,24,6,3,3,0,0,0,1,1,0,221,104,117
VAL VERDE COUNTY,465,77 Years,286,139,147,57,24,33,4,2,2,1,0,1,2,1,1,222,112,110
VAL VERDE COUNTY,465,78 Years,268,121,147,56,22,34,2,1,1,1,0,1,0,0,0,209,98,111
VAL VERDE COUNTY,465,79 Years,250,113,137,50,21,29,3,2,1,2,0,2,4,2,2,191,88,103
VAL VERDE COUNTY,465,80 Years,244,118,126,59,28,31,3,2,1,0,0,0,3,1,2,179,87,92
VAL VERDE COUNTY,465,81 Years,231,107,124,55,30,25,3,2,1,1,0,1,2,1,1,170,74,96
VAL VERDE COUNTY,465,82 Years,218,98,120,44,24,20,5,3,2,3,1,2,1,1,0,165,69,96
VAL VERDE COUNTY,465,83 Years,172,78,94,43,24,19,3,2,1,1,0,1,3,2,1,122,50,72
VAL VERDE COUNTY,465,84 Years,156,67,89,33,16,17,1,1,0,0,0,0,4,2,2,118,48,70
VAL VERDE COUNTY,465,85 Years,148,65,83,33,18,15,0,0,0,1,0,1,2,1,1,112,46,66
VAL VERDE COUNTY,465,86 Years,132,56,76,27,13,14,0,0,0,0,0,0,2,1,1,103,42,61
VAL VERDE COUNTY,465,87 Years,115,43,72,22,10,12,1,1,0,1,0,1,0,0,0,91,32,59
VAL VERDE COUNTY,465,88 Years,112,47,65,18,8,10,0,0,0,1,0,1,1,1,0,92,38,54
VAL VERDE COUNTY,465,89 Years,89,36,53,16,7,9,1,0,1,0,0,0,0,0,0,72,29,43
VAL VERDE COUNTY,465,90 Years,68,25,43,13,6,7,0,0,0,0,0,0,1,0,1,54,19,35
VAL VERDE COUNTY,465,91 Years,60,22,38,13,5,8,1,0,1,0,0,0,1,0,1,45,17,28
VAL VERDE COUNTY,465,92 Years,46,17,29,11,4,7,0,0,0,0,0,0,0,0,0,35,13,22
VAL VERDE COUNTY,465,93 Years,35,12,23,6,3,3,2,0,2,0,0,0,0,0,0,27,9,18
VAL VERDE COUNTY,465,94 Years,34,10,24,6,3,3,0,0,0,1,0,1,0,0,0,27,7,20
VAL VERDE COUNTY,465,95 Years +,87,26,61,16,5,11,1,0,1,1,0,1,1,0,1,68,21,47
VAN ZANDT COUNTY,467,All Ages,56092,27637,28455,46920,22953,23967,1577,788,789,224,93,131,1385,693,692,5986,3110,2876
VAN ZANDT COUNTY,467,< 1 Year,711,367,344,540,285,255,19,10,9,4,3,1,39,20,19,109,49,60
VAN ZANDT COUNTY,467,1 Years,711,369,342,543,287,256,19,9,10,4,2,2,31,15,16,114,56,58
VAN ZANDT COUNTY,467,2 Years,712,365,347,544,286,258,20,11,9,5,1,4,39,16,23,104,51,53
VAN ZANDT COUNTY,467,3 Years,691,357,334,524,274,250,21,12,9,4,0,4,34,12,22,108,59,49
VAN ZANDT COUNTY,467,4 Years,685,349,336,507,261,246,22,12,10,7,2,5,43,19,24,106,55,51
VAN ZANDT COUNTY,467,5 Years,676,355,321,499,266,233,21,11,10,10,5,5,42,20,22,104,53,51
VAN ZANDT COUNTY,467,6 Years,671,351,320,499,267,232,20,10,10,9,3,6,40,21,19,103,50,53
VAN ZANDT COUNTY,467,7 Years,667,348,319,500,268,232,20,11,9,7,3,4,26,13,13,114,53,61
VAN ZANDT COUNTY,467,8 Years,724,370,354,548,296,252,19,8,11,5,2,3,24,13,11,128,51,77
VAN ZANDT COUNTY,467,9 Years,668,343,325,499,259,240,14,5,9,4,3,1,22,12,10,129,64,65
VAN ZANDT COUNTY,467,10 Years,709,340,369,515,252,263,20,11,9,2,1,1,20,8,12,152,68,84
VAN ZANDT COUNTY,467,11 Years,687,329,358,530,248,282,19,10,9,2,2,0,15,7,8,121,62,59
VAN ZANDT COUNTY,467,12 Years,704,359,345,532,269,263,16,8,8,3,3,0,18,10,8,135,69,66
VAN ZANDT COUNTY,467,13 Years,711,347,364,534,263,271,16,9,7,3,2,1,25,14,11,133,59,74
VAN ZANDT COUNTY,467,14 Years,716,356,360,548,274,274,26,16,10,3,1,2,20,10,10,119,55,64
VAN ZANDT COUNTY,467,15 Years,740,389,351,562,307,255,24,16,8,3,1,2,18,7,11,133,58,75
VAN ZANDT COUNTY,467,16 Years,697,372,325,542,293,249,20,10,10,1,1,0,19,12,7,115,56,59
VAN ZANDT COUNTY,467,17 Years,704,352,352,536,268,268,25,13,12,3,1,2,27,10,17,113,60,53
VAN ZANDT COUNTY,467,18 Years,674,329,345,499,245,254,21,11,10,3,3,0,25,12,13,126,58,68
VAN ZANDT COUNTY,467,19 Years,581,301,280,438,227,211,16,7,9,3,1,2,25,12,13,99,54,45
VAN ZANDT COUNTY,467,20 Years,549,281,268,405,209,196,19,10,9,3,0,3,28,11,17,94,51,43
VAN ZANDT COUNTY,467,21 Years,545,290,255,401,209,192,21,15,6,2,1,1,21,10,11,100,55,45
VAN ZANDT COUNTY,467,22 Years,550,274,276,414,203,211,35,15,20,0,0,0,22,13,9,79,43,36
VAN ZANDT COUNTY,467,23 Years,585,303,282,456,232,224,23,9,14,3,3,0,27,18,9,76,41,35
VAN ZANDT COUNTY,467,24 Years,616,315,301,491,242,249,20,11,9,1,1,0,18,10,8,86,51,35
VAN ZANDT COUNTY,467,25 Years,679,349,330,521,260,261,34,18,16,1,1,0,25,19,6,98,51,47
VAN ZANDT COUNTY,467,26 Years,703,349,354,561,282,279,27,12,15,1,1,0,23,12,11,91,42,49
VAN ZANDT COUNTY,467,27 Years,699,343,356,561,279,282,24,7,17,2,2,0,13,6,7,99,49,50
VAN ZANDT COUNTY,467,28 Years,650,307,343,524,244,280,19,10,9,2,1,1,11,6,5,94,46,48
VAN ZANDT COUNTY,467,29 Years,640,307,333,520,250,270,17,11,6,1,0,1,9,5,4,93,41,52
VAN ZANDT COUNTY,467,30 Years,605,304,301,493,252,241,9,4,5,3,2,1,6,3,3,94,43,51
VAN ZANDT COUNTY,467,31 Years,576,276,300,471,225,246,11,5,6,0,0,0,7,3,4,87,43,44
VAN ZANDT COUNTY,467,32 Years,587,298,289,471,238,233,14,6,8,2,2,0,12,8,4,88,44,44
VAN ZANDT COUNTY,467,33 Years,593,292,301,482,233,249,16,10,6,1,0,1,12,5,7,82,44,38
VAN ZANDT COUNTY,467,34 Years,566,295,271,469,240,229,19,9,10,1,1,0,9,4,5,68,41,27
VAN ZANDT COUNTY,467,35 Years,633,326,307,513,253,260,18,12,6,2,0,2,12,7,5,88,54,34
VAN ZANDT COUNTY,467,36 Years,614,305,309,496,241,255,19,11,8,5,2,3,9,5,4,85,46,39
VAN ZANDT COUNTY,467,37 Years,617,310,307,529,262,267,10,7,3,3,2,1,9,5,4,66,34,32
VAN ZANDT COUNTY,467,38 Years,600,312,288,502,259,243,12,7,5,2,0,2,8,3,5,76,43,33
VAN ZANDT COUNTY,467,39 Years,581,309,272,476,246,230,10,5,5,2,0,2,5,1,4,88,57,31
VAN ZANDT COUNTY,467,40 Years,595,297,298,483,244,239,16,7,9,2,0,2,16,8,8,78,38,40
VAN ZANDT COUNTY,467,41 Years,610,292,318,506,236,270,14,9,5,5,2,3,13,6,7,72,39,33
VAN ZANDT COUNTY,467,42 Years,635,336,299,524,263,261,20,13,7,2,1,1,10,8,2,79,51,28
VAN ZANDT COUNTY,467,43 Years,608,320,288,507,263,244,16,7,9,1,1,0,10,7,3,74,42,32
VAN ZANDT COUNTY,467,44 Years,587,298,289,489,247,242,17,9,8,3,3,0,14,9,5,64,30,34
VAN ZANDT COUNTY,467,45 Years,631,311,320,536,259,277,17,9,8,4,1,3,12,6,6,62,36,26
VAN ZANDT COUNTY,467,46 Years,670,323,347,576,279,297,13,10,3,5,0,5,15,5,10,61,29,32
VAN ZANDT COUNTY,467,47 Years,692,335,357,587,287,300,22,10,12,5,0,5,10,3,7,68,35,33
VAN ZANDT COUNTY,467,48 Years,724,345,379,610,286,324,22,11,11,3,1,2,10,4,6,79,43,36
VAN ZANDT COUNTY,467,49 Years,695,334,361,602,276,326,11,7,4,4,2,2,7,3,4,71,46,25
VAN ZANDT COUNTY,467,50 Years,659,310,349,571,261,310,11,6,5,2,1,1,14,10,4,61,32,29
VAN ZANDT COUNTY,467,51 Years,663,324,339,573,281,292,13,5,8,0,0,0,15,11,4,62,27,35
VAN ZANDT COUNTY,467,52 Years,691,331,360,595,286,309,12,4,8,3,1,2,14,6,8,67,34,33
VAN ZANDT COUNTY,467,53 Years,781,381,400,684,325,359,21,13,8,3,2,1,12,4,8,61,37,24
VAN ZANDT COUNTY,467,54 Years,792,390,402,678,329,349,25,13,12,0,0,0,20,9,11,69,39,30
VAN ZANDT COUNTY,467,55 Years,849,414,435,748,363,385,25,10,15,1,0,1,21,10,11,54,31,23
VAN ZANDT COUNTY,467,56 Years,792,383,409,712,347,365,22,8,14,2,0,2,18,8,10,38,20,18
VAN ZANDT COUNTY,467,57 Years,778,389,389,696,345,351,20,12,8,1,0,1,15,7,8,46,25,21
VAN ZANDT COUNTY,467,58 Years,844,431,413,752,378,374,26,14,12,4,1,3,13,9,4,49,29,20
VAN ZANDT COUNTY,467,59 Years,834,418,416,740,370,370,23,11,12,6,2,4,16,7,9,49,28,21
VAN ZANDT COUNTY,467,60 Years,794,381,413,705,336,369,24,12,12,4,1,3,13,5,8,48,27,21
VAN ZANDT COUNTY,467,61 Years,824,392,432,729,344,385,21,11,10,3,2,1,16,10,6,55,25,30
VAN ZANDT COUNTY,467,62 Years,812,384,428,722,331,391,22,12,10,2,1,1,18,12,6,48,28,20
VAN ZANDT COUNTY,467,63 Years,775,380,395,700,335,365,22,13,9,1,1,0,13,5,8,39,26,13
VAN ZANDT COUNTY,467,64 Years,764,386,378,684,344,340,26,11,15,0,0,0,14,6,8,40,25,15
VAN ZANDT COUNTY,467,65 Years,764,370,394,691,332,359,22,9,13,5,1,4,9,4,5,37,24,13
VAN ZANDT COUNTY,467,66 Years,711,339,372,645,308,337,19,6,13,3,0,3,13,9,4,31,16,15
VAN ZANDT COUNTY,467,67 Years,717,340,377,655,308,347,20,9,11,1,1,0,11,5,6,30,17,13
VAN ZANDT COUNTY,467,68 Years,700,332,368,643,299,344,16,10,6,4,1,3,12,6,6,25,16,9
VAN ZANDT COUNTY,467,69 Years,675,331,344,618,300,318,23,11,12,3,1,2,10,7,3,21,12,9
VAN ZANDT COUNTY,467,70 Years,731,344,387,667,313,354,22,9,13,2,1,1,10,5,5,30,16,14
VAN ZANDT COUNTY,467,71 Years,740,360,380,677,323,354,18,7,11,3,1,2,12,8,4,30,21,9
VAN ZANDT COUNTY,467,72 Years,596,287,309,550,265,285,11,5,6,3,0,3,10,4,6,22,13,9
VAN ZANDT COUNTY,467,73 Years,536,262,274,491,239,252,11,8,3,1,0,1,8,2,6,25,13,12
VAN ZANDT COUNTY,467,74 Years,564,274,290,527,252,275,9,4,5,2,2,0,10,5,5,16,11,5
VAN ZANDT COUNTY,467,75 Years,535,264,271,501,246,255,9,5,4,2,2,0,13,5,8,10,6,4
VAN ZANDT COUNTY,467,76 Years,484,218,266,454,205,249,10,5,5,1,0,1,11,6,5,8,2,6
VAN ZANDT COUNTY,467,77 Years,486,218,268,452,200,252,12,6,6,0,0,0,9,5,4,13,7,6
VAN ZANDT COUNTY,467,78 Years,431,204,227,398,184,214,10,6,4,0,0,0,10,7,3,13,7,6
VAN ZANDT COUNTY,467,79 Years,392,186,206,368,173,195,7,5,2,1,0,1,7,5,2,9,3,6
VAN ZANDT COUNTY,467,80 Years,378,177,201,354,162,192,7,5,2,0,0,0,6,4,2,11,6,5
VAN ZANDT COUNTY,467,81 Years,346,157,189,324,147,177,7,3,4,0,0,0,6,2,4,9,5,4
VAN ZANDT COUNTY,467,82 Years,324,157,167,304,148,156,9,4,5,1,0,1,4,1,3,6,4,2
VAN ZANDT COUNTY,467,83 Years,293,144,149,274,136,138,8,1,7,0,0,0,5,2,3,6,5,1
VAN ZANDT COUNTY,467,84 Years,253,110,143,233,102,131,11,4,7,0,0,0,3,1,2,6,3,3
VAN ZANDT COUNTY,467,85 Years,195,80,115,177,74,103,9,2,7,1,1,0,3,0,3,5,3,2
VAN ZANDT COUNTY,467,86 Years,194,78,116,179,73,106,10,3,7,0,0,0,2,1,1,3,1,2
VAN ZANDT COUNTY,467,87 Years,171,65,106,158,60,98,7,3,4,1,0,1,3,2,1,2,0,2
VAN ZANDT COUNTY,467,88 Years,143,55,88,130,51,79,7,2,5,1,0,1,1,0,1,4,2,2
VAN ZANDT COUNTY,467,89 Years,128,48,80,118,43,75,4,1,3,0,0,0,2,1,1,4,3,1
VAN ZANDT COUNTY,467,90 Years,114,41,73,104,37,67,6,2,4,0,0,0,2,1,1,2,1,1
VAN ZANDT COUNTY,467,91 Years,91,34,57,84,30,54,1,0,1,0,0,0,1,0,1,5,4,1
VAN ZANDT COUNTY,467,92 Years,66,22,44,61,21,40,2,0,2,0,0,0,1,0,1,2,1,1
VAN ZANDT COUNTY,467,93 Years,58,17,41,53,16,37,3,0,3,0,0,0,1,0,1,1,1,0
VAN ZANDT COUNTY,467,94 Years,48,15,33,41,13,28,3,0,3,0,0,0,1,0,1,3,2,1
VAN ZANDT COUNTY,467,95 Years +,102,30,72,85,24,61,8,2,6,1,0,1,2,0,2,6,4,2
VICTORIA COUNTY,469,All Ages,92025,45509,46516,41121,20035,21086,5531,2786,2745,1004,493,511,1433,695,738,42936,21500,21436
VICTORIA COUNTY,469,< 1 Year,1095,567,528,333,169,164,58,27,31,9,5,4,47,25,22,648,341,307
VICTORIA COUNTY,469,1 Years,1123,579,544,349,178,171,55,28,27,12,6,6,53,27,26,654,340,314
VICTORIA COUNTY,469,2 Years,1182,612,570,384,199,185,57,29,28,14,7,7,54,28,26,673,349,324
VICTORIA COUNTY,469,3 Years,1228,635,593,410,208,202,52,27,25,19,10,9,58,30,28,689,360,329
VICTORIA COUNTY,469,4 Years,1255,647,608,430,218,212,56,28,28,19,10,9,61,31,30,689,360,329
VICTORIA COUNTY,469,5 Years,1238,635,603,441,223,218,55,26,29,18,10,8,54,28,26,670,348,322
VICTORIA COUNTY,469,6 Years,1212,607,605,442,223,219,57,28,29,14,7,7,45,22,23,654,327,327
VICTORIA COUNTY,469,7 Years,1196,604,592,434,216,218,56,27,29,12,7,5,35,18,17,659,336,323
VICTORIA COUNTY,469,8 Years,1173,598,575,407,207,200,56,29,27,10,7,3,30,13,17,670,342,328
VICTORIA COUNTY,469,9 Years,1269,664,605,426,231,195,64,35,29,6,3,3,35,14,21,738,381,357
VICTORIA COUNTY,469,10 Years,1326,698,628,412,218,194,73,38,35,10,4,6,26,14,12,805,424,381
VICTORIA COUNTY,469,11 Years,1302,670,632,417,208,209,71,38,33,18,6,12,18,8,10,778,410,368
VICTORIA COUNTY,469,12 Years,1276,645,631,395,193,202,85,40,45,16,8,8,18,9,9,762,395,367
VICTORIA COUNTY,469,13 Years,1260,642,618,405,206,199,75,35,40,10,7,3,23,10,13,747,384,363
VICTORIA COUNTY,469,14 Years,1227,609,618,384,194,190,86,39,47,13,9,4,24,9,15,720,358,362
VICTORIA COUNTY,469,15 Years,1242,629,613,372,196,176,86,43,43,22,10,12,27,13,14,735,367,368
VICTORIA COUNTY,469,16 Years,1224,626,598,388,204,184,85,44,41,15,9,6,30,16,14,706,353,353
VICTORIA COUNTY,469,17 Years,1235,610,625,396,204,192,85,41,44,22,9,13,22,12,10,710,344,366
VICTORIA COUNTY,469,18 Years,1272,661,611,390,212,178,93,47,46,20,7,13,24,12,12,745,383,362
VICTORIA COUNTY,469,19 Years,1256,657,599,396,216,180,92,47,45,7,4,3,21,12,9,740,378,362
VICTORIA COUNTY,469,20 Years,1176,581,595,353,180,173,100,46,54,21,10,11,29,13,16,673,332,341
VICTORIA COUNTY,469,21 Years,1239,613,626,422,213,209,83,34,49,16,7,9,34,16,18,684,343,341
VICTORIA COUNTY,469,22 Years,1317,661,656,492,234,258,102,55,47,24,10,14,31,16,15,668,346,322
VICTORIA COUNTY,469,23 Years,1361,671,690,522,243,279,109,54,55,14,7,7,25,12,13,691,355,336
VICTORIA COUNTY,469,24 Years,1467,761,706,581,296,285,90,45,45,18,14,4,27,12,15,751,394,357
VICTORIA COUNTY,469,25 Years,1586,813,773,653,339,314,102,46,56,11,7,4,28,10,18,792,411,381
VICTORIA COUNTY,469,26 Years,1542,787,755,639,317,322,99,45,54,5,2,3,20,11,9,779,412,367
VICTORIA COUNTY,469,27 Years,1502,789,713,637,326,311,89,38,51,4,3,1,22,11,11,750,411,339
VICTORIA COUNTY,469,28 Years,1546,757,789,662,299,363,118,49,69,4,2,2,20,10,10,742,397,345
VICTORIA COUNTY,469,29 Years,1466,776,690,598,315,283,100,53,47,8,3,5,11,5,6,749,400,349
VICTORIA COUNTY,469,30 Years,1453,735,718,602,301,301,121,51,70,6,3,3,16,9,7,708,371,337
VICTORIA COUNTY,469,31 Years,1320,699,621,524,283,241,86,57,29,7,4,3,14,3,11,689,352,337
VICTORIA COUNTY,469,32 Years,1364,699,665,542,285,257,114,58,56,7,4,3,14,5,9,687,347,340
VICTORIA COUNTY,469,33 Years,1303,614,689,580,273,307,91,37,54,8,4,4,12,6,6,612,294,318
VICTORIA COUNTY,469,34 Years,1223,606,617,529,252,277,84,42,42,9,5,4,17,11,6,584,296,288
VICTORIA COUNTY,469,35 Years,1295,650,645,542,276,266,71,30,41,19,14,5,10,5,5,653,325,328
VICTORIA COUNTY,469,36 Years,1271,649,622,540,289,251,58,22,36,12,8,4,19,13,6,642,317,325
VICTORIA COUNTY,469,37 Years,1252,594,658,571,271,300,66,31,35,11,6,5,11,6,5,593,280,313
VICTORIA COUNTY,469,38 Years,1217,606,611,527,264,263,71,43,28,15,7,8,10,6,4,594,286,308
VICTORIA COUNTY,469,39 Years,1110,559,551,476,232,244,84,51,33,14,7,7,7,6,1,529,263,266
VICTORIA COUNTY,469,40 Years,1022,502,520,438,201,237,66,42,24,9,3,6,8,6,2,501,250,251
VICTORIA COUNTY,469,41 Years,1005,508,497,405,206,199,61,33,28,10,5,5,7,4,3,522,260,262
VICTORIA COUNTY,469,42 Years,1046,525,521,440,230,210,64,41,23,14,5,9,6,2,4,522,247,275
VICTORIA COUNTY,469,43 Years,988,506,482,434,229,205,44,27,17,16,6,10,4,0,4,490,244,246
VICTORIA COUNTY,469,44 Years,989,478,511,441,215,226,51,27,24,21,8,13,5,1,4,471,227,244
VICTORIA COUNTY,469,45 Years,1016,496,520,482,232,250,52,34,18,17,8,9,5,1,4,460,221,239
VICTORIA COUNTY,469,46 Years,1031,524,507,480,235,245,51,34,17,11,5,6,14,5,9,475,245,230
VICTORIA COUNTY,469,47 Years,1007,496,511,460,220,240,61,37,24,16,5,11,12,4,8,458,230,228
VICTORIA COUNTY,469,48 Years,1022,515,507,485,240,245,59,38,21,13,5,8,4,1,3,461,231,230
VICTORIA COUNTY,469,49 Years,927,456,471,435,216,219,48,27,21,13,5,8,4,1,3,427,207,220
VICTORIA COUNTY,469,50 Years,889,430,459,408,202,206,57,31,26,11,4,7,6,2,4,407,191,216
VICTORIA COUNTY,469,51 Years,930,451,479,446,208,238,58,35,23,15,8,7,6,2,4,405,198,207
VICTORIA COUNTY,469,52 Years,990,506,484,494,249,245,63,42,21,16,7,9,3,1,2,414,207,207
VICTORIA COUNTY,469,53 Years,1059,512,547,530,256,274,80,43,37,11,5,6,9,2,7,429,206,223
VICTORIA COUNTY,469,54 Years,1127,556,571,575,277,298,78,40,38,15,10,5,11,3,8,448,226,222
VICTORIA COUNTY,469,55 Years,1092,534,558,567,263,304,62,32,30,13,10,3,14,6,8,436,223,213
VICTORIA COUNTY,469,56 Years,1115,525,590,590,267,323,66,35,31,15,9,6,12,6,6,432,208,224
VICTORIA COUNTY,469,57 Years,1152,569,583,631,311,320,64,32,32,13,9,4,9,5,4,435,212,223
VICTORIA COUNTY,469,58 Years,1132,561,571,632,325,307,64,32,32,10,7,3,6,2,4,420,195,225
VICTORIA COUNTY,469,59 Years,1127,549,578,643,316,327,59,27,32,9,3,6,11,5,6,405,198,207
VICTORIA COUNTY,469,60 Years,1144,559,585,645,308,337,54,30,24,9,4,5,17,7,10,419,210,209
VICTORIA COUNTY,469,61 Years,1096,551,545,591,284,307,57,34,23,20,7,13,12,8,4,416,218,198
VICTORIA COUNTY,469,62 Years,1056,522,534,606,291,315,60,28,32,12,5,7,11,8,3,367,190,177
VICTORIA COUNTY,469,63 Years,1111,536,575,631,305,326,75,32,43,15,9,6,15,9,6,375,181,194
VICTORIA COUNTY,469,64 Years,1039,488,551,600,286,314,72,34,38,15,7,8,15,10,5,337,151,186
VICTORIA COUNTY,469,65 Years,981,472,509,565,275,290,71,39,32,12,5,7,10,5,5,323,148,175
VICTORIA COUNTY,469,66 Years,969,447,522,566,262,304,66,33,33,13,6,7,3,1,2,321,145,176
VICTORIA COUNTY,469,67 Years,922,448,474,539,262,277,60,26,34,14,7,7,6,2,4,303,151,152
VICTORIA COUNTY,469,68 Years,911,420,491,534,252,282,51,19,32,11,4,7,8,4,4,307,141,166
VICTORIA COUNTY,469,69 Years,881,403,478,524,234,290,53,22,31,7,1,6,10,5,5,287,141,146
VICTORIA COUNTY,469,70 Years,855,392,463,519,238,281,56,23,33,8,5,3,9,3,6,263,123,140
VICTORIA COUNTY,469,71 Years,822,368,454,504,229,275,42,19,23,11,5,6,9,5,4,256,110,146
VICTORIA COUNTY,469,72 Years,730,351,379,422,208,214,36,20,16,7,3,4,7,4,3,258,116,142
VICTORIA COUNTY,469,73 Years,645,302,343,381,181,200,31,17,14,6,2,4,7,4,3,220,98,122
VICTORIA COUNTY,469,74 Years,617,269,348,409,176,233,27,15,12,4,2,2,6,4,2,171,72,99
VICTORIA COUNTY,469,75 Years,577,272,305,381,185,196,26,15,11,3,1,2,4,2,2,163,69,94
VICTORIA COUNTY,469,76 Years,544,239,305,372,164,208,25,13,12,2,1,1,4,1,3,141,60,81
VICTORIA COUNTY,469,77 Years,494,221,273,336,152,184,20,10,10,3,3,0,3,1,2,132,55,77
VICTORIA COUNTY,469,78 Years,456,198,258,302,130,172,20,9,11,6,3,3,6,3,3,122,53,69
VICTORIA COUNTY,469,79 Years,435,195,240,276,121,155,20,9,11,5,2,3,5,3,2,129,60,69
VICTORIA COUNTY,469,80 Years,403,192,211,255,118,137,18,8,10,4,3,1,5,2,3,121,61,60
VICTORIA COUNTY,469,81 Years,365,158,207,241,104,137,14,6,8,3,0,3,4,1,3,103,47,56
VICTORIA COUNTY,469,82 Years,333,152,181,221,102,119,15,7,8,1,0,1,2,1,1,94,42,52
VICTORIA COUNTY,469,83 Years,344,153,191,233,94,139,13,6,7,2,0,2,3,1,2,93,52,41
VICTORIA COUNTY,469,84 Years,287,119,168,190,76,114,13,5,8,4,1,3,4,2,2,76,35,41
VICTORIA COUNTY,469,85 Years,273,114,159,193,81,112,11,4,7,3,2,1,1,1,0,65,26,39
VICTORIA COUNTY,469,86 Years,267,111,156,197,84,113,9,4,5,4,1,3,0,0,0,57,22,35
VICTORIA COUNTY,469,87 Years,220,89,131,163,65,98,11,4,7,2,0,2,1,0,1,43,20,23
VICTORIA COUNTY,469,88 Years,190,71,119,139,51,88,10,4,6,2,1,1,2,1,1,37,14,23
VICTORIA COUNTY,469,89 Years,156,61,95,115,46,69,7,3,4,2,0,2,2,0,2,30,12,18
VICTORIA COUNTY,469,90 Years,144,56,88,106,43,63,9,3,6,2,1,1,2,1,1,25,8,17
VICTORIA COUNTY,469,91 Years,115,42,73,84,32,52,7,3,4,1,0,1,1,0,1,22,7,15
VICTORIA COUNTY,469,92 Years,92,32,60,67,25,42,6,2,4,0,0,0,1,0,1,18,5,13
VICTORIA COUNTY,469,93 Years,75,29,46,53,20,33,5,2,3,2,2,0,0,0,0,15,5,10
VICTORIA COUNTY,469,94 Years,61,23,38,42,16,26,5,2,3,1,1,0,0,0,0,13,4,9
VICTORIA COUNTY,469,95 Years +,148,40,108,100,26,74,13,4,9,1,0,1,0,0,0,34,10,24
WALKER COUNTY,471,All Ages,74359,43692,30667,41302,23319,17983,16841,10704,6137,742,384,358,1370,683,687,14104,8602,5502
WALKER COUNTY,471,< 1 Year,636,333,303,282,154,128,170,79,91,5,3,2,25,11,14,154,86,68
WALKER COUNTY,471,1 Years,652,345,307,279,150,129,164,81,83,7,4,3,26,13,13,176,97,79
WALKER COUNTY,471,2 Years,687,354,333,286,152,134,175,87,88,8,3,5,36,14,22,182,98,84
WALKER COUNTY,471,3 Years,724,368,356,300,154,146,173,89,84,9,4,5,40,19,21,202,102,100
WALKER COUNTY,471,4 Years,724,368,356,310,162,148,163,81,82,9,5,4,41,21,20,201,99,102
WALKER COUNTY,471,5 Years,702,364,338,301,159,142,148,75,73,8,5,3,39,21,18,206,104,102
WALKER COUNTY,471,6 Years,684,346,338,297,154,143,142,73,69,6,3,3,37,19,18,202,97,105
WALKER COUNTY,471,7 Years,681,352,329,298,156,142,144,79,65,7,3,4,29,15,14,203,99,104
WALKER COUNTY,471,8 Years,783,415,368,336,173,163,179,87,92,7,2,5,31,18,13,230,135,95
WALKER COUNTY,471,9 Years,740,396,344,332,180,152,177,87,90,6,1,5,20,9,11,205,119,86
WALKER COUNTY,471,10 Years,714,368,346,321,168,153,154,76,78,5,3,2,29,16,13,205,105,100
WALKER COUNTY,471,11 Years,729,364,365,318,160,158,178,95,83,7,3,4,27,17,10,199,89,110
WALKER COUNTY,471,12 Years,724,385,339,307,171,136,180,88,92,7,4,3,35,19,16,195,103,92
WALKER COUNTY,471,13 Years,721,369,352,314,163,151,157,69,88,4,3,1,27,15,12,219,119,100
WALKER COUNTY,471,14 Years,669,338,331,282,141,141,156,72,84,2,1,1,21,12,9,208,112,96
WALKER COUNTY,471,15 Years,746,394,352,346,177,169,173,91,82,3,1,2,22,15,7,202,110,92
WALKER COUNTY,471,16 Years,706,379,327,330,164,166,147,82,65,4,2,2,34,21,13,191,110,81
WALKER COUNTY,471,17 Years,843,481,362,345,167,178,267,183,84,5,3,2,33,16,17,193,112,81
WALKER COUNTY,471,18 Years,1583,734,849,747,326,421,439,220,219,6,2,4,27,13,14,364,173,191
WALKER COUNTY,471,19 Years,2241,971,1270,1038,461,577,533,210,323,24,9,15,56,25,31,590,266,324
WALKER COUNTY,471,20 Years,2244,1049,1195,1079,495,584,591,296,295,25,17,8,65,29,36,484,212,272
WALKER COUNTY,471,21 Years,2297,1156,1141,1175,571,604,516,251,265,29,22,7,57,23,34,520,289,231
WALKER COUNTY,471,22 Years,2122,1189,933,1084,568,516,482,266,216,30,18,12,50,24,26,476,313,163
WALKER COUNTY,471,23 Years,1798,979,819,895,473,422,416,215,201,13,6,7,43,19,24,431,266,165
WALKER COUNTY,471,24 Years,1533,845,688,769,416,353,404,217,187,22,15,7,30,19,11,308,178,130
WALKER COUNTY,471,25 Years,957,514,443,334,179,155,269,138,131,30,19,11,14,9,5,310,169,141
WALKER COUNTY,471,26 Years,838,477,361,277,144,133,227,130,97,35,27,8,26,16,10,273,160,113
WALKER COUNTY,471,27 Years,951,582,369,464,235,229,245,203,42,33,19,14,24,10,14,185,115,70
WALKER COUNTY,471,28 Years,942,557,385,571,295,276,182,141,41,22,10,12,18,8,10,149,103,46
WALKER COUNTY,471,29 Years,1045,618,427,654,361,293,208,158,50,27,19,8,17,9,8,139,71,68
WALKER COUNTY,471,30 Years,1093,683,410,650,401,249,233,177,56,33,14,19,11,6,5,166,85,81
WALKER COUNTY,471,31 Years,965,645,320,496,320,176,255,179,76,11,4,7,3,2,1,200,140,60
WALKER COUNTY,471,32 Years,836,625,211,361,238,123,237,198,39,9,5,4,8,5,3,221,179,42
WALKER COUNTY,471,33 Years,1072,741,331,597,366,231,240,185,55,7,4,3,7,5,2,221,181,40
WALKER COUNTY,471,34 Years,1121,746,375,626,375,251,268,213,55,5,3,2,15,9,6,207,146,61
WALKER COUNTY,471,35 Years,1067,742,325,561,353,208,285,219,66,6,4,2,15,7,8,200,159,41
WALKER COUNTY,471,36 Years,1117,785,332,584,364,220,271,224,47,4,2,2,12,5,7,246,190,56
WALKER COUNTY,471,37 Years,1068,744,324,551,331,220,295,239,56,4,2,2,9,3,6,209,169,40
WALKER COUNTY,471,38 Years,979,673,306,516,312,204,246,201,45,4,2,2,7,4,3,206,154,52
WALKER COUNTY,471,39 Years,984,668,316,515,326,189,259,187,72,6,2,4,7,3,4,197,150,47
WALKER COUNTY,471,40 Years,916,660,256,448,294,154,252,198,54,8,4,4,11,5,6,197,159,38
WALKER COUNTY,471,41 Years,922,633,289,456,293,163,241,188,53,5,4,1,15,7,8,205,141,64
WALKER COUNTY,471,42 Years,917,644,273,450,279,171,237,192,45,8,4,4,5,1,4,217,168,49
WALKER COUNTY,471,43 Years,913,649,264,448,283,165,263,211,52,9,2,7,12,9,3,181,144,37
WALKER COUNTY,471,44 Years,906,662,244,445,298,147,271,214,57,7,2,5,14,6,8,169,142,27
WALKER COUNTY,471,45 Years,971,708,263,467,314,153,278,227,51,10,5,5,8,5,3,208,157,51
WALKER COUNTY,471,46 Years,948,666,282,464,291,173,262,216,46,9,5,4,9,7,2,204,147,57
WALKER COUNTY,471,47 Years,1060,743,317,574,370,204,265,213,52,10,4,6,14,8,6,197,148,49
WALKER COUNTY,471,48 Years,1013,715,298,539,366,173,241,183,58,11,5,6,13,8,5,209,153,56
WALKER COUNTY,471,49 Years,964,668,296,550,361,189,219,169,50,8,3,5,6,4,2,181,131,50
WALKER COUNTY,471,50 Years,944,678,266,525,357,168,225,174,51,7,2,5,10,5,5,177,140,37
WALKER COUNTY,471,51 Years,935,674,261,518,349,169,244,195,49,3,1,2,11,4,7,159,125,34
WALKER COUNTY,471,52 Years,947,628,319,517,339,178,234,167,67,1,0,1,9,2,7,186,120,66
WALKER COUNTY,471,53 Years,976,657,319,564,380,184,250,181,69,5,0,5,9,3,6,148,93,55
WALKER COUNTY,471,54 Years,974,650,324,593,383,210,240,187,53,5,1,4,9,2,7,127,77,50
WALKER COUNTY,471,55 Years,921,602,319,591,373,218,214,163,51,6,3,3,5,3,2,105,60,45
WALKER COUNTY,471,56 Years,894,592,302,586,377,209,200,143,57,4,3,1,5,4,1,99,65,34
WALKER COUNTY,471,57 Years,939,608,331,627,398,229,198,139,59,9,7,2,6,6,0,99,58,41
WALKER COUNTY,471,58 Years,947,595,352,643,403,240,198,137,61,7,4,3,7,4,3,92,47,45
WALKER COUNTY,471,59 Years,897,579,318,632,401,231,185,136,49,6,1,5,5,4,1,69,37,32
WALKER COUNTY,471,60 Years,834,520,314,580,356,224,168,115,53,9,2,7,4,4,0,73,43,30
WALKER COUNTY,471,61 Years,779,476,303,562,347,215,151,98,53,9,2,7,6,3,3,51,26,25
WALKER COUNTY,471,62 Years,764,456,308,543,315,228,149,102,47,12,4,8,5,3,2,55,32,23
WALKER COUNTY,471,63 Years,798,449,349,552,315,237,136,86,50,8,4,4,7,4,3,95,40,55
WALKER COUNTY,471,64 Years,740,411,329,526,295,231,117,65,52,7,4,3,10,4,6,80,43,37
WALKER COUNTY,471,65 Years,698,354,344,547,278,269,91,45,46,7,3,4,5,0,5,48,28,20
WALKER COUNTY,471,66 Years,657,346,311,502,282,220,98,39,59,9,3,6,4,0,4,44,22,22
WALKER COUNTY,471,67 Years,621,314,307,499,265,234,76,30,46,4,1,3,4,0,4,38,18,20
WALKER COUNTY,471,68 Years,666,343,323,500,273,227,86,38,48,7,4,3,3,0,3,70,28,42
WALKER COUNTY,471,69 Years,588,313,275,464,255,209,75,36,39,3,3,0,3,0,3,43,19,24
WALKER COUNTY,471,70 Years,559,302,257,452,244,208,68,36,32,3,2,1,4,0,4,32,20,12
WALKER COUNTY,471,71 Years,545,293,252,442,242,200,65,33,32,3,1,2,2,0,2,33,17,16
WALKER COUNTY,471,72 Years,448,213,235,353,178,175,59,21,38,5,1,4,2,0,2,29,13,16
WALKER COUNTY,471,73 Years,454,245,209,352,194,158,62,32,30,4,1,3,7,3,4,29,15,14
WALKER COUNTY,471,74 Years,423,224,199,324,166,158,62,34,28,3,2,1,4,2,2,30,20,10
WALKER COUNTY,471,75 Years,453,239,214,349,171,178,64,35,29,1,1,0,6,4,2,33,28,5
WALKER COUNTY,471,76 Years,423,223,200,330,165,165,63,35,28,2,1,1,6,4,2,22,18,4
WALKER COUNTY,471,77 Years,374,188,186,300,149,151,44,19,25,2,2,0,4,2,2,24,16,8
WALKER COUNTY,471,78 Years,361,192,169,286,157,129,48,23,25,2,1,1,4,1,3,21,10,11
WALKER COUNTY,471,79 Years,320,170,150,264,146,118,39,16,23,1,0,1,2,1,1,14,7,7
WALKER COUNTY,471,80 Years,281,138,143,231,114,117,34,16,18,0,0,0,1,1,0,15,7,8
WALKER COUNTY,471,81 Years,253,120,133,206,102,104,28,9,19,0,0,0,2,1,1,17,8,9
WALKER COUNTY,471,82 Years,235,126,109,193,107,86,27,10,17,0,0,0,3,2,1,12,7,5
WALKER COUNTY,471,83 Years,232,103,129,184,85,99,35,11,24,2,0,2,1,0,1,10,7,3
WALKER COUNTY,471,84 Years,191,89,102,158,77,81,25,8,17,0,0,0,0,0,0,8,4,4
WALKER COUNTY,471,85 Years,157,71,86,133,61,72,15,5,10,0,0,0,1,1,0,8,4,4
WALKER COUNTY,471,86 Years,142,55,87,118,47,71,12,4,8,0,0,0,1,0,1,11,4,7
WALKER COUNTY,471,87 Years,142,55,87,115,44,71,12,4,8,4,3,1,1,0,1,10,4,6
WALKER COUNTY,471,88 Years,117,42,75,95,33,62,11,4,7,1,1,0,3,1,2,7,3,4
WALKER COUNTY,471,89 Years,101,38,63,85,32,53,8,3,5,0,0,0,1,0,1,7,3,4
WALKER COUNTY,471,90 Years,88,35,53,72,29,43,8,3,5,0,0,0,3,1,2,5,2,3
WALKER COUNTY,471,91 Years,73,25,48,54,20,34,11,3,8,0,0,0,2,0,2,6,2,4
WALKER COUNTY,471,92 Years,52,20,32,41,16,25,6,2,4,0,0,0,1,0,1,4,2,2
WALKER COUNTY,471,93 Years,47,17,30,35,12,23,5,2,3,1,0,1,0,0,0,6,3,3
WALKER COUNTY,471,94 Years,42,13,29,32,9,23,6,3,3,0,0,0,1,0,1,3,1,2
WALKER COUNTY,471,95 Years +,79,21,58,58,14,44,12,5,7,1,0,1,1,0,1,7,2,5
WALLER COUNTY,473,All Ages,53305,26710,26595,23331,11610,11721,12588,5935,6653,277,145,132,805,401,404,16304,8619,7685
WALLER COUNTY,473,< 1 Year,553,279,274,175,88,87,75,37,38,2,2,0,18,9,9,283,143,140
WALLER COUNTY,473,1 Years,553,282,271,181,91,90,70,37,33,2,2,0,16,9,7,284,143,141
WALLER COUNTY,473,2 Years,544,279,265,187,95,92,71,36,35,2,1,1,13,7,6,271,140,131
WALLER COUNTY,473,3 Years,552,286,266,190,94,96,65,34,31,1,1,0,11,6,5,285,151,134
WALLER COUNTY,473,4 Years,550,289,261,181,91,90,67,34,33,1,1,0,12,8,4,289,155,134
WALLER COUNTY,473,5 Years,564,290,274,176,88,88,77,38,39,1,1,0,12,8,4,298,155,143
WALLER COUNTY,473,6 Years,540,272,268,165,82,83,88,42,46,1,1,0,11,7,4,275,140,135
WALLER COUNTY,473,7 Years,549,281,268,166,88,78,97,48,49,1,1,0,8,4,4,277,140,137
WALLER COUNTY,473,8 Years,595,323,272,193,108,85,90,46,44,1,1,0,9,4,5,302,164,138
WALLER COUNTY,473,9 Years,797,420,377,271,147,124,119,60,59,3,2,1,17,6,11,387,205,182
WALLER COUNTY,473,10 Years,827,435,392,260,140,120,131,60,71,1,1,0,12,6,6,423,228,195
WALLER COUNTY,473,11 Years,829,422,407,294,139,155,97,51,46,1,1,0,13,9,4,424,222,202
WALLER COUNTY,473,12 Years,777,394,383,276,143,133,106,54,52,1,1,0,10,4,6,384,192,192
WALLER COUNTY,473,13 Years,752,384,368,261,134,127,104,45,59,6,5,1,9,5,4,372,195,177
WALLER COUNTY,473,14 Years,715,353,362,239,107,132,108,50,58,4,2,2,12,5,7,352,189,163
WALLER COUNTY,473,15 Years,753,364,389,261,116,145,131,60,71,2,0,2,11,3,8,348,185,163
WALLER COUNTY,473,16 Years,805,439,366,257,144,113,156,74,82,2,2,0,26,10,16,364,209,155
WALLER COUNTY,473,17 Years,1029,527,502,358,176,182,275,123,152,6,5,1,17,7,10,373,216,157
WALLER COUNTY,473,18 Years,1809,799,1010,330,139,191,1045,459,586,3,2,1,32,9,23,399,190,209
WALLER COUNTY,473,19 Years,2270,1003,1267,287,135,152,1584,678,906,2,1,1,37,19,18,360,170,190
WALLER COUNTY,473,20 Years,1923,895,1028,285,140,145,1254,562,692,4,0,4,22,9,13,358,184,174
WALLER COUNTY,473,21 Years,1700,873,827,319,152,167,1018,532,486,14,9,5,30,18,12,319,162,157
WALLER COUNTY,473,22 Years,1252,617,635,316,142,174,659,343,316,11,5,6,13,7,6,253,120,133
WALLER COUNTY,473,23 Years,1075,552,523,348,168,180,465,255,210,3,1,2,15,8,7,244,120,124
WALLER COUNTY,473,24 Years,930,528,402,336,190,146,360,225,135,1,1,0,9,6,3,224,106,118
WALLER COUNTY,473,25 Years,662,375,287,274,154,120,175,123,52,2,0,2,12,4,8,199,94,105
WALLER COUNTY,473,26 Years,608,305,303,273,151,122,102,44,58,2,0,2,14,8,6,217,102,115
WALLER COUNTY,473,27 Years,599,322,277,280,159,121,93,55,38,3,1,2,21,9,12,202,98,104
WALLER COUNTY,473,28 Years,577,285,292,280,158,122,79,20,59,12,1,11,16,7,9,190,99,91
WALLER COUNTY,473,29 Years,611,333,278,300,165,135,103,54,49,6,1,5,14,6,8,188,107,81
WALLER COUNTY,473,30 Years,530,269,261,252,120,132,78,29,49,5,3,2,12,5,7,183,112,71
WALLER COUNTY,473,31 Years,542,307,235,246,115,131,89,57,32,13,12,1,9,5,4,185,118,67
WALLER COUNTY,473,32 Years,510,276,234,248,123,125,80,44,36,7,6,1,7,5,2,168,98,70
WALLER COUNTY,473,33 Years,542,283,259,251,126,125,79,43,36,3,3,0,8,4,4,201,107,94
WALLER COUNTY,473,34 Years,575,290,285,294,146,148,57,22,35,3,1,2,6,4,2,215,117,98
WALLER COUNTY,473,35 Years,549,296,253,278,147,131,52,18,34,2,1,1,3,2,1,214,128,86
WALLER COUNTY,473,36 Years,603,309,294,277,127,150,74,40,34,3,2,1,6,6,0,243,134,109
WALLER COUNTY,473,37 Years,600,303,297,286,130,156,74,43,31,3,2,1,6,6,0,231,122,109
WALLER COUNTY,473,38 Years,631,334,297,282,141,141,117,62,55,3,2,1,4,4,0,225,125,100
WALLER COUNTY,473,39 Years,570,273,297,279,124,155,84,32,52,1,0,1,3,2,1,203,115,88
WALLER COUNTY,473,40 Years,559,266,293,267,134,133,74,19,55,2,2,0,3,2,1,213,109,104
WALLER COUNTY,473,41 Years,505,258,247,241,134,107,63,17,46,0,0,0,2,1,1,199,106,93
WALLER COUNTY,473,42 Years,490,270,220,219,129,90,77,29,48,2,0,2,4,2,2,188,110,78
WALLER COUNTY,473,43 Years,550,290,260,256,136,120,70,32,38,3,1,2,7,2,5,214,119,95
WALLER COUNTY,473,44 Years,563,277,286,277,141,136,56,29,27,2,2,0,8,3,5,220,102,118
WALLER COUNTY,473,45 Years,512,242,270,243,124,119,76,32,44,0,0,0,4,1,3,189,85,104
WALLER COUNTY,473,46 Years,552,251,301,272,130,142,61,26,35,3,1,2,6,2,4,210,92,118
WALLER COUNTY,473,47 Years,568,279,289,309,158,151,57,28,29,4,2,2,4,2,2,194,89,105
WALLER COUNTY,473,48 Years,573,291,282,290,147,143,63,30,33,2,1,1,9,3,6,209,110,99
WALLER COUNTY,473,49 Years,606,314,292,325,165,160,69,34,35,4,3,1,10,7,3,198,105,93
WALLER COUNTY,473,50 Years,565,297,268,300,165,135,73,37,36,3,1,2,9,5,4,180,89,91
WALLER COUNTY,473,51 Years,547,250,297,298,133,165,77,34,43,3,1,2,9,5,4,160,77,83
WALLER COUNTY,473,52 Years,570,282,288,311,160,151,91,33,58,3,1,2,4,2,2,161,86,75
WALLER COUNTY,473,53 Years,610,314,296,324,171,153,94,36,58,4,1,3,9,3,6,179,103,76
WALLER COUNTY,473,54 Years,652,330,322,361,183,178,102,41,61,3,2,1,10,3,7,176,101,75
WALLER COUNTY,473,55 Years,625,331,294,374,184,190,68,40,28,2,1,1,8,5,3,173,101,72
WALLER COUNTY,473,56 Years,575,289,286,347,161,186,73,39,34,3,1,2,5,2,3,147,86,61
WALLER COUNTY,473,57 Years,609,312,297,380,192,188,82,43,39,5,1,4,8,4,4,134,72,62
WALLER COUNTY,473,58 Years,624,312,312,396,185,211,92,50,42,5,1,4,6,5,1,125,71,54
WALLER COUNTY,473,59 Years,613,322,291,398,199,199,88,47,41,6,3,3,5,4,1,116,69,47
WALLER COUNTY,473,60 Years,612,326,286,401,203,198,76,36,40,4,2,2,6,3,3,125,82,43
WALLER COUNTY,473,61 Years,541,277,264,350,177,173,74,31,43,3,2,1,5,4,1,109,63,46
WALLER COUNTY,473,62 Years,517,276,241,330,169,161,75,45,30,5,4,1,3,2,1,104,56,48
WALLER COUNTY,473,63 Years,568,291,277,374,186,188,77,41,36,3,2,1,6,2,4,108,60,48
WALLER COUNTY,473,64 Years,534,250,284,355,159,196,80,37,43,3,2,1,10,5,5,86,47,39
WALLER COUNTY,473,65 Years,527,258,269,354,170,184,68,31,37,1,1,0,9,4,5,95,52,43
WALLER COUNTY,473,66 Years,525,251,274,347,165,182,80,34,46,2,2,0,11,4,7,85,46,39
WALLER COUNTY,473,67 Years,470,230,240,321,159,162,71,23,48,3,2,1,7,4,3,68,42,26
WALLER COUNTY,473,68 Years,448,192,256,310,135,175,66,20,46,4,2,2,6,3,3,62,32,30
WALLER COUNTY,473,69 Years,461,208,253,316,148,168,67,21,46,5,0,5,6,3,3,67,36,31
WALLER COUNTY,473,70 Years,457,225,232,327,167,160,57,20,37,6,1,5,4,2,2,63,35,28
WALLER COUNTY,473,71 Years,423,203,220,299,148,151,54,20,34,5,2,3,6,2,4,59,31,28
WALLER COUNTY,473,72 Years,386,180,206,265,127,138,49,18,31,3,0,3,9,3,6,60,32,28
WALLER COUNTY,473,73 Years,376,181,195,273,129,144,50,22,28,0,0,0,4,2,2,49,28,21
WALLER COUNTY,473,74 Years,362,174,188,264,131,133,43,18,25,1,0,1,7,4,3,47,21,26
WALLER COUNTY,473,75 Years,319,163,156,237,122,115,33,12,21,3,1,2,6,4,2,40,24,16
WALLER COUNTY,473,76 Years,292,147,145,225,116,109,32,12,20,3,1,2,4,3,1,28,15,13
WALLER COUNTY,473,77 Years,260,133,127,193,98,95,31,13,18,2,2,0,5,3,2,29,17,12
WALLER COUNTY,473,78 Years,212,103,109,147,74,73,36,15,21,1,1,0,5,1,4,23,12,11
WALLER COUNTY,473,79 Years,188,87,101,129,52,77,26,14,12,3,2,1,2,0,2,28,19,9
WALLER COUNTY,473,80 Years,186,94,92,132,65,67,27,10,17,1,0,1,0,0,0,26,19,7
WALLER COUNTY,473,81 Years,157,79,78,104,54,50,30,10,20,0,0,0,4,3,1,19,12,7
WALLER COUNTY,473,82 Years,152,63,89,103,44,59,29,8,21,0,0,0,3,2,1,17,9,8
WALLER COUNTY,473,83 Years,121,44,77,81,33,48,25,5,20,0,0,0,1,0,1,14,6,8
WALLER COUNTY,473,84 Years,97,44,53,60,30,30,24,8,16,0,0,0,0,0,0,13,6,7
WALLER COUNTY,473,85 Years,108,52,56,65,31,34,27,13,14,3,2,1,0,0,0,13,6,7
WALLER COUNTY,473,86 Years,107,54,53,66,34,32,28,13,15,1,1,0,1,1,0,11,5,6
WALLER COUNTY,473,87 Years,94,41,53,59,26,33,20,8,12,1,0,1,2,2,0,12,5,7
WALLER COUNTY,473,88 Years,85,33,52,51,19,32,19,8,11,1,0,1,1,0,1,13,6,7
WALLER COUNTY,473,89 Years,59,26,33,39,17,22,13,7,6,1,0,1,1,0,1,5,2,3
WALLER COUNTY,473,90 Years,44,20,24,30,13,17,9,5,4,0,0,0,1,0,1,4,2,2
WALLER COUNTY,473,91 Years,47,20,27,29,14,15,8,3,5,1,0,1,2,1,1,7,2,5
WALLER COUNTY,473,92 Years,38,17,21,27,12,15,6,2,4,1,1,0,1,1,0,3,1,2
WALLER COUNTY,473,93 Years,32,15,17,22,10,12,5,2,3,1,1,0,0,0,0,4,2,2
WALLER COUNTY,473,94 Years,24,11,13,14,7,7,4,1,3,1,1,0,1,0,1,4,2,2
WALLER COUNTY,473,95 Years +,56,19,37,32,12,20,15,4,11,2,1,1,0,0,0,7,2,5
WARD COUNTY,475,All Ages,11322,5684,5638,4306,2166,2140,505,257,248,35,16,19,149,70,79,6327,3175,3152
WARD COUNTY,475,< 1 Year,170,79,91,51,25,26,8,3,5,0,0,0,0,0,0,111,51,60
WARD COUNTY,475,1 Years,175,87,88,50,24,26,7,5,2,0,0,0,0,0,0,118,58,60
WARD COUNTY,475,2 Years,176,85,91,53,26,27,8,4,4,2,1,1,0,0,0,113,54,59
WARD COUNTY,475,3 Years,189,93,96,56,29,27,10,4,6,2,1,1,2,1,1,119,58,61
WARD COUNTY,475,4 Years,202,103,99,65,35,30,11,5,6,1,0,1,2,1,1,123,62,61
WARD COUNTY,475,5 Years,199,104,95,64,34,30,11,6,5,0,0,0,1,0,1,123,64,59
WARD COUNTY,475,6 Years,198,103,95,69,36,33,13,10,3,1,0,1,1,0,1,114,57,57
WARD COUNTY,475,7 Years,179,81,98,65,33,32,13,6,7,1,0,1,1,0,1,99,42,57
WARD COUNTY,475,8 Years,166,85,81,59,28,31,14,5,9,1,1,0,1,0,1,91,51,40
WARD COUNTY,475,9 Years,180,95,85,49,23,26,10,4,6,1,1,0,2,1,1,118,66,52
WARD COUNTY,475,10 Years,189,103,86,49,31,18,7,4,3,0,0,0,3,1,2,130,67,63
WARD COUNTY,475,11 Years,178,87,91,59,34,25,9,3,6,1,1,0,2,0,2,107,49,58
WARD COUNTY,475,12 Years,182,84,98,65,36,29,6,2,4,1,1,0,2,1,1,108,44,64
WARD COUNTY,475,13 Years,182,83,99,57,31,26,8,2,6,0,0,0,1,0,1,116,50,66
WARD COUNTY,475,14 Years,179,90,89,55,30,25,8,4,4,0,0,0,6,2,4,110,54,56
WARD COUNTY,475,15 Years,179,89,90,53,30,23,5,4,1,0,0,0,4,1,3,117,54,63
WARD COUNTY,475,16 Years,167,83,84,45,24,21,10,6,4,1,1,0,4,1,3,107,51,56
WARD COUNTY,475,17 Years,165,93,72,37,20,17,8,4,4,1,1,0,4,2,2,115,66,49
WARD COUNTY,475,18 Years,151,78,73,47,27,20,9,3,6,0,0,0,4,1,3,91,47,44
WARD COUNTY,475,19 Years,130,60,70,41,20,21,8,3,5,1,0,1,2,1,1,78,36,42
WARD COUNTY,475,20 Years,138,77,61,32,18,14,7,2,5,1,0,1,2,1,1,96,56,40
WARD COUNTY,475,21 Years,152,82,70,45,26,19,8,3,5,1,0,1,3,3,0,95,50,45
WARD COUNTY,475,22 Years,157,86,71,43,21,22,8,4,4,1,1,0,4,4,0,101,56,45
WARD COUNTY,475,23 Years,152,81,71,47,26,21,8,4,4,0,0,0,3,2,1,94,49,45
WARD COUNTY,475,24 Years,162,80,82,52,29,23,6,3,3,0,0,0,3,2,1,101,46,55
WARD COUNTY,475,25 Years,185,99,86,55,32,23,6,3,3,0,0,0,3,1,2,121,63,58
WARD COUNTY,475,26 Years,186,99,87,68,35,33,5,3,2,0,0,0,1,0,1,112,61,51
WARD COUNTY,475,27 Years,136,72,64,49,28,21,5,1,4,0,0,0,1,0,1,81,43,38
WARD COUNTY,475,28 Years,168,97,71,55,41,14,8,2,6,0,0,0,2,1,1,103,53,50
WARD COUNTY,475,29 Years,194,105,89,66,35,31,8,6,2,0,0,0,2,1,1,118,63,55
WARD COUNTY,475,30 Years,161,79,82,61,25,36,5,4,1,0,0,0,3,2,1,92,48,44
WARD COUNTY,475,31 Years,149,77,72,59,27,32,5,4,1,1,0,1,4,2,2,80,44,36
WARD COUNTY,475,32 Years,151,74,77,56,28,28,5,2,3,1,0,1,2,1,1,87,43,44
WARD COUNTY,475,33 Years,150,73,77,59,31,28,10,5,5,1,1,0,4,3,1,76,33,43
WARD COUNTY,475,34 Years,157,82,75,54,25,29,5,4,1,0,0,0,3,2,1,95,51,44
WARD COUNTY,475,35 Years,166,82,84,66,29,37,2,2,0,2,0,2,1,0,1,95,51,44
WARD COUNTY,475,36 Years,169,91,78,68,36,32,2,1,1,2,1,1,0,0,0,97,53,44
WARD COUNTY,475,37 Years,177,95,82,63,34,29,7,2,5,0,0,0,4,2,2,103,57,46
WARD COUNTY,475,38 Years,163,89,74,51,27,24,9,4,5,0,0,0,3,1,2,100,57,43
WARD COUNTY,475,39 Years,137,85,52,50,28,22,5,4,1,0,0,0,2,1,1,80,52,28
WARD COUNTY,475,40 Years,113,63,50,50,23,27,3,2,1,0,0,0,0,0,0,60,38,22
WARD COUNTY,475,41 Years,114,63,51,51,28,23,3,3,0,0,0,0,1,0,1,59,32,27
WARD COUNTY,475,42 Years,130,65,65,49,23,26,2,1,1,0,0,0,1,0,1,78,41,37
WARD COUNTY,475,43 Years,119,61,58,43,16,27,3,1,2,1,0,1,2,0,2,70,44,26
WARD COUNTY,475,44 Years,104,51,53,40,17,23,3,2,1,1,1,0,0,0,0,60,31,29
WARD COUNTY,475,45 Years,119,50,69,42,19,23,4,1,3,2,1,1,1,1,0,70,28,42
WARD COUNTY,475,46 Years,106,48,58,42,19,23,3,1,2,0,0,0,1,1,0,60,27,33
WARD COUNTY,475,47 Years,122,63,59,57,30,27,5,4,1,1,0,1,1,1,0,58,28,30
WARD COUNTY,475,48 Years,112,56,56,46,25,21,4,2,2,0,0,0,2,2,0,60,27,33
WARD COUNTY,475,49 Years,108,49,59,47,20,27,2,1,1,0,0,0,2,2,0,57,26,31
WARD COUNTY,475,50 Years,116,56,60,50,26,24,5,4,1,0,0,0,1,1,0,60,25,35
WARD COUNTY,475,51 Years,112,59,53,54,30,24,5,3,2,0,0,0,2,2,0,51,24,27
WARD COUNTY,475,52 Years,126,67,59,59,31,28,5,4,1,0,0,0,3,3,0,59,29,30
WARD COUNTY,475,53 Years,133,68,65,58,32,26,7,5,2,1,1,0,1,1,0,66,29,37
WARD COUNTY,475,54 Years,125,54,71,48,23,25,6,4,2,0,0,0,3,2,1,68,25,43
WARD COUNTY,475,55 Years,137,66,71,60,31,29,6,3,3,0,0,0,1,1,0,70,31,39
WARD COUNTY,475,56 Years,123,62,61,61,29,32,7,4,3,0,0,0,1,1,0,54,28,26
WARD COUNTY,475,57 Years,130,67,63,58,32,26,5,2,3,0,0,0,4,1,3,63,32,31
WARD COUNTY,475,58 Years,127,61,66,59,31,28,5,2,3,0,0,0,1,0,1,62,28,34
WARD COUNTY,475,59 Years,133,68,65,63,30,33,7,5,2,0,0,0,0,0,0,63,33,30
WARD COUNTY,475,60 Years,123,64,59,52,27,25,9,6,3,0,0,0,2,0,2,60,31,29
WARD COUNTY,475,61 Years,115,61,54,56,27,29,3,2,1,2,1,1,2,1,1,52,30,22
WARD COUNTY,475,62 Years,116,58,58,60,28,32,5,3,2,1,0,1,2,1,1,48,26,22
WARD COUNTY,475,63 Years,120,61,59,60,28,32,6,3,3,1,0,1,1,0,1,52,30,22
WARD COUNTY,475,64 Years,98,51,47,54,26,28,7,2,5,0,0,0,1,1,0,36,22,14
WARD COUNTY,475,65 Years,95,45,50,50,23,27,4,2,2,1,1,0,1,0,1,39,19,20
WARD COUNTY,475,66 Years,94,52,42,43,24,19,7,4,3,0,0,0,2,0,2,42,24,18
WARD COUNTY,475,67 Years,96,45,51,41,16,25,4,2,2,0,0,0,2,2,0,49,25,24
WARD COUNTY,475,68 Years,97,46,51,50,23,27,3,1,2,0,0,0,2,1,1,42,21,21
WARD COUNTY,475,69 Years,91,49,42,44,24,20,1,1,0,0,0,0,1,0,1,45,24,21
WARD COUNTY,475,70 Years,92,41,51,48,22,26,4,2,2,0,0,0,1,0,1,39,17,22
WARD COUNTY,475,71 Years,84,44,40,46,26,20,6,3,3,0,0,0,0,0,0,32,15,17
WARD COUNTY,475,72 Years,64,30,34,33,18,15,2,0,2,0,0,0,2,0,2,27,12,15
WARD COUNTY,475,73 Years,66,32,34,35,20,15,3,0,3,0,0,0,3,0,3,25,12,13
WARD COUNTY,475,74 Years,71,35,36,36,19,17,3,2,1,0,0,0,2,1,1,30,13,17
WARD COUNTY,475,75 Years,63,32,31,34,18,16,4,3,1,0,0,0,0,0,0,25,11,14
WARD COUNTY,475,76 Years,58,29,29,31,15,16,4,2,2,0,0,0,1,1,0,22,11,11
WARD COUNTY,475,77 Years,49,22,27,24,10,14,3,1,2,0,0,0,2,1,1,20,10,10
WARD COUNTY,475,78 Years,48,24,24,27,12,15,1,1,0,0,0,0,1,0,1,19,11,8
WARD COUNTY,475,79 Years,47,19,28,29,9,20,1,0,1,0,0,0,1,0,1,16,10,6
WARD COUNTY,475,80 Years,43,22,21,27,11,16,2,1,1,0,0,0,0,0,0,14,10,4
WARD COUNTY,475,81 Years,41,16,25,23,9,14,2,0,2,0,0,0,0,0,0,16,7,9
WARD COUNTY,475,82 Years,43,21,22,27,11,16,2,2,0,0,0,0,0,0,0,14,8,6
WARD COUNTY,475,83 Years,42,21,21,23,10,13,1,1,0,0,0,0,0,0,0,18,10,8
WARD COUNTY,475,84 Years,39,17,22,18,7,11,2,1,1,0,0,0,0,0,0,19,9,10
WARD COUNTY,475,85 Years,38,14,24,16,6,10,3,2,1,0,0,0,0,0,0,19,6,13
WARD COUNTY,475,86 Years,37,12,25,16,5,11,2,1,1,0,0,0,0,0,0,19,6,13
WARD COUNTY,475,87 Years,36,10,26,16,5,11,1,0,1,0,0,0,0,0,0,19,5,14
WARD COUNTY,475,88 Years,34,10,24,14,4,10,2,2,0,0,0,0,0,0,0,18,4,14
WARD COUNTY,475,89 Years,31,7,24,11,3,8,2,0,2,0,0,0,0,0,0,18,4,14
WARD COUNTY,475,90 Years,19,6,13,10,2,8,0,0,0,0,0,0,0,0,0,9,4,5
WARD COUNTY,475,91 Years,17,4,13,9,1,8,0,0,0,0,0,0,0,0,0,8,3,5
WARD COUNTY,475,92 Years,13,4,9,5,2,3,1,0,1,0,0,0,0,0,0,7,2,5
WARD COUNTY,475,93 Years,11,4,7,2,1,1,2,1,1,0,0,0,0,0,0,7,2,5
WARD COUNTY,475,94 Years,9,2,7,2,0,2,2,1,1,0,0,0,0,0,0,5,1,4
WARD COUNTY,475,95 Years +,27,7,20,9,2,7,4,1,3,0,0,0,0,0,0,14,4,10
WASHINGTON COUNTY,477,All Ages,35711,17600,18111,22709,11019,11690,6114,3017,3097,462,223,239,486,224,262,5940,3117,2823
WASHINGTON COUNTY,477,< 1 Year,374,173,201,181,77,104,60,27,33,1,1,0,8,4,4,124,64,60
WASHINGTON COUNTY,477,1 Years,385,187,198,184,87,97,63,27,36,1,1,0,10,5,5,127,67,60
WASHINGTON COUNTY,477,2 Years,402,192,210,196,93,103,62,27,35,2,1,1,11,5,6,131,66,65
WASHINGTON COUNTY,477,3 Years,416,209,207,209,111,98,67,31,36,1,0,1,11,4,7,128,63,65
WASHINGTON COUNTY,477,4 Years,409,207,202,207,111,96,65,32,33,2,1,1,13,5,8,122,58,64
WASHINGTON COUNTY,477,5 Years,406,208,198,210,113,97,63,33,30,1,1,0,9,5,4,123,56,67
WASHINGTON COUNTY,477,6 Years,420,217,203,205,113,92,68,30,38,2,1,1,12,8,4,133,65,68
WASHINGTON COUNTY,477,7 Years,436,224,212,214,120,94,72,31,41,1,1,0,9,5,4,140,67,73
WASHINGTON COUNTY,477,8 Years,404,207,197,197,105,92,66,37,29,2,1,1,9,3,6,130,61,69
WASHINGTON COUNTY,477,9 Years,457,233,224,210,111,99,91,47,44,7,4,3,12,3,9,137,68,69
WASHINGTON COUNTY,477,10 Years,456,222,234,208,101,107,98,46,52,5,3,2,12,6,6,133,66,67
WASHINGTON COUNTY,477,11 Years,435,218,217,195,101,94,89,39,50,4,2,2,13,5,8,134,71,63
WASHINGTON COUNTY,477,12 Years,452,224,228,208,109,99,97,42,55,7,5,2,8,3,5,132,65,67
WASHINGTON COUNTY,477,13 Years,471,257,214,224,126,98,106,54,52,4,3,1,6,1,5,131,73,58
WASHINGTON COUNTY,477,14 Years,466,259,207,222,115,107,87,56,31,4,1,3,8,2,6,145,85,60
WASHINGTON COUNTY,477,15 Years,491,286,205,222,124,98,106,62,44,6,3,3,11,7,4,146,90,56
WASHINGTON COUNTY,477,16 Years,451,266,185,209,120,89,94,56,38,6,2,4,7,4,3,135,84,51
WASHINGTON COUNTY,477,17 Years,464,250,214,213,110,103,82,53,29,10,4,6,4,2,2,155,81,74
WASHINGTON COUNTY,477,18 Years,642,351,291,313,167,146,179,104,75,8,4,4,11,7,4,131,69,62
WASHINGTON COUNTY,477,19 Years,626,328,298,316,164,152,190,107,83,6,3,3,10,4,6,104,50,54
WASHINGTON COUNTY,477,20 Years,511,285,226,264,137,127,144,94,50,5,4,1,13,5,8,85,45,40
WASHINGTON COUNTY,477,21 Years,434,229,205,232,119,113,109,61,48,7,4,3,11,6,5,75,39,36
WASHINGTON COUNTY,477,22 Years,333,159,174,181,91,90,70,31,39,8,3,5,8,5,3,66,29,37
WASHINGTON COUNTY,477,23 Years,350,165,185,206,103,103,66,29,37,6,4,2,8,5,3,64,24,40
WASHINGTON COUNTY,477,24 Years,385,188,197,227,114,113,80,42,38,6,2,4,6,3,3,66,27,39
WASHINGTON COUNTY,477,25 Years,416,206,210,241,116,125,98,50,48,5,2,3,9,6,3,63,32,31
WASHINGTON COUNTY,477,26 Years,447,209,238,251,111,140,96,45,51,11,6,5,9,5,4,80,42,38
WASHINGTON COUNTY,477,27 Years,627,288,339,358,164,194,128,59,69,11,4,7,17,9,8,113,52,61
WASHINGTON COUNTY,477,28 Years,523,260,263,296,145,151,106,54,52,7,2,5,11,5,6,103,54,49
WASHINGTON COUNTY,477,29 Years,350,185,165,203,106,97,62,31,31,5,3,2,5,3,2,75,42,33
WASHINGTON COUNTY,477,30 Years,421,216,205,227,114,113,107,57,50,5,2,3,10,3,7,72,40,32
WASHINGTON COUNTY,477,31 Years,419,210,209,232,115,117,90,43,47,5,1,4,7,2,5,85,49,36
WASHINGTON COUNTY,477,32 Years,402,213,189,224,114,110,83,42,41,4,1,3,3,2,1,88,54,34
WASHINGTON COUNTY,477,33 Years,397,215,182,218,119,99,77,34,43,6,4,2,3,1,2,93,57,36
WASHINGTON COUNTY,477,34 Years,387,192,195,230,118,112,71,28,43,11,5,6,4,1,3,71,40,31
WASHINGTON COUNTY,477,35 Years,402,197,205,240,122,118,68,28,40,11,5,6,6,5,1,77,37,40
WASHINGTON COUNTY,477,36 Years,402,191,211,232,114,118,72,26,46,6,2,4,3,2,1,89,47,42
WASHINGTON COUNTY,477,37 Years,392,188,204,227,113,114,71,24,47,10,5,5,2,1,1,82,45,37
WASHINGTON COUNTY,477,38 Years,387,219,168,233,134,99,68,36,32,3,2,1,5,0,5,78,47,31
WASHINGTON COUNTY,477,39 Years,377,195,182,229,118,111,60,30,30,9,6,3,4,3,1,75,38,37
WASHINGTON COUNTY,477,40 Years,396,205,191,239,119,120,64,33,31,6,2,4,5,3,2,82,48,34
WASHINGTON COUNTY,477,41 Years,363,180,183,220,109,111,67,32,35,2,0,2,3,1,2,71,38,33
WASHINGTON COUNTY,477,42 Years,354,176,178,208,100,108,62,32,30,4,1,3,4,2,2,76,41,35
WASHINGTON COUNTY,477,43 Years,345,170,175,207,96,111,51,27,24,3,1,2,6,4,2,78,42,36
WASHINGTON COUNTY,477,44 Years,344,183,161,197,95,102,63,37,26,6,4,2,5,3,2,73,44,29
WASHINGTON COUNTY,477,45 Years,356,184,172,216,107,109,63,29,34,7,4,3,1,1,0,69,43,26
WASHINGTON COUNTY,477,46 Years,378,199,179,229,114,115,66,37,29,9,4,5,0,0,0,74,44,30
WASHINGTON COUNTY,477,47 Years,379,200,179,239,115,124,61,37,24,6,3,3,2,2,0,71,43,28
WASHINGTON COUNTY,477,48 Years,411,201,210,250,115,135,77,37,40,8,5,3,5,3,2,71,41,30
WASHINGTON COUNTY,477,49 Years,402,197,205,262,120,142,67,37,30,9,5,4,3,1,2,61,34,27
WASHINGTON COUNTY,477,50 Years,361,169,192,225,107,118,60,25,35,17,5,12,1,0,1,58,32,26
WASHINGTON COUNTY,477,51 Years,356,178,178,243,125,118,48,20,28,11,3,8,2,1,1,52,29,23
WASHINGTON COUNTY,477,52 Years,401,202,199,282,137,145,67,38,29,10,6,4,2,1,1,40,20,20
WASHINGTON COUNTY,477,53 Years,432,209,223,308,142,166,73,38,35,6,3,3,2,1,1,43,25,18
WASHINGTON COUNTY,477,54 Years,484,240,244,343,169,174,84,42,42,5,2,3,4,2,2,48,25,23
WASHINGTON COUNTY,477,55 Years,497,259,238,361,186,175,74,37,37,7,5,2,5,2,3,50,29,21
WASHINGTON COUNTY,477,56 Years,469,238,231,343,175,168,72,34,38,6,4,2,2,0,2,46,25,21
WASHINGTON COUNTY,477,57 Years,508,243,265,372,180,192,82,36,46,7,3,4,5,2,3,42,22,20
WASHINGTON COUNTY,477,58 Years,518,249,269,374,174,200,91,47,44,4,2,2,4,2,2,45,24,21
WASHINGTON COUNTY,477,59 Years,488,235,253,358,169,189,89,40,49,4,3,1,4,2,2,33,21,12
WASHINGTON COUNTY,477,60 Years,498,238,260,384,186,198,66,26,40,6,2,4,7,4,3,35,20,15
WASHINGTON COUNTY,477,61 Years,508,244,264,365,171,194,88,44,44,5,2,3,9,6,3,41,21,20
WASHINGTON COUNTY,477,62 Years,472,237,235,340,168,172,85,46,39,5,2,3,4,1,3,38,20,18
WASHINGTON COUNTY,477,63 Years,513,241,272,384,182,202,79,37,42,10,5,5,5,3,2,35,14,21
WASHINGTON COUNTY,477,64 Years,491,233,258,382,181,201,63,32,31,9,3,6,5,2,3,32,15,17
WASHINGTON COUNTY,477,65 Years,477,226,251,376,182,194,57,27,30,4,1,3,3,1,2,37,15,22
WASHINGTON COUNTY,477,66 Years,479,230,249,382,190,192,60,26,34,4,2,2,2,0,2,31,12,19
WASHINGTON COUNTY,477,67 Years,448,211,237,366,174,192,52,22,30,4,2,2,4,2,2,22,11,11
WASHINGTON COUNTY,477,68 Years,435,205,230,351,168,183,54,21,33,6,2,4,7,2,5,17,12,5
WASHINGTON COUNTY,477,69 Years,399,192,207,319,156,163,44,20,24,6,3,3,4,1,3,26,12,14
WASHINGTON COUNTY,477,70 Years,415,193,222,342,164,178,47,17,30,7,3,4,3,1,2,16,8,8
WASHINGTON COUNTY,477,71 Years,430,200,230,354,171,183,42,15,27,4,2,2,4,1,3,26,11,15
WASHINGTON COUNTY,477,72 Years,356,169,187,291,136,155,41,21,20,4,3,1,1,0,1,19,9,10
WASHINGTON COUNTY,477,73 Years,323,159,164,260,127,133,44,19,25,4,4,0,0,0,0,15,9,6
WASHINGTON COUNTY,477,74 Years,342,164,178,278,133,145,39,21,18,1,0,1,2,1,1,22,9,13
WASHINGTON COUNTY,477,75 Years,316,162,154,269,135,134,33,19,14,1,1,0,3,2,1,10,5,5
WASHINGTON COUNTY,477,76 Years,290,129,161,245,108,137,33,15,18,4,3,1,3,0,3,5,3,2
WASHINGTON COUNTY,477,77 Years,276,123,153,237,104,133,27,14,13,3,1,2,1,0,1,8,4,4
WASHINGTON COUNTY,477,78 Years,241,104,137,192,81,111,38,16,22,3,2,1,1,1,0,7,4,3
WASHINGTON COUNTY,477,79 Years,240,100,140,200,85,115,31,11,20,2,1,1,1,0,1,6,3,3
WASHINGTON COUNTY,477,80 Years,222,100,122,188,82,106,24,12,12,2,2,0,1,0,1,7,4,3
WASHINGTON COUNTY,477,81 Years,196,86,110,170,75,95,17,8,9,2,1,1,1,0,1,6,2,4
WASHINGTON COUNTY,477,82 Years,191,77,114,166,70,96,17,4,13,2,1,1,0,0,0,6,2,4
WASHINGTON COUNTY,477,83 Years,177,71,106,157,65,92,16,5,11,0,0,0,0,0,0,4,1,3
WASHINGTON COUNTY,477,84 Years,157,65,92,139,58,81,12,5,7,0,0,0,2,2,0,4,0,4
WASHINGTON COUNTY,477,85 Years,155,62,93,140,56,84,9,4,5,2,0,2,0,0,0,4,2,2
WASHINGTON COUNTY,477,86 Years,139,51,88,124,46,78,9,4,5,1,0,1,0,0,0,5,1,4
WASHINGTON COUNTY,477,87 Years,143,55,88,125,48,77,10,4,6,1,1,0,1,0,1,6,2,4
WASHINGTON COUNTY,477,88 Years,141,51,90,122,45,77,13,4,9,0,0,0,2,0,2,4,2,2
WASHINGTON COUNTY,477,89 Years,110,41,69,99,38,61,9,3,6,0,0,0,1,0,1,1,0,1
WASHINGTON COUNTY,477,90 Years,89,33,56,75,28,47,7,3,4,0,0,0,3,1,2,4,1,3
WASHINGTON COUNTY,477,91 Years,83,27,56,71,23,48,7,3,4,0,0,0,1,0,1,4,1,3
WASHINGTON COUNTY,477,92 Years,63,19,44,53,17,36,6,2,4,1,0,1,1,0,1,2,0,2
WASHINGTON COUNTY,477,93 Years,55,14,41,47,13,34,5,1,4,1,0,1,0,0,0,2,0,2
WASHINGTON COUNTY,477,94 Years,50,14,36,43,12,31,4,1,3,0,0,0,0,0,0,3,1,2
WASHINGTON COUNTY,477,95 Years +,124,29,95,103,22,81,14,5,9,0,0,0,1,0,1,6,2,4
WEBB COUNTY,479,All Ages,280945,137499,143446,11196,6083,5113,626,410,216,1514,760,754,570,316,254,267039,129930,137109
WEBB COUNTY,479,< 1 Year,4322,2188,2134,179,86,93,17,8,9,14,10,4,5,4,1,4107,2080,2027
WEBB COUNTY,479,1 Years,4392,2241,2151,188,93,95,15,7,8,15,9,6,5,3,2,4169,2129,2040
WEBB COUNTY,479,2 Years,4585,2349,2236,189,101,88,16,9,7,14,7,7,6,3,3,4360,2229,2131
WEBB COUNTY,479,3 Years,4761,2458,2303,191,104,87,15,9,6,14,7,7,5,2,3,4536,2336,2200
WEBB COUNTY,479,4 Years,4867,2518,2349,189,104,85,16,9,7,15,8,7,5,3,2,4642,2394,2248
WEBB COUNTY,479,5 Years,4890,2527,2363,197,96,101,14,7,7,16,9,7,8,6,2,4655,2409,2246
WEBB COUNTY,479,6 Years,4868,2507,2361,205,97,108,11,4,7,16,8,8,8,6,2,4628,2392,2236
WEBB COUNTY,479,7 Years,4846,2458,2388,183,77,106,8,1,7,16,7,9,7,4,3,4632,2369,2263
WEBB COUNTY,479,8 Years,4286,2114,2172,162,81,81,4,3,1,16,6,10,5,4,1,4099,2020,2079
WEBB COUNTY,479,9 Years,4917,2467,2450,183,92,91,5,4,1,20,8,12,10,4,6,4699,2359,2340
WEBB COUNTY,479,10 Years,5049,2548,2501,172,85,87,8,4,4,21,11,10,11,7,4,4837,2441,2396
WEBB COUNTY,479,11 Years,4998,2517,2481,158,69,89,13,10,3,15,8,7,6,3,3,4806,2427,2379
WEBB COUNTY,479,12 Years,4813,2415,2398,145,79,66,6,5,1,21,12,9,9,5,4,4632,2314,2318
WEBB COUNTY,479,13 Years,4873,2518,2355,144,79,65,11,6,5,17,10,7,10,6,4,4691,2417,2274
WEBB COUNTY,479,14 Years,4840,2542,2298,127,75,52,9,7,2,18,7,11,10,5,5,4676,2448,2228
WEBB COUNTY,479,15 Years,4724,2440,2284,113,64,49,8,6,2,22,12,10,7,4,3,4574,2354,2220
WEBB COUNTY,479,16 Years,4760,2441,2319,112,58,54,6,3,3,19,9,10,9,6,3,4614,2365,2249
WEBB COUNTY,479,17 Years,4658,2369,2289,92,47,45,11,5,6,26,10,16,8,6,2,4521,2301,2220
WEBB COUNTY,479,18 Years,4762,2377,2385,99,50,49,22,15,7,21,12,9,12,8,4,4608,2292,2316
WEBB COUNTY,479,19 Years,5500,2654,2846,147,60,87,10,6,4,28,16,12,15,7,8,5300,2565,2735
WEBB COUNTY,479,20 Years,5078,2588,2490,97,37,60,8,2,6,29,20,9,17,15,2,4927,2514,2413
WEBB COUNTY,479,21 Years,4877,2399,2478,160,100,60,13,8,5,22,16,6,9,4,5,4673,2271,2402
WEBB COUNTY,479,22 Years,4918,2368,2550,130,49,81,25,18,7,29,15,14,6,3,3,4728,2283,2445
WEBB COUNTY,479,23 Years,4825,2445,2380,165,98,67,13,9,4,18,9,9,16,2,14,4613,2327,2286
WEBB COUNTY,479,24 Years,5002,2484,2518,121,48,73,5,4,1,32,11,21,9,6,3,4835,2415,2420
WEBB COUNTY,479,25 Years,5096,2522,2574,179,85,94,17,11,6,19,11,8,11,8,3,4870,2407,2463
WEBB COUNTY,479,26 Years,4883,2392,2491,143,69,74,1,0,1,22,15,7,5,2,3,4712,2306,2406
WEBB COUNTY,479,27 Years,3888,2084,1804,107,79,28,9,9,0,16,12,4,4,3,1,3752,1981,1771
WEBB COUNTY,479,28 Years,3562,1817,1745,183,130,53,6,6,0,10,6,4,2,2,0,3361,1673,1688
WEBB COUNTY,479,29 Years,3459,1786,1673,126,73,53,9,2,7,9,1,8,9,9,0,3306,1701,1605
WEBB COUNTY,479,30 Years,3434,1818,1616,112,70,42,10,10,0,4,0,4,15,10,5,3293,1728,1565
WEBB COUNTY,479,31 Years,3503,1752,1751,97,44,53,0,0,0,12,8,4,11,10,1,3383,1690,1693
WEBB COUNTY,479,32 Years,3607,1805,1802,154,75,79,5,5,0,12,9,3,9,6,3,3427,1710,1717
WEBB COUNTY,479,33 Years,3616,1793,1823,150,91,59,2,2,0,30,15,15,7,5,2,3427,1680,1747
WEBB COUNTY,479,34 Years,3670,1809,1861,152,95,57,5,2,3,33,12,21,11,5,6,3469,1695,1774
WEBB COUNTY,479,35 Years,3609,1815,1794,170,105,65,5,0,5,29,8,21,9,5,4,3396,1697,1699
WEBB COUNTY,479,36 Years,3681,1834,1847,155,95,60,6,4,2,26,11,15,8,5,3,3486,1719,1767
WEBB COUNTY,479,37 Years,3707,1790,1917,141,75,66,7,7,0,24,11,13,8,7,1,3527,1690,1837
WEBB COUNTY,479,38 Years,3773,1836,1937,142,77,65,17,16,1,20,9,11,8,6,2,3586,1728,1858
WEBB COUNTY,479,39 Years,3525,1733,1792,130,84,46,5,4,1,20,9,11,8,4,4,3362,1632,1730
WEBB COUNTY,479,40 Years,3379,1659,1720,115,69,46,9,7,2,22,10,12,6,4,2,3227,1569,1658
WEBB COUNTY,479,41 Years,3469,1731,1738,108,71,37,18,15,3,21,10,11,5,3,2,3317,1632,1685
WEBB COUNTY,479,42 Years,3682,1806,1876,112,70,42,19,17,2,34,16,18,5,2,3,3512,1701,1811
WEBB COUNTY,479,43 Years,3749,1786,1963,120,69,51,10,8,2,29,11,18,9,1,8,3581,1697,1884
WEBB COUNTY,479,44 Years,3677,1746,1931,108,59,49,10,7,3,32,14,18,7,3,4,3520,1663,1857
WEBB COUNTY,479,45 Years,3605,1766,1839,121,66,55,6,4,2,21,8,13,3,1,2,3454,1687,1767
WEBB COUNTY,479,46 Years,3625,1719,1906,129,70,59,5,1,4,25,12,13,5,2,3,3461,1634,1827
WEBB COUNTY,479,47 Years,3575,1658,1917,127,82,45,9,7,2,34,16,18,8,1,7,3397,1552,1845
WEBB COUNTY,479,48 Years,3561,1652,1909,131,78,53,8,5,3,38,18,20,6,3,3,3378,1548,1830
WEBB COUNTY,479,49 Years,3398,1624,1774,119,66,53,4,1,3,33,16,17,7,6,1,3235,1535,1700
WEBB COUNTY,479,50 Years,3239,1504,1735,112,58,54,5,0,5,40,27,13,8,5,3,3074,1414,1660
WEBB COUNTY,479,51 Years,3087,1442,1645,133,72,61,4,2,2,23,11,12,10,4,6,2917,1353,1564
WEBB COUNTY,479,52 Years,3022,1416,1606,119,63,56,6,4,2,22,9,13,10,5,5,2865,1335,1530
WEBB COUNTY,479,53 Years,3042,1415,1627,135,75,60,4,3,1,29,17,12,10,2,8,2864,1318,1546
WEBB COUNTY,479,54 Years,2891,1349,1542,130,78,52,4,4,0,26,18,8,6,2,4,2725,1247,1478
WEBB COUNTY,479,55 Years,2864,1377,1487,126,71,55,7,6,1,29,15,14,6,2,4,2696,1283,1413
WEBB COUNTY,479,56 Years,2780,1381,1399,142,79,63,9,7,2,23,12,11,3,1,2,2603,1282,1321
WEBB COUNTY,479,57 Years,2788,1282,1506,172,93,79,8,6,2,19,8,11,2,1,1,2587,1174,1413
WEBB COUNTY,479,58 Years,2758,1333,1425,150,74,76,6,4,2,13,8,5,6,5,1,2583,1242,1341
WEBB COUNTY,479,59 Years,2561,1230,1331,151,83,68,9,7,2,14,6,8,2,1,1,2385,1133,1252
WEBB COUNTY,479,60 Years,2502,1141,1361,158,96,62,9,7,2,11,4,7,8,3,5,2316,1031,1285
WEBB COUNTY,479,61 Years,2481,1118,1363,142,73,69,6,5,1,19,9,10,8,4,4,2306,1027,1279
WEBB COUNTY,479,62 Years,2371,1123,1248,144,80,64,10,5,5,21,10,11,8,5,3,2188,1023,1165
WEBB COUNTY,479,63 Years,2274,1054,1220,146,72,74,7,5,2,21,12,9,4,1,3,2096,964,1132
WEBB COUNTY,479,64 Years,2121,978,1143,135,77,58,5,5,0,13,6,7,7,2,5,1961,888,1073
WEBB COUNTY,479,65 Years,1938,919,1019,153,101,52,3,2,1,8,4,4,8,3,5,1766,809,957
WEBB COUNTY,479,66 Years,1834,823,1011,120,66,54,2,0,2,12,6,6,4,1,3,1696,750,946
WEBB COUNTY,479,67 Years,1787,812,975,137,60,77,2,0,2,8,3,5,7,3,4,1633,746,887
WEBB COUNTY,479,68 Years,1763,798,965,144,73,71,2,0,2,7,3,4,7,3,4,1603,719,884
WEBB COUNTY,479,69 Years,1685,793,892,154,97,57,5,3,2,9,4,5,4,2,2,1513,687,826
WEBB COUNTY,479,70 Years,1716,813,903,152,86,66,4,2,2,14,8,6,4,3,1,1542,714,828
WEBB COUNTY,479,71 Years,1550,699,851,127,66,61,3,2,1,11,7,4,5,2,3,1404,622,782
WEBB COUNTY,479,72 Years,1347,602,745,102,54,48,2,2,0,6,3,3,3,2,1,1234,541,693
WEBB COUNTY,479,73 Years,1305,569,736,108,55,53,1,1,0,7,4,3,4,2,2,1185,507,678
WEBB COUNTY,479,74 Years,1161,495,666,78,44,34,1,1,0,4,2,2,1,1,0,1077,447,630
WEBB COUNTY,479,75 Years,1084,471,613,83,51,32,2,1,1,3,2,1,1,0,1,995,417,578
WEBB COUNTY,479,76 Years,1043,443,600,77,47,30,2,2,0,3,1,2,3,1,2,958,392,566
WEBB COUNTY,479,77 Years,950,424,526,62,36,26,1,1,0,5,4,1,1,0,1,881,383,498
WEBB COUNTY,479,78 Years,873,374,499,61,34,27,1,1,0,2,2,0,1,1,0,808,336,472
WEBB COUNTY,479,79 Years,813,342,471,55,27,28,0,0,0,2,2,0,3,3,0,753,310,443
WEBB COUNTY,479,80 Years,732,301,431,41,23,18,1,1,0,2,2,0,2,2,0,686,273,413
WEBB COUNTY,479,81 Years,647,249,398,35,25,10,1,1,0,2,1,1,2,1,1,607,221,386
WEBB COUNTY,479,82 Years,643,254,389,31,18,13,0,0,0,1,0,1,3,2,1,608,234,374
WEBB COUNTY,479,83 Years,571,225,346,27,18,9,1,0,1,3,0,3,0,0,0,540,207,333
WEBB COUNTY,479,84 Years,479,191,288,18,10,8,0,0,0,2,1,1,0,0,0,459,180,279
WEBB COUNTY,479,85 Years,419,159,260,21,7,14,1,1,0,1,1,0,1,1,0,395,149,246
WEBB COUNTY,479,86 Years,433,162,271,22,12,10,0,0,0,1,1,0,0,0,0,410,149,261
WEBB COUNTY,479,87 Years,375,143,232,13,5,8,0,0,0,1,0,1,0,0,0,361,138,223
WEBB COUNTY,479,88 Years,356,134,222,21,9,12,1,0,1,1,0,1,2,1,1,331,124,207
WEBB COUNTY,479,89 Years,311,110,201,15,9,6,0,0,0,1,0,1,0,0,0,295,101,194
WEBB COUNTY,479,90 Years,260,90,170,17,8,9,0,0,0,1,0,1,1,0,1,241,82,159
WEBB COUNTY,479,91 Years,220,72,148,16,7,9,0,0,0,2,1,1,0,0,0,202,64,138
WEBB COUNTY,479,92 Years,179,54,125,10,6,4,0,0,0,1,0,1,0,0,0,168,48,120
WEBB COUNTY,479,93 Years,145,47,98,6,4,2,0,0,0,0,0,0,0,0,0,139,43,96
WEBB COUNTY,479,94 Years,110,35,75,4,2,2,0,0,0,0,0,0,1,0,1,105,33,72
WEBB COUNTY,479,95 Years +,291,88,203,12,3,9,0,0,0,2,1,1,0,0,0,277,84,193
WHARTON COUNTY,481,All Ages,41093,20241,20852,18023,8740,9283,5187,2451,2736,192,93,99,402,207,195,17289,8750,8539
WHARTON COUNTY,481,< 1 Year,564,286,278,163,86,77,61,28,33,6,3,3,12,7,5,322,162,160
WHARTON COUNTY,481,1 Years,568,290,278,173,91,82,58,30,28,3,1,2,10,5,5,324,163,161
WHARTON COUNTY,481,2 Years,566,293,273,176,93,83,60,33,27,5,3,2,10,5,5,315,159,156
WHARTON COUNTY,481,3 Years,567,289,278,182,94,88,60,32,28,5,3,2,9,4,5,311,156,155
WHARTON COUNTY,481,4 Years,556,283,273,178,93,85,64,34,30,7,4,3,9,5,4,298,147,151
WHARTON COUNTY,481,5 Years,539,275,264,176,88,88,59,32,27,5,3,2,9,4,5,290,148,142
WHARTON COUNTY,481,6 Years,539,282,257,178,86,92,59,35,24,6,3,3,8,4,4,288,154,134
WHARTON COUNTY,481,7 Years,551,288,263,179,88,91,58,35,23,4,3,1,11,5,6,299,157,142
WHARTON COUNTY,481,8 Years,567,300,267,184,102,82,55,25,30,6,2,4,10,8,2,312,163,149
WHARTON COUNTY,481,9 Years,576,302,274,182,100,82,69,38,31,1,0,1,9,4,5,315,160,155
WHARTON COUNTY,481,10 Years,612,317,295,195,108,87,90,42,48,1,1,0,8,3,5,318,163,155
WHARTON COUNTY,481,11 Years,618,313,305,184,86,98,84,45,39,1,1,0,11,6,5,338,175,163
WHARTON COUNTY,481,12 Years,603,310,293,175,83,92,66,36,30,2,0,2,9,4,5,351,187,164
WHARTON COUNTY,481,13 Years,611,321,290,175,84,91,78,39,39,1,0,1,12,7,5,345,191,154
WHARTON COUNTY,481,14 Years,651,332,319,212,110,102,73,33,40,2,1,1,12,8,4,352,180,172
WHARTON COUNTY,481,15 Years,616,305,311,197,98,99,78,34,44,1,1,0,9,6,3,331,166,165
WHARTON COUNTY,481,16 Years,615,323,292,196,100,96,77,38,39,3,1,2,4,2,2,335,182,153
WHARTON COUNTY,481,17 Years,570,297,273,197,101,96,71,42,29,1,1,0,3,2,1,298,151,147
WHARTON COUNTY,481,18 Years,571,285,286,198,99,99,75,38,37,0,0,0,4,2,2,294,146,148
WHARTON COUNTY,481,19 Years,489,243,246,157,76,81,53,25,28,0,0,0,7,4,3,272,138,134
WHARTON COUNTY,481,20 Years,489,253,236,148,79,69,64,36,28,3,0,3,6,3,3,268,135,133
WHARTON COUNTY,481,21 Years,494,233,261,148,71,77,63,29,34,2,0,2,6,2,4,275,131,144
WHARTON COUNTY,481,22 Years,473,238,235,162,79,83,64,30,34,2,0,2,5,1,4,240,128,112
WHARTON COUNTY,481,23 Years,463,252,211,184,99,85,64,35,29,3,1,2,3,2,1,209,115,94
WHARTON COUNTY,481,24 Years,554,299,255,202,112,90,69,37,32,3,1,2,6,5,1,274,144,130
WHARTON COUNTY,481,25 Years,573,297,276,201,103,98,71,34,37,2,0,2,6,4,2,293,156,137
WHARTON COUNTY,481,26 Years,524,280,244,183,93,90,79,42,37,1,0,1,7,7,0,254,138,116
WHARTON COUNTY,481,27 Years,565,295,270,206,113,93,95,42,53,7,5,2,3,3,0,254,132,122
WHARTON COUNTY,481,28 Years,592,297,295,208,104,104,87,41,46,3,1,2,6,2,4,288,149,139
WHARTON COUNTY,481,29 Years,528,267,261,212,104,108,69,33,36,1,1,0,6,2,4,240,127,113
WHARTON COUNTY,481,30 Years,481,257,224,192,104,88,61,29,32,4,3,1,3,2,1,221,119,102
WHARTON COUNTY,481,31 Years,498,263,235,191,101,90,62,33,29,2,2,0,1,1,0,242,126,116
WHARTON COUNTY,481,32 Years,513,254,259,184,95,89,67,35,32,3,1,2,2,0,2,257,123,134
WHARTON COUNTY,481,33 Years,499,246,253,185,98,87,59,22,37,3,1,2,3,2,1,249,123,126
WHARTON COUNTY,481,34 Years,520,270,250,211,106,105,76,37,39,3,0,3,3,2,1,227,125,102
WHARTON COUNTY,481,35 Years,511,244,267,204,93,111,74,38,36,1,0,1,5,2,3,227,111,116
WHARTON COUNTY,481,36 Years,516,231,285,217,93,124,58,25,33,4,2,2,5,2,3,232,109,123
WHARTON COUNTY,481,37 Years,490,242,248,211,103,108,55,23,32,1,1,0,4,1,3,219,114,105
WHARTON COUNTY,481,38 Years,465,231,234,198,103,95,53,20,33,3,1,2,1,1,0,210,106,104
WHARTON COUNTY,481,39 Years,485,230,255,213,101,112,69,29,40,2,0,2,1,1,0,200,99,101
WHARTON COUNTY,481,40 Years,460,227,233,189,91,98,57,28,29,1,0,1,2,1,1,211,107,104
WHARTON COUNTY,481,41 Years,446,213,233,185,89,96,59,27,32,2,1,1,5,3,2,195,93,102
WHARTON COUNTY,481,42 Years,449,219,230,172,83,89,53,21,32,2,1,1,3,2,1,219,112,107
WHARTON COUNTY,481,43 Years,417,197,220,178,87,91,50,19,31,0,0,0,4,2,2,185,89,96
WHARTON COUNTY,481,44 Years,430,219,211,186,103,83,45,23,22,4,3,1,1,1,0,194,89,105
WHARTON COUNTY,481,45 Years,413,209,204,170,88,82,46,26,20,4,3,1,2,1,1,191,91,100
WHARTON COUNTY,481,46 Years,461,221,240,194,94,100,47,27,20,3,2,1,3,1,2,214,97,117
WHARTON COUNTY,481,47 Years,479,235,244,203,105,98,60,29,31,4,3,1,3,1,2,209,97,112
WHARTON COUNTY,481,48 Years,485,239,246,223,107,116,60,30,30,2,1,1,2,1,1,198,100,98
WHARTON COUNTY,481,49 Years,432,210,222,194,90,104,49,27,22,1,0,1,2,1,1,186,92,94
WHARTON COUNTY,481,50 Years,453,212,241,186,87,99,52,25,27,1,0,1,4,3,1,210,97,113
WHARTON COUNTY,481,51 Years,483,243,240,218,112,106,61,29,32,2,0,2,3,2,1,199,100,99
WHARTON COUNTY,481,52 Years,485,254,231,226,117,109,65,31,34,2,1,1,1,0,1,191,105,86
WHARTON COUNTY,481,53 Years,505,241,264,240,117,123,72,26,46,3,1,2,2,2,0,188,95,93
WHARTON COUNTY,481,54 Years,516,253,263,257,127,130,60,23,37,2,0,2,3,0,3,194,103,91
WHARTON COUNTY,481,55 Years,516,243,273,259,118,141,65,31,34,4,2,2,3,0,3,185,92,93
WHARTON COUNTY,481,56 Years,490,234,256,251,114,137,68,32,36,2,2,0,4,2,2,165,84,81
WHARTON COUNTY,481,57 Years,523,262,261,275,133,142,74,32,42,1,0,1,7,4,3,166,93,73
WHARTON COUNTY,481,58 Years,516,246,270,286,136,150,70,30,40,0,0,0,6,5,1,154,75,79
WHARTON COUNTY,481,59 Years,526,254,272,292,139,153,79,37,42,1,1,0,5,2,3,149,75,74
WHARTON COUNTY,481,60 Years,524,256,268,292,136,156,75,37,38,1,1,0,3,2,1,153,80,73
WHARTON COUNTY,481,61 Years,540,246,294,304,141,163,70,31,39,1,1,0,3,0,3,162,73,89
WHARTON COUNTY,481,62 Years,553,265,288,318,150,168,68,32,36,5,3,2,3,0,3,159,80,79
WHARTON COUNTY,481,63 Years,519,237,282,280,117,163,75,37,38,4,2,2,1,0,1,159,81,78
WHARTON COUNTY,481,64 Years,498,239,259,292,140,152,72,31,41,1,0,1,5,4,1,128,64,64
WHARTON COUNTY,481,65 Years,478,237,241,287,142,145,62,28,34,2,1,1,5,3,2,122,63,59
WHARTON COUNTY,481,66 Years,458,234,224,286,147,139,50,25,25,1,1,0,4,2,2,117,59,58
WHARTON COUNTY,481,67 Years,489,241,248,299,146,153,59,27,32,3,2,1,3,2,1,125,64,61
WHARTON COUNTY,481,68 Years,463,220,243,279,136,143,58,25,33,3,1,2,4,2,2,119,56,63
WHARTON COUNTY,481,69 Years,432,209,223,276,137,139,53,18,35,2,1,1,4,2,2,97,51,46
WHARTON COUNTY,481,70 Years,406,190,216,248,120,128,54,21,33,3,2,1,4,0,4,97,47,50
WHARTON COUNTY,481,71 Years,378,177,201,253,115,138,43,18,25,3,2,1,4,2,2,75,40,35
WHARTON COUNTY,481,72 Years,320,144,176,207,94,113,35,15,20,2,0,2,4,2,2,72,33,39
WHARTON COUNTY,481,73 Years,318,147,171,203,90,113,39,22,17,1,0,1,2,1,1,73,34,39
WHARTON COUNTY,481,74 Years,310,150,160,205,101,104,39,17,22,2,1,1,3,1,2,61,30,31
WHARTON COUNTY,481,75 Years,297,143,154,196,100,96,39,17,22,1,0,1,5,0,5,56,26,30
WHARTON COUNTY,481,76 Years,285,129,156,187,85,102,41,16,25,1,1,0,4,1,3,52,26,26
WHARTON COUNTY,481,77 Years,263,118,145,163,72,91,40,16,24,0,0,0,1,1,0,59,29,30
WHARTON COUNTY,481,78 Years,228,102,126,146,62,84,31,15,16,0,0,0,1,1,0,50,24,26
WHARTON COUNTY,481,79 Years,228,97,131,144,59,85,30,12,18,1,1,0,4,3,1,49,22,27
WHARTON COUNTY,481,80 Years,232,104,128,151,67,84,36,19,17,0,0,0,2,1,1,43,17,26
WHARTON COUNTY,481,81 Years,205,92,113,139,64,75,29,11,18,1,1,0,1,1,0,35,15,20
WHARTON COUNTY,481,82 Years,181,73,108,123,51,72,23,8,15,0,0,0,0,0,0,35,14,21
WHARTON COUNTY,481,83 Years,166,71,95,115,51,64,23,8,15,0,0,0,1,1,0,27,11,16
WHARTON COUNTY,481,84 Years,150,60,90,101,42,59,21,7,14,0,0,0,1,0,1,27,11,16
WHARTON COUNTY,481,85 Years,132,56,76,94,41,53,19,7,12,0,0,0,1,0,1,18,8,10
WHARTON COUNTY,481,86 Years,114,47,67,84,35,49,14,6,8,0,0,0,0,0,0,16,6,10
WHARTON COUNTY,481,87 Years,112,36,76,81,25,56,10,4,6,0,0,0,1,0,1,20,7,13
WHARTON COUNTY,481,88 Years,107,33,74,72,22,50,16,5,11,0,0,0,1,0,1,18,6,12
WHARTON COUNTY,481,89 Years,85,27,58,59,19,40,9,3,6,0,0,0,2,1,1,15,4,11
WHARTON COUNTY,481,90 Years,75,28,47,52,19,33,7,3,4,0,0,0,0,0,0,16,6,10
WHARTON COUNTY,481,91 Years,61,21,40,42,13,29,8,3,5,0,0,0,0,0,0,11,5,6
WHARTON COUNTY,481,92 Years,52,17,35,33,13,20,9,1,8,0,0,0,0,0,0,10,3,7
WHARTON COUNTY,481,93 Years,45,15,30,31,10,21,8,2,6,0,0,0,0,0,0,6,3,3
WHARTON COUNTY,481,94 Years,38,11,27,27,7,20,5,2,3,0,0,0,1,0,1,5,2,3
WHARTON COUNTY,481,95 Years +,84,25,59,53,14,39,18,5,13,0,0,0,1,0,1,12,6,6
WHEELER COUNTY,483,All Ages,5201,2585,2616,3479,1723,1756,110,50,60,20,5,15,119,53,66,1473,754,719
WHEELER COUNTY,483,< 1 Year,57,30,27,35,19,16,0,0,0,0,0,0,0,0,0,22,11,11
WHEELER COUNTY,483,1 Years,62,30,32,33,16,17,0,0,0,0,0,0,6,4,2,23,10,13
WHEELER COUNTY,483,2 Years,72,37,35,40,19,21,0,0,0,0,0,0,4,3,1,28,15,13
WHEELER COUNTY,483,3 Years,84,42,42,37,18,19,2,1,1,0,0,0,8,3,5,37,20,17
WHEELER COUNTY,483,4 Years,84,43,41,33,17,16,2,1,1,0,0,0,8,3,5,41,22,19
WHEELER COUNTY,483,5 Years,83,41,42,30,15,15,2,1,1,0,0,0,9,4,5,42,21,21
WHEELER COUNTY,483,6 Years,67,36,31,29,16,13,1,1,0,0,0,0,2,1,1,35,18,17
WHEELER COUNTY,483,7 Years,69,36,33,31,17,14,2,2,0,0,0,0,0,0,0,36,17,19
WHEELER COUNTY,483,8 Years,79,47,32,37,19,18,0,0,0,0,0,0,3,1,2,39,27,12
WHEELER COUNTY,483,9 Years,70,41,29,32,17,15,0,0,0,1,0,1,2,0,2,35,24,11
WHEELER COUNTY,483,10 Years,68,38,30,30,17,13,1,1,0,0,0,0,2,0,2,35,20,15
WHEELER COUNTY,483,11 Years,69,33,36,26,13,13,1,0,1,1,0,1,1,0,1,40,20,20
WHEELER COUNTY,483,12 Years,76,36,40,30,14,16,1,1,0,1,0,1,2,1,1,42,20,22
WHEELER COUNTY,483,13 Years,78,41,37,39,25,14,5,1,4,0,0,0,2,1,1,32,14,18
WHEELER COUNTY,483,14 Years,73,31,42,37,17,20,2,1,1,0,0,0,4,2,2,30,11,19
WHEELER COUNTY,483,15 Years,74,36,38,37,19,18,2,1,1,0,0,0,1,0,1,34,16,18
WHEELER COUNTY,483,16 Years,68,40,28,32,21,11,2,0,2,0,0,0,1,0,1,33,19,14
WHEELER COUNTY,483,17 Years,59,33,26,32,16,16,1,1,0,0,0,0,2,1,1,24,15,9
WHEELER COUNTY,483,18 Years,66,30,36,40,20,20,2,1,1,0,0,0,1,0,1,23,9,14
WHEELER COUNTY,483,19 Years,61,33,28,34,20,14,1,0,1,0,0,0,1,0,1,25,13,12
WHEELER COUNTY,483,20 Years,64,33,31,32,17,15,2,0,2,0,0,0,2,2,0,28,14,14
WHEELER COUNTY,483,21 Years,64,31,33,34,18,16,3,0,3,0,0,0,3,1,2,24,12,12
WHEELER COUNTY,483,22 Years,65,31,34,41,19,22,3,1,2,0,0,0,0,0,0,21,11,10
WHEELER COUNTY,483,23 Years,60,29,31,35,17,18,1,0,1,0,0,0,0,0,0,24,12,12
WHEELER COUNTY,483,24 Years,60,24,36,39,17,22,1,0,1,0,0,0,2,0,2,18,7,11
WHEELER COUNTY,483,25 Years,70,39,31,44,25,19,3,1,2,0,0,0,1,0,1,22,13,9
WHEELER COUNTY,483,26 Years,75,40,35,47,26,21,3,2,1,0,0,0,1,0,1,24,12,12
WHEELER COUNTY,483,27 Years,56,30,26,28,15,13,2,1,1,0,0,0,3,2,1,23,12,11
WHEELER COUNTY,483,28 Years,41,23,18,26,14,12,1,1,0,0,0,0,2,1,1,12,7,5
WHEELER COUNTY,483,29 Years,37,17,20,23,10,13,1,1,0,0,0,0,0,0,0,13,6,7
WHEELER COUNTY,483,30 Years,43,18,25,26,10,16,2,1,1,0,0,0,0,0,0,15,7,8
WHEELER COUNTY,483,31 Years,56,34,22,34,19,15,3,1,2,0,0,0,1,1,0,18,13,5
WHEELER COUNTY,483,32 Years,59,30,29,34,15,19,1,0,1,0,0,0,1,1,0,23,14,9
WHEELER COUNTY,483,33 Years,63,26,37,43,18,25,1,0,1,0,0,0,0,0,0,19,8,11
WHEELER COUNTY,483,34 Years,63,28,35,44,21,23,3,0,3,0,0,0,0,0,0,16,7,9
WHEELER COUNTY,483,35 Years,63,34,29,42,22,20,2,1,1,0,0,0,2,0,2,17,11,6
WHEELER COUNTY,483,36 Years,58,27,31,33,16,17,1,1,0,0,0,0,3,1,2,21,9,12
WHEELER COUNTY,483,37 Years,53,25,28,35,17,18,0,0,0,0,0,0,1,0,1,17,8,9
WHEELER COUNTY,483,38 Years,63,30,33,38,19,19,1,0,1,0,0,0,1,1,0,23,10,13
WHEELER COUNTY,483,39 Years,51,29,22,31,17,14,2,2,0,1,1,0,0,0,0,17,9,8
WHEELER COUNTY,483,40 Years,40,21,19,23,11,12,2,2,0,0,0,0,0,0,0,15,8,7
WHEELER COUNTY,483,41 Years,50,22,28,28,10,18,2,2,0,0,0,0,1,1,0,19,9,10
WHEELER COUNTY,483,42 Years,56,25,31,28,12,16,0,0,0,1,0,1,0,0,0,27,13,14
WHEELER COUNTY,483,43 Years,66,37,29,41,21,20,1,1,0,0,0,0,1,1,0,23,14,9
WHEELER COUNTY,483,44 Years,57,32,25,36,22,14,2,0,2,0,0,0,1,1,0,18,9,9
WHEELER COUNTY,483,45 Years,57,25,32,39,18,21,2,1,1,1,0,1,0,0,0,15,6,9
WHEELER COUNTY,483,46 Years,52,27,25,31,18,13,3,2,1,0,0,0,0,0,0,18,7,11
WHEELER COUNTY,483,47 Years,60,27,33,42,20,22,1,1,0,0,0,0,0,0,0,17,6,11
WHEELER COUNTY,483,48 Years,52,22,30,36,15,21,0,0,0,0,0,0,0,0,0,16,7,9
WHEELER COUNTY,483,49 Years,52,27,25,36,18,18,0,0,0,0,0,0,0,0,0,16,9,7
WHEELER COUNTY,483,50 Years,47,26,21,31,18,13,2,0,2,0,0,0,0,0,0,14,8,6
WHEELER COUNTY,483,51 Years,51,30,21,41,26,15,1,1,0,0,0,0,0,0,0,9,3,6
WHEELER COUNTY,483,52 Years,45,26,19,30,18,12,2,1,1,0,0,0,1,1,0,12,6,6
WHEELER COUNTY,483,53 Years,50,24,26,34,16,18,2,1,1,0,0,0,0,0,0,14,7,7
WHEELER COUNTY,483,54 Years,54,24,30,37,17,20,1,1,0,0,0,0,1,0,1,15,6,9
WHEELER COUNTY,483,55 Years,62,31,31,48,24,24,2,2,0,0,0,0,1,1,0,11,4,7
WHEELER COUNTY,483,56 Years,65,31,34,52,23,29,3,1,2,0,0,0,1,1,0,9,6,3
WHEELER COUNTY,483,57 Years,67,30,37,50,21,29,2,0,2,1,0,1,2,2,0,12,7,5
WHEELER COUNTY,483,58 Years,65,28,37,56,22,34,1,1,0,0,0,0,1,0,1,7,5,2
WHEELER COUNTY,483,59 Years,70,32,38,60,30,30,0,0,0,0,0,0,1,0,1,9,2,7
WHEELER COUNTY,483,60 Years,73,31,42,64,28,36,1,1,0,0,0,0,1,0,1,7,2,5
WHEELER COUNTY,483,61 Years,78,43,35,67,37,30,2,0,2,1,0,1,0,0,0,8,6,2
WHEELER COUNTY,483,62 Years,81,35,46,73,31,42,1,0,1,1,0,1,0,0,0,6,4,2
WHEELER COUNTY,483,63 Years,83,41,42,75,38,37,1,0,1,0,0,0,1,0,1,6,3,3
WHEELER COUNTY,483,64 Years,70,35,35,59,30,29,0,0,0,0,0,0,2,0,2,9,5,4
WHEELER COUNTY,483,65 Years,63,33,30,50,24,26,2,1,1,0,0,0,4,3,1,7,5,2
WHEELER COUNTY,483,66 Years,64,37,27,57,31,26,1,1,0,0,0,0,2,2,0,4,3,1
WHEELER COUNTY,483,67 Years,65,33,32,56,27,29,1,0,1,1,0,1,1,1,0,6,5,1
WHEELER COUNTY,483,68 Years,59,30,29,50,25,25,1,0,1,0,0,0,1,1,0,7,4,3
WHEELER COUNTY,483,69 Years,57,30,27,51,26,25,0,0,0,0,0,0,1,1,0,5,3,2
WHEELER COUNTY,483,70 Years,63,34,29,55,30,25,1,0,1,1,1,0,1,1,0,5,2,3
WHEELER COUNTY,483,71 Years,63,30,33,55,29,26,0,0,0,0,0,0,2,0,2,6,1,5
WHEELER COUNTY,483,72 Years,54,25,29,48,23,25,0,0,0,1,0,1,1,0,1,4,2,2
WHEELER COUNTY,483,73 Years,53,27,26,46,23,23,0,0,0,2,1,1,0,0,0,5,3,2
WHEELER COUNTY,483,74 Years,56,28,28,48,24,24,0,0,0,1,0,1,0,0,0,7,4,3
WHEELER COUNTY,483,75 Years,52,25,27,46,23,23,2,1,1,0,0,0,1,0,1,3,1,2
WHEELER COUNTY,483,76 Years,48,22,26,42,20,22,1,1,0,0,0,0,3,0,3,2,1,1
WHEELER COUNTY,483,77 Years,45,24,21,42,23,19,0,0,0,0,0,0,1,0,1,2,1,1
WHEELER COUNTY,483,78 Years,38,20,18,34,16,18,0,0,0,1,1,0,1,1,0,2,2,0
WHEELER COUNTY,483,79 Years,41,22,19,35,20,15,0,0,0,2,0,2,1,0,1,3,2,1
WHEELER COUNTY,483,80 Years,36,17,19,31,15,16,0,0,0,2,1,1,1,0,1,2,1,1
WHEELER COUNTY,483,81 Years,30,16,14,29,15,14,0,0,0,0,0,0,0,0,0,1,1,0
WHEELER COUNTY,483,82 Years,30,11,19,28,10,18,0,0,0,0,0,0,0,0,0,2,1,1
WHEELER COUNTY,483,83 Years,28,8,20,25,8,17,1,0,1,0,0,0,0,0,0,2,0,2
WHEELER COUNTY,483,84 Years,22,11,11,21,10,11,1,1,0,0,0,0,0,0,0,0,0,0
WHEELER COUNTY,483,85 Years,22,7,15,21,6,15,0,0,0,0,0,0,0,0,0,1,1,0
WHEELER COUNTY,483,86 Years,19,10,9,16,8,8,0,0,0,0,0,0,0,0,0,3,2,1
WHEELER COUNTY,483,87 Years,15,9,6,11,7,4,1,1,0,0,0,0,0,0,0,3,1,2
WHEELER COUNTY,483,88 Years,16,6,10,14,6,8,0,0,0,0,0,0,0,0,0,2,0,2
WHEELER COUNTY,483,89 Years,19,9,10,17,7,10,0,0,0,0,0,0,1,1,0,1,1,0
WHEELER COUNTY,483,90 Years,15,4,11,14,4,10,1,0,1,0,0,0,0,0,0,0,0,0
WHEELER COUNTY,483,91 Years,10,4,6,9,3,6,0,0,0,0,0,0,0,0,0,1,1,0
WHEELER COUNTY,483,92 Years,8,2,6,8,2,6,0,0,0,0,0,0,0,0,0,0,0,0
WHEELER COUNTY,483,93 Years,6,1,5,4,1,3,0,0,0,0,0,0,0,0,0,2,0,2
WHEELER COUNTY,483,94 Years,5,2,3,4,2,2,0,0,0,0,0,0,0,0,0,1,0,1
WHEELER COUNTY,483,95 Years +,13,4,9,12,4,8,0,0,0,0,0,0,0,0,0,1,0,1
WICHITA COUNTY,485,All Ages,133296,68900,64396,86470,44042,42428,13383,7377,6006,2865,1339,1526,4265,2177,2088,26313,13965,12348
WICHITA COUNTY,485,< 1 Year,1733,894,839,861,450,411,180,90,90,31,17,14,132,66,66,529,271,258
WICHITA COUNTY,485,1 Years,1705,865,840,854,446,408,172,84,88,27,15,12,127,63,64,525,257,268
WICHITA COUNTY,485,2 Years,1736,882,854,879,452,427,175,88,87,28,17,11,127,66,61,527,259,268
WICHITA COUNTY,485,3 Years,1777,900,877,935,482,453,168,84,84,24,13,11,115,57,58,535,264,271
WICHITA COUNTY,485,4 Years,1803,917,886,962,488,474,172,88,84,22,13,9,97,48,49,550,280,270
WICHITA COUNTY,485,5 Years,1788,904,884,973,498,475,161,83,78,24,13,11,83,36,47,547,274,273
WICHITA COUNTY,485,6 Years,1771,903,868,958,502,456,173,86,87,25,15,10,86,38,48,529,262,267
WICHITA COUNTY,485,7 Years,1751,912,839,959,516,443,173,85,88,27,19,8,87,44,43,505,248,257
WICHITA COUNTY,485,8 Years,1685,879,806,913,485,428,174,73,101,30,19,11,81,46,35,487,256,231
WICHITA COUNTY,485,9 Years,1594,859,735,840,456,384,162,82,80,26,14,12,78,44,34,488,263,225
WICHITA COUNTY,485,10 Years,1592,839,753,870,469,401,159,67,92,25,14,11,86,52,34,452,237,215
WICHITA COUNTY,485,11 Years,1575,801,774,844,440,404,179,77,102,23,13,10,81,46,35,448,225,223
WICHITA COUNTY,485,12 Years,1581,806,775,840,432,408,160,68,92,24,14,10,87,51,36,470,241,229
WICHITA COUNTY,485,13 Years,1507,786,721,803,421,382,151,75,76,27,16,11,81,45,36,445,229,216
WICHITA COUNTY,485,14 Years,1456,745,711,772,393,379,161,80,81,28,13,15,70,39,31,425,220,205
WICHITA COUNTY,485,15 Years,1438,732,706,744,380,364,166,81,85,33,21,12,67,38,29,428,212,216
WICHITA COUNTY,485,16 Years,1514,782,732,817,430,387,182,77,105,29,18,11,65,33,32,421,224,197
WICHITA COUNTY,485,17 Years,1760,934,826,938,506,432,202,96,106,29,15,14,81,43,38,510,274,236
WICHITA COUNTY,485,18 Years,2271,1350,921,1329,804,525,267,163,104,38,24,14,93,54,39,544,305,239
WICHITA COUNTY,485,19 Years,2864,1791,1073,1766,1126,640,372,233,139,63,50,13,121,70,51,542,312,230
WICHITA COUNTY,485,20 Years,2587,1574,1013,1534,940,594,367,238,129,56,38,18,105,64,41,525,294,231
WICHITA COUNTY,485,21 Years,2365,1410,955,1363,849,514,319,167,152,51,29,22,96,61,35,536,304,232
WICHITA COUNTY,485,22 Years,2269,1317,952,1263,768,495,333,177,156,67,31,36,84,41,43,522,300,222
WICHITA COUNTY,485,23 Years,2157,1260,897,1212,722,490,309,182,127,58,27,31,79,42,37,499,287,212
WICHITA COUNTY,485,24 Years,2074,1196,878,1190,704,486,307,177,130,49,28,21,73,34,39,455,253,202
WICHITA COUNTY,485,25 Years,1902,1074,828,1166,673,493,237,121,116,40,23,17,58,37,21,401,220,181
WICHITA COUNTY,485,26 Years,2030,1149,881,1208,699,509,262,143,119,39,25,14,68,41,27,453,241,212
WICHITA COUNTY,485,27 Years,2306,1309,997,1380,798,582,254,139,115,48,33,15,81,46,35,543,293,250
WICHITA COUNTY,485,28 Years,2234,1179,1055,1392,724,668,237,129,108,46,24,22,72,43,29,487,259,228
WICHITA COUNTY,485,29 Years,2161,1150,1011,1340,689,651,239,144,95,46,27,19,85,45,40,451,245,206
WICHITA COUNTY,485,30 Years,2138,1186,952,1380,726,654,226,152,74,50,26,24,53,36,17,429,246,183
WICHITA COUNTY,485,31 Years,2052,1120,932,1272,650,622,256,171,85,38,20,18,62,43,19,424,236,188
WICHITA COUNTY,485,32 Years,1992,1066,926,1214,610,604,232,149,83,31,17,14,63,41,22,452,249,203
WICHITA COUNTY,485,33 Years,1822,1001,821,1068,547,521,225,151,74,45,25,20,56,31,25,428,247,181
WICHITA COUNTY,485,34 Years,1730,917,813,1037,518,519,212,139,73,46,24,22,51,21,30,384,215,169
WICHITA COUNTY,485,35 Years,1664,885,779,998,508,490,204,137,67,28,11,17,52,24,28,382,205,177
WICHITA COUNTY,485,36 Years,1646,880,766,1015,515,500,185,124,61,27,12,15,38,20,18,381,209,172
WICHITA COUNTY,485,37 Years,1655,895,760,1021,540,481,192,119,73,33,15,18,45,19,26,364,202,162
WICHITA COUNTY,485,38 Years,1565,846,719,925,482,443,197,127,70,35,15,20,52,24,28,356,198,158
WICHITA COUNTY,485,39 Years,1520,822,698,911,470,441,173,113,60,30,12,18,55,27,28,351,200,151
WICHITA COUNTY,485,40 Years,1445,771,674,898,457,441,157,100,57,32,13,19,50,25,25,308,176,132
WICHITA COUNTY,485,41 Years,1433,776,657,885,467,418,174,107,67,30,16,14,40,16,24,304,170,134
WICHITA COUNTY,485,42 Years,1420,753,667,889,456,433,155,103,52,46,20,26,40,14,26,290,160,130
WICHITA COUNTY,485,43 Years,1400,743,657,890,456,434,149,97,52,38,17,21,36,13,23,287,160,127
WICHITA COUNTY,485,44 Years,1324,714,610,830,445,385,168,99,69,48,20,28,28,12,16,250,138,112
WICHITA COUNTY,485,45 Years,1365,714,651,893,453,440,143,90,53,54,19,35,20,10,10,255,142,113
WICHITA COUNTY,485,46 Years,1383,705,678,925,446,479,141,91,50,39,19,20,30,14,16,248,135,113
WICHITA COUNTY,485,47 Years,1437,718,719,981,475,506,130,81,49,41,17,24,34,13,21,251,132,119
WICHITA COUNTY,485,48 Years,1463,748,715,989,505,484,128,77,51,45,14,31,38,19,19,263,133,130
WICHITA COUNTY,485,49 Years,1379,730,649,917,487,430,139,86,53,50,17,33,27,16,11,246,124,122
WICHITA COUNTY,485,50 Years,1300,645,655,870,426,444,129,80,49,37,16,21,21,14,7,243,109,134
WICHITA COUNTY,485,51 Years,1356,685,671,938,464,474,115,71,44,35,18,17,18,10,8,250,122,128
WICHITA COUNTY,485,52 Years,1416,731,685,975,494,481,136,82,54,48,19,29,25,12,13,232,124,108
WICHITA COUNTY,485,53 Years,1577,807,770,1117,566,551,140,78,62,51,17,34,27,12,15,242,134,108
WICHITA COUNTY,485,54 Years,1586,808,778,1138,573,565,128,75,53,46,15,31,33,14,19,241,131,110
WICHITA COUNTY,485,55 Years,1637,794,843,1193,573,620,122,69,53,52,17,35,34,10,24,236,125,111
WICHITA COUNTY,485,56 Years,1691,818,873,1258,591,667,142,78,64,36,18,18,33,12,21,222,119,103
WICHITA COUNTY,485,57 Years,1736,888,848,1301,665,636,153,76,77,26,13,13,33,12,21,223,122,101
WICHITA COUNTY,485,58 Years,1700,885,815,1271,662,609,137,70,67,45,15,30,30,15,15,217,123,94
WICHITA COUNTY,485,59 Years,1636,805,831,1234,615,619,139,65,74,30,10,20,30,12,18,203,103,100
WICHITA COUNTY,485,60 Years,1689,813,876,1292,616,676,127,65,62,41,11,30,27,11,16,202,110,92
WICHITA COUNTY,485,61 Years,1631,767,864,1250,577,673,112,54,58,44,14,30,29,10,19,196,112,84
WICHITA COUNTY,485,62 Years,1562,748,814,1221,577,644,118,51,67,29,9,20,25,10,15,169,101,68
WICHITA COUNTY,485,63 Years,1562,770,792,1219,591,628,118,67,51,42,15,27,23,10,13,160,87,73
WICHITA COUNTY,485,64 Years,1508,734,774,1185,558,627,105,64,41,48,18,30,24,13,11,146,81,65
WICHITA COUNTY,485,65 Years,1424,686,738,1109,525,584,110,51,59,32,14,18,26,13,13,147,83,64
WICHITA COUNTY,485,66 Years,1347,638,709,1054,492,562,97,51,46,23,9,14,25,11,14,148,75,73
WICHITA COUNTY,485,67 Years,1294,579,715,1003,444,559,106,52,54,37,12,25,24,10,14,124,61,63
WICHITA COUNTY,485,68 Years,1239,577,662,987,467,520,91,41,50,26,6,20,22,9,13,113,54,59
WICHITA COUNTY,485,69 Years,1172,549,623,941,445,496,75,32,43,23,7,16,21,9,12,112,56,56
WICHITA COUNTY,485,70 Years,1157,545,612,940,446,494,64,29,35,24,9,15,24,9,15,105,52,53
WICHITA COUNTY,485,71 Years,1158,533,625,958,445,513,64,24,40,24,11,13,16,6,10,96,47,49
WICHITA COUNTY,485,72 Years,930,427,503,751,351,400,69,24,45,16,7,9,13,7,6,81,38,43
WICHITA COUNTY,485,73 Years,901,432,469,727,357,370,59,25,34,16,6,10,13,4,9,86,40,46
WICHITA COUNTY,485,74 Years,901,387,514,733,316,417,56,24,32,14,5,9,16,5,11,82,37,45
WICHITA COUNTY,485,75 Years,855,369,486,713,313,400,43,18,25,11,4,7,14,5,9,74,29,45
WICHITA COUNTY,485,76 Years,786,330,456,654,281,373,44,18,26,10,4,6,13,4,9,65,23,42
WICHITA COUNTY,485,77 Years,754,308,446,624,254,370,42,22,20,16,6,10,10,2,8,62,24,38
WICHITA COUNTY,485,78 Years,664,275,389,553,237,316,38,13,25,9,1,8,8,2,6,56,22,34
WICHITA COUNTY,485,79 Years,634,253,381,542,216,326,41,16,25,9,2,7,5,2,3,37,17,20
WICHITA COUNTY,485,80 Years,628,251,377,526,215,311,39,11,28,10,3,7,10,4,6,43,18,25
WICHITA COUNTY,485,81 Years,587,246,341,491,213,278,30,9,21,10,2,8,13,4,9,43,18,25
WICHITA COUNTY,485,82 Years,556,221,335,466,187,279,29,10,19,11,5,6,9,3,6,41,16,25
WICHITA COUNTY,485,83 Years,553,227,326,475,197,278,21,9,12,8,4,4,9,3,6,40,14,26
WICHITA COUNTY,485,84 Years,509,216,293,444,191,253,25,11,14,6,1,5,8,2,6,26,11,15
WICHITA COUNTY,485,85 Years,444,183,261,385,162,223,26,11,15,7,1,6,9,3,6,17,6,11
WICHITA COUNTY,485,86 Years,415,166,249,365,152,213,21,7,14,5,0,5,7,3,4,17,4,13
WICHITA COUNTY,485,87 Years,359,150,209,311,134,177,23,7,16,7,2,5,5,3,2,13,4,9
WICHITA COUNTY,485,88 Years,312,126,186,270,113,157,18,5,13,6,1,5,4,2,2,14,5,9
WICHITA COUNTY,485,89 Years,263,104,159,229,95,134,12,2,10,6,1,5,3,1,2,13,5,8
WICHITA COUNTY,485,90 Years,232,86,146,205,77,128,13,4,9,4,1,3,2,1,1,8,3,5
WICHITA COUNTY,485,91 Years,190,62,128,166,54,112,12,5,7,4,0,4,1,0,1,7,3,4
WICHITA COUNTY,485,92 Years,163,51,112,143,46,97,7,2,5,4,1,3,2,0,2,7,2,5
WICHITA COUNTY,485,93 Years,132,38,94,111,32,79,9,2,7,4,1,3,2,1,1,6,2,4
WICHITA COUNTY,485,94 Years,101,30,71,87,25,62,6,2,4,1,0,1,2,1,1,5,2,3
WICHITA COUNTY,485,95 Years +,230,68,162,202,57,145,13,5,8,3,1,2,1,0,1,11,5,6
WILBARGER COUNTY,487,All Ages,12615,6279,6336,7163,3498,3665,1108,581,527,117,58,59,373,187,186,3854,1955,1899
WILBARGER COUNTY,487,< 1 Year,182,95,87,58,32,26,14,8,6,5,3,2,13,7,6,92,45,47
WILBARGER COUNTY,487,1 Years,176,92,84,59,31,28,13,6,7,3,2,1,16,10,6,85,43,42
WILBARGER COUNTY,487,2 Years,176,87,89,56,29,27,14,6,8,5,2,3,16,9,7,85,41,44
WILBARGER COUNTY,487,3 Years,172,90,82,58,32,26,14,6,8,5,3,2,16,10,6,79,39,40
WILBARGER COUNTY,487,4 Years,170,87,83,60,36,24,13,6,7,4,2,2,13,6,7,80,37,43
WILBARGER COUNTY,487,5 Years,158,77,81,59,31,28,10,4,6,2,1,1,8,3,5,79,38,41
WILBARGER COUNTY,487,6 Years,157,73,84,61,30,31,11,5,6,1,0,1,5,1,4,79,37,42
WILBARGER COUNTY,487,7 Years,157,71,86,62,27,35,12,6,6,0,0,0,5,1,4,78,37,41
WILBARGER COUNTY,487,8 Years,161,73,88,59,28,31,14,8,6,1,1,0,5,4,1,82,32,50
WILBARGER COUNTY,487,9 Years,147,69,78,62,29,33,13,9,4,1,0,1,4,1,3,67,30,37
WILBARGER COUNTY,487,10 Years,149,70,79,58,29,29,17,9,8,1,0,1,8,6,2,65,26,39
WILBARGER COUNTY,487,11 Years,149,63,86,59,24,35,16,8,8,1,0,1,9,7,2,64,24,40
WILBARGER COUNTY,487,12 Years,155,72,83,66,31,35,14,4,10,0,0,0,9,6,3,66,31,35
WILBARGER COUNTY,487,13 Years,146,69,77,64,32,32,12,4,8,1,0,1,7,3,4,62,30,32
WILBARGER COUNTY,487,14 Years,164,89,75,74,42,32,10,3,7,2,1,1,4,2,2,74,41,33
WILBARGER COUNTY,487,15 Years,172,95,77,73,43,30,26,14,12,2,1,1,7,4,3,64,33,31
WILBARGER COUNTY,487,16 Years,188,106,82,86,48,38,23,15,8,1,1,0,7,5,2,71,37,34
WILBARGER COUNTY,487,17 Years,173,95,78,85,50,35,21,11,10,1,1,0,6,4,2,60,29,31
WILBARGER COUNTY,487,18 Years,162,93,69,77,46,31,17,9,8,0,0,0,5,3,2,63,35,28
WILBARGER COUNTY,487,19 Years,140,83,57,62,37,25,12,7,5,2,2,0,5,5,0,59,32,27
WILBARGER COUNTY,487,20 Years,133,77,56,59,34,25,14,9,5,0,0,0,5,4,1,55,30,25
WILBARGER COUNTY,487,21 Years,136,69,67,66,37,29,14,5,9,1,0,1,4,3,1,51,24,27
WILBARGER COUNTY,487,22 Years,135,66,69,66,36,30,13,6,7,1,1,0,3,1,2,52,22,30
WILBARGER COUNTY,487,23 Years,133,66,67,65,35,30,12,6,6,1,1,0,4,3,1,51,21,30
WILBARGER COUNTY,487,24 Years,162,81,81,81,38,43,13,8,5,1,1,0,6,3,3,61,31,30
WILBARGER COUNTY,487,25 Years,192,104,88,93,47,46,18,11,7,1,1,0,8,5,3,72,40,32
WILBARGER COUNTY,487,26 Years,178,98,80,88,44,44,16,9,7,1,0,1,3,1,2,70,44,26
WILBARGER COUNTY,487,27 Years,187,96,91,108,53,55,12,6,6,1,1,0,4,4,0,62,32,30
WILBARGER COUNTY,487,28 Years,200,103,97,119,61,58,20,14,6,1,1,0,6,3,3,54,24,30
WILBARGER COUNTY,487,29 Years,169,81,88,95,44,51,15,11,4,0,0,0,2,1,1,57,25,32
WILBARGER COUNTY,487,30 Years,165,79,86,84,35,49,15,8,7,0,0,0,3,2,1,63,34,29
WILBARGER COUNTY,487,31 Years,172,79,93,85,34,51,12,6,6,1,0,1,4,2,2,70,37,33
WILBARGER COUNTY,487,32 Years,186,92,94,95,48,47,23,10,13,0,0,0,3,1,2,65,33,32
WILBARGER COUNTY,487,33 Years,181,92,89,97,50,47,24,11,13,0,0,0,3,1,2,57,30,27
WILBARGER COUNTY,487,34 Years,183,95,88,105,49,56,11,7,4,1,1,0,4,1,3,62,37,25
WILBARGER COUNTY,487,35 Years,167,85,82,94,50,44,12,7,5,1,1,0,4,1,3,56,26,30
WILBARGER COUNTY,487,36 Years,154,78,76,87,45,42,11,5,6,0,0,0,7,1,6,49,27,22
WILBARGER COUNTY,487,37 Years,147,66,81,93,39,54,9,4,5,0,0,0,5,1,4,40,22,18
WILBARGER COUNTY,487,38 Years,136,71,65,88,43,45,12,5,7,2,2,0,1,1,0,33,20,13
WILBARGER COUNTY,487,39 Years,142,71,71,91,47,44,13,6,7,2,0,2,4,1,3,32,17,15
WILBARGER COUNTY,487,40 Years,138,76,62,77,44,33,13,7,6,1,0,1,3,1,2,44,24,20
WILBARGER COUNTY,487,41 Years,141,74,67,82,38,44,14,8,6,1,1,0,1,0,1,43,27,16
WILBARGER COUNTY,487,42 Years,123,57,66,70,33,37,12,8,4,1,0,1,3,0,3,37,16,21
WILBARGER COUNTY,487,43 Years,111,55,56,65,29,36,11,8,3,1,0,1,2,1,1,32,17,15
WILBARGER COUNTY,487,44 Years,112,49,63,63,25,38,12,7,5,1,1,0,1,1,0,35,15,20
WILBARGER COUNTY,487,45 Years,130,68,62,74,39,35,12,7,5,1,1,0,3,2,1,40,19,21
WILBARGER COUNTY,487,46 Years,122,61,61,70,34,36,9,5,4,3,0,3,4,2,2,36,20,16
WILBARGER COUNTY,487,47 Years,136,61,75,83,38,45,10,4,6,3,1,2,3,1,2,37,17,20
WILBARGER COUNTY,487,48 Years,125,59,66,66,32,34,12,6,6,3,2,1,4,1,3,40,18,22
WILBARGER COUNTY,487,49 Years,110,50,60,60,25,35,15,7,8,1,1,0,4,2,2,30,15,15
WILBARGER COUNTY,487,50 Years,124,63,61,65,33,32,12,6,6,3,1,2,5,3,2,39,20,19
WILBARGER COUNTY,487,51 Years,134,79,55,79,48,31,14,7,7,1,0,1,4,3,1,36,21,15
WILBARGER COUNTY,487,52 Years,146,81,65,93,51,42,13,6,7,1,1,0,2,2,0,37,21,16
WILBARGER COUNTY,487,53 Years,152,80,72,96,50,46,10,6,4,2,1,1,4,2,2,40,21,19
WILBARGER COUNTY,487,54 Years,153,86,67,97,52,45,11,7,4,1,0,1,5,2,3,39,25,14
WILBARGER COUNTY,487,55 Years,172,85,87,116,52,64,15,9,6,1,0,1,3,0,3,37,24,13
WILBARGER COUNTY,487,56 Years,180,86,94,116,54,62,14,9,5,3,2,1,5,0,5,42,21,21
WILBARGER COUNTY,487,57 Years,191,90,101,123,53,70,14,8,6,1,1,0,6,3,3,47,25,22
WILBARGER COUNTY,487,58 Years,186,101,85,115,63,52,17,8,9,1,1,0,3,3,0,50,26,24
WILBARGER COUNTY,487,59 Years,168,90,78,105,56,49,16,8,8,1,1,0,5,2,3,41,23,18
WILBARGER COUNTY,487,60 Years,167,84,83,114,61,53,16,7,9,1,0,1,4,2,2,32,14,18
WILBARGER COUNTY,487,61 Years,153,73,80,102,49,53,14,8,6,1,0,1,4,1,3,32,15,17
WILBARGER COUNTY,487,62 Years,163,90,73,109,58,51,15,10,5,2,1,1,4,2,2,33,19,14
WILBARGER COUNTY,487,63 Years,163,88,75,112,57,55,20,13,7,3,1,2,3,1,2,25,16,9
WILBARGER COUNTY,487,64 Years,171,86,85,116,57,59,18,9,9,3,2,1,3,3,0,31,15,16
WILBARGER COUNTY,487,65 Years,159,79,80,117,54,63,12,6,6,2,1,1,1,1,0,27,17,10
WILBARGER COUNTY,487,66 Years,148,75,73,111,55,56,10,6,4,1,1,0,3,1,2,23,12,11
WILBARGER COUNTY,487,67 Years,140,70,70,99,47,52,14,8,6,2,1,1,3,1,2,22,13,9
WILBARGER COUNTY,487,68 Years,120,56,64,88,40,48,12,6,6,1,0,1,0,0,0,19,10,9
WILBARGER COUNTY,487,69 Years,122,60,62,88,46,42,10,4,6,2,0,2,3,1,2,19,9,10
WILBARGER COUNTY,487,70 Years,150,67,83,111,49,62,7,2,5,2,1,1,4,2,2,26,13,13
WILBARGER COUNTY,487,71 Years,138,70,68,108,49,59,7,6,1,1,0,1,4,2,2,18,13,5
WILBARGER COUNTY,487,72 Years,120,53,67,88,38,50,9,3,6,1,0,1,2,0,2,20,12,8
WILBARGER COUNTY,487,73 Years,122,59,63,90,42,48,11,6,5,0,0,0,2,0,2,19,11,8
WILBARGER COUNTY,487,74 Years,115,54,61,91,43,48,7,3,4,0,0,0,1,0,1,16,8,8
WILBARGER COUNTY,487,75 Years,97,42,55,83,35,48,4,2,2,0,0,0,0,0,0,10,5,5
WILBARGER COUNTY,487,76 Years,93,42,51,75,37,38,5,1,4,1,0,1,0,0,0,12,4,8
WILBARGER COUNTY,487,77 Years,91,43,48,71,32,39,5,3,2,0,0,0,1,0,1,14,8,6
WILBARGER COUNTY,487,78 Years,88,40,48,72,33,39,6,2,4,0,0,0,1,0,1,9,5,4
WILBARGER COUNTY,487,79 Years,81,39,42,63,32,31,5,1,4,2,1,1,0,0,0,11,5,6
WILBARGER COUNTY,487,80 Years,70,38,32,57,31,26,2,1,1,1,1,0,0,0,0,10,5,5
WILBARGER COUNTY,487,81 Years,61,28,33,48,20,28,0,0,0,1,1,0,2,1,1,10,6,4
WILBARGER COUNTY,487,82 Years,60,24,36,44,17,27,7,3,4,0,0,0,1,0,1,8,4,4
WILBARGER COUNTY,487,83 Years,62,27,35,48,18,30,6,3,3,0,0,0,1,0,1,7,6,1
WILBARGER COUNTY,487,84 Years,55,22,33,40,14,26,6,4,2,1,0,1,0,0,0,8,4,4
WILBARGER COUNTY,487,85 Years,48,20,28,37,13,24,5,4,1,0,0,0,1,0,1,5,3,2
WILBARGER COUNTY,487,86 Years,37,10,27,29,6,23,3,2,1,1,0,1,0,0,0,4,2,2
WILBARGER COUNTY,487,87 Years,38,12,26,28,8,20,4,1,3,0,0,0,1,1,0,5,2,3
WILBARGER COUNTY,487,88 Years,36,12,24,27,8,19,2,1,1,1,0,1,0,0,0,6,3,3
WILBARGER COUNTY,487,89 Years,32,13,19,28,11,17,1,1,0,0,0,0,0,0,0,3,1,2
WILBARGER COUNTY,487,90 Years,29,14,15,19,8,11,4,3,1,1,1,0,1,0,1,4,2,2
WILBARGER COUNTY,487,91 Years,30,11,19,18,6,12,5,2,3,1,1,0,1,0,1,5,2,3
WILBARGER COUNTY,487,92 Years,21,9,12,14,5,9,3,2,1,0,0,0,0,0,0,4,2,2
WILBARGER COUNTY,487,93 Years,16,6,10,12,4,8,2,2,0,0,0,0,0,0,0,2,0,2
WILBARGER COUNTY,487,94 Years,13,4,9,9,3,6,2,1,1,0,0,0,0,0,0,2,0,2
WILBARGER COUNTY,487,95 Years +,40,10,30,25,7,18,8,2,6,1,0,1,1,0,1,5,1,4
WILLACY COUNTY,489,All Ages,21691,11869,9822,1930,1031,899,386,346,40,121,97,24,102,54,48,19152,10341,8811
WILLACY COUNTY,489,< 1 Year,280,139,141,14,4,10,0,0,0,0,0,0,3,1,2,263,134,129
WILLACY COUNTY,489,1 Years,285,141,144,12,3,9,0,0,0,1,0,1,4,2,2,268,136,132
WILLACY COUNTY,489,2 Years,298,145,153,15,3,12,0,0,0,0,0,0,3,1,2,280,141,139
WILLACY COUNTY,489,3 Years,303,154,149,17,6,11,0,0,0,0,0,0,3,2,1,283,146,137
WILLACY COUNTY,489,4 Years,308,150,158,21,8,13,3,1,2,0,0,0,3,2,1,281,139,142
WILLACY COUNTY,489,5 Years,318,159,159,22,11,11,0,0,0,0,0,0,4,3,1,292,145,147
WILLACY COUNTY,489,6 Years,317,155,162,26,13,13,0,0,0,0,0,0,0,0,0,291,142,149
WILLACY COUNTY,489,7 Years,331,164,167,27,15,12,0,0,0,0,0,0,0,0,0,304,149,155
WILLACY COUNTY,489,8 Years,300,136,164,26,9,17,1,0,1,0,0,0,2,0,2,271,127,144
WILLACY COUNTY,489,9 Years,281,139,142,22,11,11,2,1,1,0,0,0,1,0,1,256,127,129
WILLACY COUNTY,489,10 Years,292,147,145,19,11,8,0,0,0,1,0,1,0,0,0,272,136,136
WILLACY COUNTY,489,11 Years,306,155,151,19,8,11,0,0,0,0,0,0,1,1,0,286,146,140
WILLACY COUNTY,489,12 Years,278,138,140,15,8,7,2,0,2,0,0,0,1,0,1,260,130,130
WILLACY COUNTY,489,13 Years,296,151,145,16,9,7,1,0,1,0,0,0,1,1,0,278,141,137
WILLACY COUNTY,489,14 Years,310,156,154,20,10,10,0,0,0,1,1,0,3,2,1,286,143,143
WILLACY COUNTY,489,15 Years,286,155,131,20,12,8,1,1,0,0,0,0,2,1,1,263,141,122
WILLACY COUNTY,489,16 Years,279,139,140,20,9,11,1,0,1,0,0,0,3,2,1,255,128,127
WILLACY COUNTY,489,17 Years,282,144,138,17,8,9,1,0,1,0,0,0,3,1,2,261,135,126
WILLACY COUNTY,489,18 Years,355,213,142,24,14,10,4,3,1,4,2,2,1,0,1,322,194,128
WILLACY COUNTY,489,19 Years,345,211,134,19,9,10,12,11,1,4,4,0,3,3,0,307,184,123
WILLACY COUNTY,489,20 Years,393,260,133,21,13,8,12,11,1,6,5,1,4,4,0,350,227,123
WILLACY COUNTY,489,21 Years,399,258,141,21,12,9,12,11,1,8,6,2,4,2,2,354,227,127
WILLACY COUNTY,489,22 Years,385,250,135,19,12,7,18,16,2,6,5,1,3,1,2,339,216,123
WILLACY COUNTY,489,23 Years,382,234,148,21,12,9,15,14,1,4,3,1,1,0,1,341,205,136
WILLACY COUNTY,489,24 Years,403,261,142,25,18,7,12,11,1,4,3,1,4,3,1,358,226,132
WILLACY COUNTY,489,25 Years,406,260,146,26,19,7,11,11,0,5,3,2,1,1,0,363,226,137
WILLACY COUNTY,489,26 Years,367,233,134,19,12,7,14,14,0,1,1,0,1,1,0,332,205,127
WILLACY COUNTY,489,27 Years,410,272,138,21,12,9,19,18,1,11,10,1,1,1,0,358,231,127
WILLACY COUNTY,489,28 Years,370,242,128,23,15,8,13,11,2,5,5,0,1,1,0,328,210,118
WILLACY COUNTY,489,29 Years,375,249,126,25,18,7,18,15,3,3,3,0,1,0,1,328,213,115
WILLACY COUNTY,489,30 Years,337,219,118,18,10,8,21,18,3,3,3,0,1,0,1,294,188,106
WILLACY COUNTY,489,31 Years,319,206,113,25,17,8,12,12,0,2,2,0,1,1,0,279,174,105
WILLACY COUNTY,489,32 Years,342,224,118,22,16,6,18,18,0,6,6,0,1,1,0,295,183,112
WILLACY COUNTY,489,33 Years,327,209,118,25,18,7,11,11,0,2,1,1,0,0,0,289,179,110
WILLACY COUNTY,489,34 Years,285,184,101,14,9,5,10,9,1,1,1,0,1,1,0,259,164,95
WILLACY COUNTY,489,35 Years,316,209,107,21,14,7,12,12,0,5,5,0,0,0,0,278,178,100
WILLACY COUNTY,489,36 Years,317,210,107,23,16,7,12,11,1,2,1,1,1,1,0,279,181,98
WILLACY COUNTY,489,37 Years,306,202,104,25,19,6,13,11,2,4,4,0,0,0,0,264,168,96
WILLACY COUNTY,489,38 Years,290,174,116,19,9,10,7,7,0,1,1,0,0,0,0,263,157,106
WILLACY COUNTY,489,39 Years,281,173,108,26,15,11,10,9,1,2,2,0,0,0,0,243,147,96
WILLACY COUNTY,489,40 Years,269,147,122,16,9,7,3,3,0,2,2,0,1,0,1,247,133,114
WILLACY COUNTY,489,41 Years,270,146,124,14,9,5,5,5,0,3,2,1,1,0,1,247,130,117
WILLACY COUNTY,489,42 Years,253,134,119,14,9,5,4,4,0,1,1,0,1,0,1,233,120,113
WILLACY COUNTY,489,43 Years,255,147,108,20,14,6,4,4,0,2,2,0,1,0,1,228,127,101
WILLACY COUNTY,489,44 Years,262,150,112,22,13,9,3,3,0,2,2,0,1,0,1,234,132,102
WILLACY COUNTY,489,45 Years,237,137,100,23,14,9,6,6,0,1,1,0,2,1,1,205,115,90
WILLACY COUNTY,489,46 Years,244,128,116,20,11,9,6,6,0,2,1,1,1,0,1,215,110,105
WILLACY COUNTY,489,47 Years,225,119,106,19,12,7,6,6,0,1,1,0,2,1,1,197,99,98
WILLACY COUNTY,489,48 Years,223,122,101,24,14,10,2,2,0,3,3,0,1,1,0,193,102,91
WILLACY COUNTY,489,49 Years,223,120,103,26,13,13,2,2,0,1,0,1,1,0,1,193,105,88
WILLACY COUNTY,489,50 Years,209,112,97,20,13,7,4,4,0,2,2,0,1,0,1,182,93,89
WILLACY COUNTY,489,51 Years,209,111,98,21,14,7,2,2,0,0,0,0,0,0,0,186,95,91
WILLACY COUNTY,489,52 Years,180,98,82,24,14,10,1,1,0,0,0,0,0,0,0,155,83,72
WILLACY COUNTY,489,53 Years,220,99,121,23,13,10,2,2,0,1,1,0,0,0,0,194,83,111
WILLACY COUNTY,489,54 Years,235,120,115,25,15,10,3,3,0,2,1,1,1,0,1,204,101,103
WILLACY COUNTY,489,55 Years,205,91,114,26,13,13,3,3,0,0,0,0,2,1,1,174,74,100
WILLACY COUNTY,489,56 Years,203,88,115,20,11,9,0,0,0,1,1,0,0,0,0,182,76,106
WILLACY COUNTY,489,57 Years,208,100,108,25,13,12,1,1,0,2,0,2,2,2,0,178,84,94
WILLACY COUNTY,489,58 Years,235,123,112,34,17,17,4,4,0,0,0,0,1,0,1,196,102,94
WILLACY COUNTY,489,59 Years,219,118,101,21,12,9,3,3,0,0,0,0,0,0,0,195,103,92
WILLACY COUNTY,489,60 Years,197,100,97,29,15,14,1,1,0,0,0,0,0,0,0,167,84,83
WILLACY COUNTY,489,61 Years,201,95,106,33,16,17,1,1,0,0,0,0,1,0,1,166,78,88
WILLACY COUNTY,489,62 Years,200,102,98,21,12,9,3,3,0,0,0,0,0,0,0,176,87,89
WILLACY COUNTY,489,63 Years,220,96,124,30,15,15,1,1,0,1,0,1,1,0,1,187,80,107
WILLACY COUNTY,489,64 Years,219,98,121,32,14,18,2,1,1,1,0,1,1,1,0,183,82,101
WILLACY COUNTY,489,65 Years,217,101,116,30,14,16,0,0,0,0,0,0,1,0,1,186,87,99
WILLACY COUNTY,489,66 Years,207,88,119,26,12,14,1,0,1,0,0,0,0,0,0,180,76,104
WILLACY COUNTY,489,67 Years,179,80,99,25,12,13,1,0,1,0,0,0,0,0,0,153,68,85
WILLACY COUNTY,489,68 Years,183,90,93,26,10,16,1,1,0,0,0,0,2,2,0,154,77,77
WILLACY COUNTY,489,69 Years,203,106,97,30,12,18,1,1,0,0,0,0,0,0,0,172,93,79
WILLACY COUNTY,489,70 Years,163,76,87,20,10,10,1,1,0,0,0,0,0,0,0,142,65,77
WILLACY COUNTY,489,71 Years,154,61,93,20,10,10,1,0,1,0,0,0,0,0,0,133,51,82
WILLACY COUNTY,489,72 Years,153,73,80,21,9,12,1,1,0,0,0,0,0,0,0,131,63,68
WILLACY COUNTY,489,73 Years,140,76,64,26,16,10,0,0,0,0,0,0,0,0,0,114,60,54
WILLACY COUNTY,489,74 Years,128,67,61,26,11,15,0,0,0,0,0,0,0,0,0,102,56,46
WILLACY COUNTY,489,75 Years,117,53,64,33,13,20,1,1,0,0,0,0,1,0,1,82,39,43
WILLACY COUNTY,489,76 Years,121,55,66,29,12,17,1,1,0,0,0,0,2,1,1,89,41,48
WILLACY COUNTY,489,77 Years,116,50,66,26,14,12,1,0,1,0,0,0,0,0,0,89,36,53
WILLACY COUNTY,489,78 Years,103,42,61,23,13,10,1,0,1,0,0,0,1,0,1,78,29,49
WILLACY COUNTY,489,79 Years,92,42,50,25,14,11,1,1,0,0,0,0,1,0,1,65,27,38
WILLACY COUNTY,489,80 Years,91,45,46,24,14,10,0,0,0,0,0,0,1,1,0,66,30,36
WILLACY COUNTY,489,81 Years,71,36,35,17,10,7,0,0,0,0,0,0,1,1,0,53,25,28
WILLACY COUNTY,489,82 Years,61,24,37,10,4,6,0,0,0,0,0,0,1,1,0,50,19,31
WILLACY COUNTY,489,83 Years,63,26,37,8,3,5,0,0,0,0,0,0,1,0,1,54,23,31
WILLACY COUNTY,489,84 Years,59,27,32,10,5,5,0,0,0,0,0,0,0,0,0,49,22,27
WILLACY COUNTY,489,85 Years,61,21,40,13,4,9,0,0,0,0,0,0,0,0,0,48,17,31
WILLACY COUNTY,489,86 Years,46,14,32,7,2,5,1,0,1,0,0,0,0,0,0,38,12,26
WILLACY COUNTY,489,87 Years,50,15,35,8,2,6,0,0,0,0,0,0,1,1,0,41,12,29
WILLACY COUNTY,489,88 Years,36,14,22,6,2,4,0,0,0,0,0,0,0,0,0,30,12,18
WILLACY COUNTY,489,89 Years,41,12,29,6,2,4,0,0,0,0,0,0,0,0,0,35,10,25
WILLACY COUNTY,489,90 Years,34,11,23,5,2,3,0,0,0,1,0,1,0,0,0,28,9,19
WILLACY COUNTY,489,91 Years,28,11,17,3,1,2,0,0,0,0,0,0,0,0,0,25,10,15
WILLACY COUNTY,489,92 Years,29,9,20,3,1,2,0,0,0,0,0,0,0,0,0,26,8,18
WILLACY COUNTY,489,93 Years,22,6,16,4,1,3,0,0,0,0,0,0,0,0,0,18,5,13
WILLACY COUNTY,489,94 Years,14,5,9,3,1,2,0,0,0,0,0,0,0,0,0,11,4,7
WILLACY COUNTY,489,95 Years +,28,12,16,5,3,2,3,1,2,0,0,0,0,0,0,20,8,12
WILLIAMSON COUNTY,491,All Ages,563041,276242,286799,334319,163596,170723,35320,17532,17788,37641,18055,19586,16744,8497,8247,139017,68562,70455
WILLIAMSON COUNTY,491,< 1 Year,7224,3652,3572,3388,1725,1663,462,230,232,508,248,260,507,253,254,2359,1196,1163
WILLIAMSON COUNTY,491,1 Years,7413,3763,3650,3503,1803,1700,462,222,240,522,257,265,519,259,260,2407,1222,1185
WILLIAMSON COUNTY,491,2 Years,7545,3884,3661,3676,1907,1769,468,229,239,546,277,269,485,248,237,2370,1223,1147
WILLIAMSON COUNTY,491,3 Years,7750,3997,3753,3849,1989,1860,475,238,237,563,284,279,482,243,239,2381,1243,1138
WILLIAMSON COUNTY,491,4 Years,7789,4027,3762,3887,1982,1905,472,249,223,590,296,294,483,250,233,2357,1250,1107
WILLIAMSON COUNTY,491,5 Years,7885,4047,3838,3951,2004,1947,457,237,220,609,305,304,479,247,232,2389,1254,1135
WILLIAMSON COUNTY,491,6 Years,7841,4043,3798,3946,2031,1915,427,224,203,603,306,297,468,254,214,2397,1228,1169
WILLIAMSON COUNTY,491,7 Years,8033,4121,3912,4042,2090,1952,432,228,204,607,316,291,459,250,209,2493,1237,1256
WILLIAMSON COUNTY,491,8 Years,7951,3979,3972,3946,1967,1979,449,225,224,585,304,281,451,259,192,2520,1224,1296
WILLIAMSON COUNTY,491,9 Years,8133,4039,4094,4092,2010,2082,473,241,232,599,309,290,407,224,183,2562,1255,1307
WILLIAMSON COUNTY,491,10 Years,8475,4262,4213,4259,2157,2102,520,260,260,664,327,337,397,209,188,2635,1309,1326
WILLIAMSON COUNTY,491,11 Years,8459,4266,4193,4258,2153,2105,509,241,268,624,309,315,412,224,188,2656,1339,1317
WILLIAMSON COUNTY,491,12 Years,8429,4304,4125,4205,2133,2072,547,271,276,639,332,307,382,214,168,2656,1354,1302
WILLIAMSON COUNTY,491,13 Years,8449,4368,4081,4295,2242,2053,518,276,242,640,320,320,372,192,180,2624,1338,1286
WILLIAMSON COUNTY,491,14 Years,8498,4325,4173,4299,2227,2072,575,292,283,615,287,328,375,205,170,2634,1314,1320
WILLIAMSON COUNTY,491,15 Years,8253,4183,4070,4209,2174,2035,627,316,311,579,291,288,338,170,168,2500,1232,1268
WILLIAMSON COUNTY,491,16 Years,8190,4098,4092,4164,2103,2061,640,342,298,547,264,283,308,165,143,2531,1224,1307
WILLIAMSON COUNTY,491,17 Years,8245,4148,4097,4150,2116,2034,622,323,299,568,276,292,304,165,139,2601,1268,1333
WILLIAMSON COUNTY,491,18 Years,7634,3891,3743,3857,2008,1849,615,324,291,444,211,233,278,140,138,2440,1208,1232
WILLIAMSON COUNTY,491,19 Years,6843,3474,3369,3339,1698,1641,580,316,264,392,180,212,263,128,135,2269,1152,1117
WILLIAMSON COUNTY,491,20 Years,6558,3299,3259,3165,1585,1580,567,302,265,396,185,211,241,123,118,2189,1104,1085
WILLIAMSON COUNTY,491,21 Years,6669,3345,3324,3240,1641,1599,541,278,263,433,192,241,263,134,129,2192,1100,1092
WILLIAMSON COUNTY,491,22 Years,6783,3395,3388,3289,1673,1616,592,289,303,489,206,283,249,127,122,2164,1100,1064
WILLIAMSON COUNTY,491,23 Years,7062,3503,3559,3552,1796,1756,602,300,302,457,181,276,252,131,121,2199,1095,1104
WILLIAMSON COUNTY,491,24 Years,7545,3745,3800,3866,1908,1958,606,324,282,533,241,292,263,130,133,2277,1142,1135
WILLIAMSON COUNTY,491,25 Years,7771,3955,3816,4150,2109,2041,618,325,293,514,247,267,253,125,128,2236,1149,1087
WILLIAMSON COUNTY,491,26 Years,7779,3896,3883,4169,2106,2063,562,303,259,513,218,295,236,115,121,2299,1154,1145
WILLIAMSON COUNTY,491,27 Years,7474,3737,3737,3999,1986,2013,500,269,231,499,243,256,228,128,100,2248,1111,1137
WILLIAMSON COUNTY,491,28 Years,7451,3800,3651,4075,2063,2012,496,278,218,483,225,258,205,111,94,2192,1123,1069
WILLIAMSON COUNTY,491,29 Years,7297,3680,3617,3959,1934,2025,457,243,214,493,227,266,213,113,100,2175,1163,1012
WILLIAMSON COUNTY,491,30 Years,7296,3635,3661,4000,1900,2100,412,213,199,493,234,259,199,102,97,2192,1186,1006
WILLIAMSON COUNTY,491,31 Years,7387,3652,3735,4136,1982,2154,415,222,193,458,193,265,183,86,97,2195,1169,1026
WILLIAMSON COUNTY,491,32 Years,7647,3745,3902,4326,2088,2238,451,230,221,496,232,264,181,71,110,2193,1124,1069
WILLIAMSON COUNTY,491,33 Years,8015,3935,4080,4608,2255,2353,455,252,203,550,256,294,205,100,105,2197,1072,1125
WILLIAMSON COUNTY,491,34 Years,8120,3990,4130,4658,2234,2424,425,226,199,607,290,317,202,108,94,2228,1132,1096
WILLIAMSON COUNTY,491,35 Years,8595,4256,4339,4763,2348,2415,470,228,242,736,358,378,213,114,99,2413,1208,1205
WILLIAMSON COUNTY,491,36 Years,8692,4232,4460,4896,2366,2530,506,260,246,796,373,423,206,85,121,2288,1148,1140
WILLIAMSON COUNTY,491,37 Years,8638,4257,4381,4884,2459,2425,496,244,252,773,349,424,210,91,119,2275,1114,1161
WILLIAMSON COUNTY,491,38 Years,8938,4402,4536,4981,2491,2490,538,275,263,835,375,460,197,99,98,2387,1162,1225
WILLIAMSON COUNTY,491,39 Years,8770,4282,4488,4948,2410,2538,501,241,260,822,386,436,206,96,110,2293,1149,1144
WILLIAMSON COUNTY,491,40 Years,8799,4333,4466,5102,2500,2602,514,240,274,812,395,417,193,93,100,2178,1105,1073
WILLIAMSON COUNTY,491,41 Years,8826,4395,4431,5040,2502,2538,506,241,265,911,462,449,189,98,91,2180,1092,1088
WILLIAMSON COUNTY,491,42 Years,8497,4197,4300,4831,2416,2415,537,242,295,856,415,441,175,91,84,2098,1033,1065
WILLIAMSON COUNTY,491,43 Years,8399,4203,4196,4816,2443,2373,500,246,254,819,406,413,195,85,110,2069,1023,1046
WILLIAMSON COUNTY,491,44 Years,8368,4200,4168,4700,2414,2286,553,254,299,825,417,408,191,90,101,2099,1025,1074
WILLIAMSON COUNTY,491,45 Years,8240,4062,4178,4760,2414,2346,580,289,291,730,369,361,175,82,93,1995,908,1087
WILLIAMSON COUNTY,491,46 Years,8377,4144,4233,4975,2525,2450,570,277,293,689,321,368,197,105,92,1946,916,1030
WILLIAMSON COUNTY,491,47 Years,8611,4367,4244,5287,2753,2534,616,297,319,631,322,309,180,90,90,1897,905,992
WILLIAMSON COUNTY,491,48 Years,8615,4279,4336,5330,2706,2624,606,281,325,605,298,307,187,86,101,1887,908,979
WILLIAMSON COUNTY,491,49 Years,7952,3948,4004,4934,2480,2454,583,294,289,560,272,288,154,81,73,1721,821,900
WILLIAMSON COUNTY,491,50 Years,7297,3684,3613,4540,2327,2213,581,299,282,498,263,235,116,56,60,1562,739,823
WILLIAMSON COUNTY,491,51 Years,6852,3415,3437,4354,2217,2137,504,246,258,457,221,236,127,63,64,1410,668,742
WILLIAMSON COUNTY,491,52 Years,6735,3286,3449,4282,2102,2180,536,244,292,409,202,207,105,54,51,1403,684,719
WILLIAMSON COUNTY,491,53 Years,6880,3398,3482,4410,2200,2210,541,243,298,400,192,208,114,59,55,1415,704,711
WILLIAMSON COUNTY,491,54 Years,6995,3426,3569,4582,2256,2326,529,244,285,396,188,208,119,65,54,1369,673,696
WILLIAMSON COUNTY,491,55 Years,6991,3368,3623,4695,2262,2433,506,239,267,390,194,196,119,54,65,1281,619,662
WILLIAMSON COUNTY,491,56 Years,6807,3310,3497,4671,2269,2402,491,240,251,343,171,172,110,52,58,1192,578,614
WILLIAMSON COUNTY,491,57 Years,6676,3229,3447,4645,2254,2391,465,226,239,298,139,159,110,53,57,1158,557,601
WILLIAMSON COUNTY,491,58 Years,6590,3177,3413,4666,2234,2432,443,233,210,294,145,149,109,50,59,1078,515,563
WILLIAMSON COUNTY,491,59 Years,6096,2931,3165,4329,2089,2240,435,214,221,265,116,149,107,50,57,960,462,498
WILLIAMSON COUNTY,491,60 Years,5971,2835,3136,4315,2069,2246,358,181,177,265,125,140,92,41,51,941,419,522
WILLIAMSON COUNTY,491,61 Years,5778,2688,3090,4201,1966,2235,353,172,181,232,109,123,86,40,46,906,401,505
WILLIAMSON COUNTY,491,62 Years,5619,2647,2972,4125,1972,2153,358,174,184,223,107,116,87,45,42,826,349,477
WILLIAMSON COUNTY,491,63 Years,5573,2583,2990,4139,1938,2201,350,162,188,223,97,126,81,35,46,780,351,429
WILLIAMSON COUNTY,491,64 Years,5320,2408,2912,4029,1852,2177,267,122,145,208,87,121,70,28,42,746,319,427
WILLIAMSON COUNTY,491,65 Years,5255,2365,2890,4041,1824,2217,249,105,144,228,103,125,58,28,30,679,305,374
WILLIAMSON COUNTY,491,66 Years,4960,2206,2754,3779,1702,2077,249,106,143,211,84,127,67,25,42,654,289,365
WILLIAMSON COUNTY,491,67 Years,4730,2190,2540,3659,1722,1937,242,101,141,195,90,105,62,28,34,572,249,323
WILLIAMSON COUNTY,491,68 Years,4645,2082,2563,3643,1646,1997,210,91,119,195,82,113,65,31,34,532,232,300
WILLIAMSON COUNTY,491,69 Years,4409,1950,2459,3435,1525,1910,198,86,112,185,78,107,61,30,31,530,231,299
WILLIAMSON COUNTY,491,70 Years,4416,1964,2452,3542,1581,1961,169,76,93,171,79,92,64,31,33,470,197,273
WILLIAMSON COUNTY,491,71 Years,4422,1995,2427,3609,1631,1978,162,79,83,167,75,92,60,31,29,424,179,245
WILLIAMSON COUNTY,491,72 Years,3513,1627,1886,2851,1336,1515,113,46,67,137,67,70,45,20,25,367,158,209
WILLIAMSON COUNTY,491,73 Years,3150,1461,1689,2552,1201,1351,100,36,64,122,68,54,44,16,28,332,140,192
WILLIAMSON COUNTY,491,74 Years,3093,1416,1677,2545,1170,1375,93,44,49,113,59,54,39,17,22,303,126,177
WILLIAMSON COUNTY,491,75 Years,2974,1361,1613,2463,1137,1326,102,45,57,98,51,47,32,18,14,279,110,169
WILLIAMSON COUNTY,491,76 Years,2702,1243,1459,2264,1052,1212,84,40,44,76,35,41,23,12,11,255,104,151
WILLIAMSON COUNTY,491,77 Years,2403,1063,1340,2026,917,1109,68,28,40,75,30,45,24,12,12,210,76,134
WILLIAMSON COUNTY,491,78 Years,2065,937,1128,1708,788,920,54,23,31,76,36,40,22,11,11,205,79,126
WILLIAMSON COUNTY,491,79 Years,1914,852,1062,1589,724,865,51,23,28,69,31,38,17,9,8,188,65,123
WILLIAMSON COUNTY,491,80 Years,1755,769,986,1465,655,810,50,23,27,52,19,33,16,9,7,172,63,109
WILLIAMSON COUNTY,491,81 Years,1642,705,937,1349,590,759,57,19,38,48,18,30,17,10,7,171,68,103
WILLIAMSON COUNTY,491,82 Years,1433,599,834,1196,509,687,39,11,28,39,15,24,12,6,6,147,58,89
WILLIAMSON COUNTY,491,83 Years,1311,541,770,1099,459,640,33,10,23,38,17,21,7,1,6,134,54,80
WILLIAMSON COUNTY,491,84 Years,1180,479,701,987,401,586,32,10,22,39,15,24,7,3,4,115,50,65
WILLIAMSON COUNTY,491,85 Years,1076,412,664,914,356,558,29,9,20,34,11,23,6,3,3,93,33,60
WILLIAMSON COUNTY,491,86 Years,949,362,587,810,316,494,23,6,17,26,8,18,8,3,5,82,29,53
WILLIAMSON COUNTY,491,87 Years,830,315,515,710,276,434,19,5,14,19,7,12,6,3,3,76,24,52
WILLIAMSON COUNTY,491,88 Years,750,287,463,642,250,392,14,5,9,14,7,7,6,2,4,74,23,51
WILLIAMSON COUNTY,491,89 Years,626,217,409,549,192,357,14,3,11,12,6,6,4,2,2,47,14,33
WILLIAMSON COUNTY,491,90 Years,551,185,366,488,162,326,9,3,6,9,5,4,2,1,1,43,14,29
WILLIAMSON COUNTY,491,91 Years,458,141,317,399,122,277,8,3,5,8,4,4,1,0,1,42,12,30
WILLIAMSON COUNTY,491,92 Years,356,111,245,316,95,221,6,3,3,7,4,3,1,0,1,26,9,17
WILLIAMSON COUNTY,491,93 Years,296,86,210,263,76,187,4,2,2,4,2,2,3,1,2,22,5,17
WILLIAMSON COUNTY,491,94 Years,230,62,168,203,55,148,5,2,3,4,2,2,1,0,1,17,3,14
WILLIAMSON COUNTY,491,95 Years +,557,134,423,486,113,373,12,3,9,11,4,7,2,0,2,46,14,32
WILSON COUNTY,493,All Ages,50755,25724,25031,28957,14665,14292,696,370,326,157,45,112,669,331,338,20276,10313,9963
WILSON COUNTY,493,< 1 Year,571,296,275,269,132,137,8,4,4,2,1,1,24,13,11,268,146,122
WILSON COUNTY,493,1 Years,580,301,279,272,138,134,8,4,4,2,1,1,20,13,7,278,145,133
WILSON COUNTY,493,2 Years,605,310,295,297,153,144,7,3,4,2,1,1,16,6,10,283,147,136
WILSON COUNTY,493,3 Years,607,317,290,297,160,137,5,4,1,2,0,2,13,5,8,290,148,142
WILSON COUNTY,493,4 Years,611,316,295,303,164,139,8,4,4,3,1,2,14,6,8,283,141,142
WILSON COUNTY,493,5 Years,600,314,286,298,160,138,8,3,5,2,1,1,11,7,4,281,143,138
WILSON COUNTY,493,6 Years,594,307,287,294,157,137,7,2,5,2,1,1,11,7,4,280,140,140
WILSON COUNTY,493,7 Years,566,288,278,271,141,130,6,2,4,1,0,1,10,7,3,278,138,140
WILSON COUNTY,493,8 Years,584,273,311,269,120,149,8,3,5,0,0,0,10,4,6,297,146,151
WILSON COUNTY,493,9 Years,598,300,298,271,127,144,5,4,1,0,0,0,9,4,5,313,165,148
WILSON COUNTY,493,10 Years,605,317,288,297,160,137,3,1,2,1,1,0,8,4,4,296,151,145
WILSON COUNTY,493,11 Years,649,323,326,301,153,148,3,1,2,3,1,2,13,10,3,329,158,171
WILSON COUNTY,493,12 Years,660,341,319,316,165,151,4,1,3,2,1,1,8,4,4,330,170,160
WILSON COUNTY,493,13 Years,693,359,334,328,171,157,3,1,2,0,0,0,15,8,7,347,179,168
WILSON COUNTY,493,14 Years,695,380,315,352,196,156,8,5,3,1,0,1,11,7,4,323,172,151
WILSON COUNTY,493,15 Years,732,377,355,370,186,184,6,4,2,2,1,1,10,6,4,344,180,164
WILSON COUNTY,493,16 Years,750,397,353,389,217,172,5,2,3,2,0,2,8,3,5,346,175,171
WILSON COUNTY,493,17 Years,781,418,363,427,231,196,5,1,4,0,0,0,8,6,2,341,180,161
WILSON COUNTY,493,18 Years,772,421,351,430,230,200,8,4,4,1,1,0,10,6,4,323,180,143
WILSON COUNTY,493,19 Years,687,380,307,364,199,165,6,5,1,0,0,0,7,4,3,310,172,138
WILSON COUNTY,493,20 Years,667,370,297,363,209,154,9,3,6,1,0,1,11,7,4,283,151,132
WILSON COUNTY,493,21 Years,660,346,314,337,180,157,11,5,6,1,0,1,13,7,6,298,154,144
WILSON COUNTY,493,22 Years,696,351,345,364,169,195,10,6,4,3,1,2,12,7,5,307,168,139
WILSON COUNTY,493,23 Years,691,367,324,362,183,179,10,5,5,2,2,0,15,9,6,302,168,134
WILSON COUNTY,493,24 Years,714,379,335,376,207,169,12,6,6,1,0,1,13,6,7,312,160,152
WILSON COUNTY,493,25 Years,744,410,334,385,216,169,14,5,9,2,2,0,13,5,8,330,182,148
WILSON COUNTY,493,26 Years,726,412,314,349,186,163,11,6,5,4,2,2,10,6,4,352,212,140
WILSON COUNTY,493,27 Years,643,353,290,271,149,122,8,5,3,1,1,0,6,3,3,357,195,162
WILSON COUNTY,493,28 Years,601,345,256,248,142,106,8,6,2,0,0,0,12,6,6,333,191,142
WILSON COUNTY,493,29 Years,558,303,255,240,131,109,6,3,3,2,0,2,6,3,3,304,166,138
WILSON COUNTY,493,30 Years,530,273,257,247,129,118,8,4,4,0,0,0,6,2,4,269,138,131
WILSON COUNTY,493,31 Years,519,265,254,255,134,121,6,4,2,0,0,0,5,2,3,253,125,128
WILSON COUNTY,493,32 Years,506,241,265,237,124,113,3,3,0,1,1,0,4,3,1,261,110,151
WILSON COUNTY,493,33 Years,515,239,276,250,125,125,4,2,2,2,0,2,3,1,2,256,111,145
WILSON COUNTY,493,34 Years,569,281,288,285,139,146,6,3,3,3,1,2,5,0,5,270,138,132
WILSON COUNTY,493,35 Years,557,279,278,275,130,145,8,5,3,1,0,1,5,0,5,268,144,124
WILSON COUNTY,493,36 Years,533,275,258,266,124,142,8,5,3,0,0,0,7,4,3,252,142,110
WILSON COUNTY,493,37 Years,562,298,264,292,133,159,4,2,2,0,0,0,6,3,3,260,160,100
WILSON COUNTY,493,38 Years,567,290,277,295,151,144,3,2,1,1,1,0,6,2,4,262,134,128
WILSON COUNTY,493,39 Years,534,268,266,307,155,152,3,3,0,1,0,1,2,0,2,221,110,111
WILSON COUNTY,493,40 Years,526,242,284,299,132,167,5,3,2,1,1,0,6,2,4,215,104,111
WILSON COUNTY,493,41 Years,539,274,265,299,148,151,2,1,1,0,0,0,5,2,3,233,123,110
WILSON COUNTY,493,42 Years,553,258,295,295,147,148,4,3,1,1,0,1,6,4,2,247,104,143
WILSON COUNTY,493,43 Years,613,293,320,348,168,180,4,3,1,1,0,1,4,2,2,256,120,136
WILSON COUNTY,493,44 Years,556,290,266,295,156,139,6,3,3,1,0,1,5,1,4,249,130,119
WILSON COUNTY,493,45 Years,612,308,304,323,161,162,6,2,4,1,0,1,6,2,4,276,143,133
WILSON COUNTY,493,46 Years,686,342,344,395,198,197,7,5,2,3,1,2,2,1,1,279,137,142
WILSON COUNTY,493,47 Years,688,329,359,412,204,208,7,5,2,1,1,0,4,2,2,264,117,147
WILSON COUNTY,493,48 Years,689,328,361,421,212,209,8,3,5,4,0,4,9,6,3,247,107,140
WILSON COUNTY,493,49 Years,681,332,349,400,201,199,6,2,4,3,1,2,8,2,6,264,126,138
WILSON COUNTY,493,50 Years,659,325,334,390,194,196,5,4,1,3,2,1,8,4,4,253,121,132
WILSON COUNTY,493,51 Years,674,345,329,407,207,200,9,5,4,4,1,3,12,6,6,242,126,116
WILSON COUNTY,493,52 Years,714,374,340,429,226,203,12,7,5,2,0,2,9,3,6,262,138,124
WILSON COUNTY,493,53 Years,765,382,383,464,228,236,11,6,5,5,1,4,11,4,7,274,143,131
WILSON COUNTY,493,54 Years,777,378,399,492,238,254,14,7,7,2,0,2,11,5,6,258,128,130
WILSON COUNTY,493,55 Years,788,392,396,501,257,244,14,5,9,5,2,3,4,3,1,264,125,139
WILSON COUNTY,493,56 Years,758,390,368,482,254,228,11,3,8,4,1,3,9,6,3,252,126,126
WILSON COUNTY,493,57 Years,815,404,411,523,255,268,11,5,6,4,2,2,9,4,5,268,138,130
WILSON COUNTY,493,58 Years,788,396,392,536,275,261,16,10,6,2,0,2,10,6,4,224,105,119
WILSON COUNTY,493,59 Years,730,361,369,487,247,240,18,7,11,2,0,2,12,5,7,211,102,109
WILSON COUNTY,493,60 Years,720,349,371,467,227,240,12,7,5,1,0,1,14,6,8,226,109,117
WILSON COUNTY,493,61 Years,691,336,355,475,231,244,12,8,4,2,0,2,9,2,7,193,95,98
WILSON COUNTY,493,62 Years,703,358,345,461,232,229,15,6,9,1,0,1,9,4,5,217,116,101
WILSON COUNTY,493,63 Years,694,340,354,446,221,225,17,7,10,3,1,2,5,2,3,223,109,114
WILSON COUNTY,493,64 Years,672,317,355,445,198,247,12,8,4,1,1,0,5,2,3,209,108,101
WILSON COUNTY,493,65 Years,637,312,325,425,195,230,9,7,2,3,0,3,9,3,6,191,107,84
WILSON COUNTY,493,66 Years,626,284,342,424,192,232,9,6,3,2,0,2,7,3,4,184,83,101
WILSON COUNTY,493,67 Years,593,282,311,398,192,206,13,6,7,4,0,4,6,3,3,172,81,91
WILSON COUNTY,493,68 Years,612,312,300,417,215,202,11,7,4,4,0,4,7,4,3,173,86,87
WILSON COUNTY,493,69 Years,581,286,295,410,198,212,8,5,3,4,0,4,5,2,3,154,81,73
WILSON COUNTY,493,70 Years,539,275,264,393,203,190,12,7,5,4,3,1,3,1,2,127,61,66
WILSON COUNTY,493,71 Years,525,263,262,383,200,183,11,8,3,2,1,1,5,3,2,124,51,73
WILSON COUNTY,493,72 Years,465,233,232,327,163,164,9,3,6,2,0,2,3,3,0,124,64,60
WILSON COUNTY,493,73 Years,415,217,198,282,149,133,7,5,2,2,0,2,1,1,0,123,62,61
WILSON COUNTY,493,74 Years,382,189,193,264,131,133,9,6,3,1,0,1,3,2,1,105,50,55
WILSON COUNTY,493,75 Years,354,175,179,247,129,118,7,5,2,3,0,3,5,3,2,92,38,54
WILSON COUNTY,493,76 Years,320,163,157,219,111,108,7,6,1,3,0,3,5,2,3,86,44,42
WILSON COUNTY,493,77 Years,277,149,128,207,111,96,6,4,2,1,0,1,2,1,1,61,33,28
WILSON COUNTY,493,78 Years,270,137,133,203,101,102,5,2,3,1,1,0,2,1,1,59,32,27
WILSON COUNTY,493,79 Years,255,129,126,194,98,96,6,4,2,3,1,2,3,2,1,49,24,25
WILSON COUNTY,493,80 Years,231,107,124,172,85,87,8,3,5,0,0,0,2,1,1,49,18,31
WILSON COUNTY,493,81 Years,200,98,102,143,74,69,5,2,3,1,0,1,1,1,0,50,21,29
WILSON COUNTY,493,82 Years,173,90,83,123,67,56,4,2,2,1,0,1,0,0,0,45,21,24
WILSON COUNTY,493,83 Years,162,71,91,114,55,59,1,0,1,1,0,1,1,0,1,45,16,29
WILSON COUNTY,493,84 Years,143,58,85,93,40,53,4,2,2,0,0,0,1,0,1,45,16,29
WILSON COUNTY,493,85 Years,138,66,72,98,45,53,5,4,1,0,0,0,0,0,0,35,17,18
WILSON COUNTY,493,86 Years,137,66,71,93,47,46,4,3,1,1,0,1,3,2,1,36,14,22
WILSON COUNTY,493,87 Years,111,52,59,78,39,39,2,1,1,1,1,0,1,1,0,29,10,19
WILSON COUNTY,493,88 Years,92,40,52,66,29,37,2,0,2,1,1,0,1,0,1,22,10,12
WILSON COUNTY,493,89 Years,73,34,39,54,25,29,2,1,1,1,0,1,1,0,1,15,8,7
WILSON COUNTY,493,90 Years,65,27,38,46,17,29,4,2,2,0,0,0,1,0,1,14,8,6
WILSON COUNTY,493,91 Years,56,23,33,36,13,23,2,2,0,0,0,0,0,0,0,18,8,10
WILSON COUNTY,493,92 Years,49,17,32,34,14,20,1,0,1,0,0,0,1,0,1,13,3,10
WILSON COUNTY,493,93 Years,41,12,29,28,10,18,2,0,2,0,0,0,1,0,1,10,2,8
WILSON COUNTY,493,94 Years,30,10,20,20,7,13,0,0,0,0,0,0,0,0,0,10,3,7
WILSON COUNTY,493,95 Years +,80,24,56,55,17,38,4,1,3,0,0,0,1,0,1,20,6,14
WINKLER COUNTY,495,All Ages,7685,4040,3645,2733,1396,1337,146,63,83,19,9,10,125,67,58,4662,2505,2157
WINKLER COUNTY,495,< 1 Year,110,51,59,36,18,18,0,0,0,0,0,0,0,0,0,74,33,41
WINKLER COUNTY,495,1 Years,112,54,58,35,17,18,4,1,3,0,0,0,6,5,1,67,31,36
WINKLER COUNTY,495,2 Years,114,51,63,36,17,19,4,2,2,0,0,0,6,1,5,68,31,37
WINKLER COUNTY,495,3 Years,126,59,67,39,17,22,5,3,2,2,1,1,6,1,5,74,37,37
WINKLER COUNTY,495,4 Years,138,65,73,42,19,23,4,0,4,2,1,1,6,1,5,84,44,40
WINKLER COUNTY,495,5 Years,142,74,68,42,20,22,6,1,5,0,0,0,3,2,1,91,51,40
WINKLER COUNTY,495,6 Years,138,75,63,40,19,21,5,2,3,0,0,0,0,0,0,93,54,39
WINKLER COUNTY,495,7 Years,130,70,60,40,18,22,4,2,2,0,0,0,3,1,2,83,49,34
WINKLER COUNTY,495,8 Years,154,75,79,54,31,23,5,4,1,1,1,0,2,1,1,92,38,54
WINKLER COUNTY,495,9 Years,158,85,73,48,33,15,3,2,1,0,0,0,3,0,3,104,50,54
WINKLER COUNTY,495,10 Years,156,87,69,55,34,21,1,0,1,1,0,1,4,2,2,95,51,44
WINKLER COUNTY,495,11 Years,134,78,56,41,25,16,0,0,0,0,0,0,2,1,1,91,52,39
WINKLER COUNTY,495,12 Years,134,67,67,31,17,14,1,0,1,0,0,0,4,4,0,98,46,52
WINKLER COUNTY,495,13 Years,111,58,53,31,17,14,2,1,1,0,0,0,3,2,1,75,38,37
WINKLER COUNTY,495,14 Years,119,71,48,29,16,13,2,1,1,0,0,0,2,2,0,86,52,34
WINKLER COUNTY,495,15 Years,127,68,59,37,20,17,2,0,2,0,0,0,2,2,0,86,46,40
WINKLER COUNTY,495,16 Years,107,49,58,26,14,12,3,0,3,0,0,0,3,2,1,75,33,42
WINKLER COUNTY,495,17 Years,121,68,53,28,15,13,4,2,2,0,0,0,2,0,2,87,51,36
WINKLER COUNTY,495,18 Years,93,49,44,28,14,14,2,1,1,0,0,0,2,1,1,61,33,28
WINKLER COUNTY,495,19 Years,90,50,40,18,12,6,1,0,1,0,0,0,2,2,0,69,36,33
WINKLER COUNTY,495,20 Years,109,58,51,28,16,12,0,0,0,0,0,0,2,2,0,79,40,39
WINKLER COUNTY,495,21 Years,118,63,55,28,16,12,1,1,0,0,0,0,2,1,1,87,45,42
WINKLER COUNTY,495,22 Years,117,67,50,34,16,18,1,1,0,0,0,0,4,3,1,78,47,31
WINKLER COUNTY,495,23 Years,115,65,50,42,19,23,2,1,1,0,0,0,1,1,0,70,44,26
WINKLER COUNTY,495,24 Years,143,83,60,43,20,23,3,1,2,0,0,0,4,2,2,93,60,33
WINKLER COUNTY,495,25 Years,147,74,73,45,18,27,0,0,0,0,0,0,2,0,2,100,56,44
WINKLER COUNTY,495,26 Years,126,73,53,41,23,18,0,0,0,0,0,0,1,1,0,84,49,35
WINKLER COUNTY,495,27 Years,121,75,46,39,23,16,1,1,0,0,0,0,1,1,0,80,50,30
WINKLER COUNTY,495,28 Years,120,64,56,33,17,16,1,0,1,1,1,0,2,1,1,83,45,38
WINKLER COUNTY,495,29 Years,100,56,44,32,16,16,2,1,1,1,1,0,0,0,0,65,38,27
WINKLER COUNTY,495,30 Years,86,52,34,37,15,22,1,0,1,0,0,0,1,1,0,47,36,11
WINKLER COUNTY,495,31 Years,92,55,37,46,25,21,1,1,0,0,0,0,2,1,1,43,28,15
WINKLER COUNTY,495,32 Years,104,56,48,30,16,14,0,0,0,0,0,0,1,0,1,73,40,33
WINKLER COUNTY,495,33 Years,99,41,58,31,14,17,3,0,3,0,0,0,1,0,1,64,27,37
WINKLER COUNTY,495,34 Years,106,57,49,30,15,15,0,0,0,1,0,1,0,0,0,75,42,33
WINKLER COUNTY,495,35 Years,112,64,48,31,16,15,2,2,0,1,0,1,1,1,0,77,45,32
WINKLER COUNTY,495,36 Years,107,58,49,27,12,15,2,1,1,0,0,0,1,1,0,77,44,33
WINKLER COUNTY,495,37 Years,90,49,41,27,16,11,1,0,1,1,1,0,1,1,0,60,31,29
WINKLER COUNTY,495,38 Years,93,50,43,26,12,14,1,1,0,1,1,0,2,1,1,63,35,28
WINKLER COUNTY,495,39 Years,81,35,46,25,11,14,1,0,1,0,0,0,2,1,1,53,23,30
WINKLER COUNTY,495,40 Years,92,45,47,27,10,17,0,0,0,0,0,0,0,0,0,65,35,30
WINKLER COUNTY,495,41 Years,83,41,42,27,15,12,2,2,0,0,0,0,0,0,0,54,24,30
WINKLER COUNTY,495,42 Years,103,60,43,30,19,11,1,1,0,0,0,0,2,2,0,70,38,32
WINKLER COUNTY,495,43 Years,86,43,43,25,13,12,2,2,0,0,0,0,1,1,0,58,27,31
WINKLER COUNTY,495,44 Years,75,37,38,28,12,16,1,1,0,1,0,1,0,0,0,45,24,21
WINKLER COUNTY,495,45 Years,79,37,42,34,12,22,1,0,1,1,0,1,1,0,1,42,25,17
WINKLER COUNTY,495,46 Years,83,52,31,31,18,13,1,1,0,0,0,0,2,2,0,49,31,18
WINKLER COUNTY,495,47 Years,82,45,37,31,16,15,3,1,2,0,0,0,1,1,0,47,27,20
WINKLER COUNTY,495,48 Years,76,41,35,26,12,14,2,2,0,0,0,0,0,0,0,48,27,21
WINKLER COUNTY,495,49 Years,77,42,35,24,10,14,0,0,0,0,0,0,2,1,1,51,31,20
WINKLER COUNTY,495,50 Years,70,37,33,25,11,14,1,0,1,0,0,0,1,0,1,43,26,17
WINKLER COUNTY,495,51 Years,69,36,33,27,13,14,0,0,0,1,1,0,0,0,0,41,22,19
WINKLER COUNTY,495,52 Years,81,42,39,30,16,14,2,1,1,0,0,0,1,0,1,48,25,23
WINKLER COUNTY,495,53 Years,84,42,42,36,18,18,2,2,0,0,0,0,0,0,0,46,22,24
WINKLER COUNTY,495,54 Years,98,53,45,43,25,18,3,1,2,0,0,0,2,1,1,50,26,24
WINKLER COUNTY,495,55 Years,91,44,47,44,21,23,1,0,1,0,0,0,4,2,2,42,21,21
WINKLER COUNTY,495,56 Years,96,47,49,50,25,25,2,2,0,0,0,0,2,0,2,42,20,22
WINKLER COUNTY,495,57 Years,82,43,39,41,23,18,1,1,0,0,0,0,0,0,0,40,19,21
WINKLER COUNTY,495,58 Years,79,41,38,37,19,18,3,2,1,0,0,0,0,0,0,39,20,19
WINKLER COUNTY,495,59 Years,80,40,40,37,19,18,2,1,1,0,0,0,0,0,0,41,20,21
WINKLER COUNTY,495,60 Years,79,44,35,40,24,16,2,0,2,1,0,1,0,0,0,36,20,16
WINKLER COUNTY,495,61 Years,83,44,39,41,24,17,1,0,1,1,0,1,1,1,0,39,19,20
WINKLER COUNTY,495,62 Years,82,40,42,39,20,19,4,1,3,0,0,0,1,1,0,38,18,20
WINKLER COUNTY,495,63 Years,69,38,31,38,21,17,2,0,2,0,0,0,1,1,0,28,16,12
WINKLER COUNTY,495,64 Years,67,37,30,34,17,17,2,1,1,0,0,0,0,0,0,31,19,12
WINKLER COUNTY,495,65 Years,67,37,30,33,18,15,2,1,1,1,0,1,1,1,0,30,17,13
WINKLER COUNTY,495,66 Years,68,32,36,32,17,15,2,1,1,0,0,0,1,0,1,33,14,19
WINKLER COUNTY,495,67 Years,67,34,33,35,18,17,1,0,1,0,0,0,0,0,0,31,16,15
WINKLER COUNTY,495,68 Years,56,29,27,30,16,14,1,0,1,0,0,0,1,1,0,24,12,12
WINKLER COUNTY,495,69 Years,54,33,21,25,14,11,1,1,0,0,0,0,1,1,0,27,17,10
WINKLER COUNTY,495,70 Years,56,29,27,25,14,11,1,1,0,0,0,0,1,0,1,29,14,15
WINKLER COUNTY,495,71 Years,62,27,35,34,14,20,1,0,1,0,0,0,1,0,1,26,13,13
WINKLER COUNTY,495,72 Years,52,28,24,29,15,14,1,0,1,0,0,0,0,0,0,22,13,9
WINKLER COUNTY,495,73 Years,43,19,24,21,10,11,1,0,1,0,0,0,0,0,0,21,9,12
WINKLER COUNTY,495,74 Years,37,18,19,20,9,11,1,0,1,0,0,0,1,1,0,15,8,7
WINKLER COUNTY,495,75 Years,34,19,15,19,10,9,0,0,0,1,1,0,0,0,0,14,8,6
WINKLER COUNTY,495,76 Years,31,17,14,18,9,9,1,1,0,0,0,0,1,1,0,11,6,5
WINKLER COUNTY,495,77 Years,27,14,13,16,8,8,1,0,1,0,0,0,0,0,0,10,6,4
WINKLER COUNTY,495,78 Years,24,14,10,13,7,6,1,1,0,0,0,0,0,0,0,10,6,4
WINKLER COUNTY,495,79 Years,21,12,9,11,6,5,0,0,0,0,0,0,0,0,0,10,6,4
WINKLER COUNTY,495,80 Years,24,11,13,14,7,7,0,0,0,0,0,0,0,0,0,10,4,6
WINKLER COUNTY,495,81 Years,21,11,10,12,6,6,0,0,0,0,0,0,0,0,0,9,5,4
WINKLER COUNTY,495,82 Years,22,8,14,11,5,6,1,0,1,0,0,0,1,0,1,9,3,6
WINKLER COUNTY,495,83 Years,18,9,9,8,4,4,1,0,1,0,0,0,0,0,0,9,5,4
WINKLER COUNTY,495,84 Years,15,8,7,8,3,5,0,0,0,0,0,0,1,0,1,6,5,1
WINKLER COUNTY,495,85 Years,14,8,6,7,3,4,0,0,0,0,0,0,0,0,0,7,5,2
WINKLER COUNTY,495,86 Years,14,6,8,7,3,4,0,0,0,0,0,0,0,0,0,7,3,4
WINKLER COUNTY,495,87 Years,20,7,13,11,3,8,0,0,0,0,0,0,0,0,0,9,4,5
WINKLER COUNTY,495,88 Years,17,6,11,8,3,5,1,0,1,0,0,0,0,0,0,8,3,5
WINKLER COUNTY,495,89 Years,15,6,9,7,2,5,1,1,0,0,0,0,0,0,0,7,3,4
WINKLER COUNTY,495,90 Years,12,4,8,5,2,3,1,0,1,0,0,0,0,0,0,6,2,4
WINKLER COUNTY,495,91 Years,9,4,5,3,1,2,0,0,0,0,0,0,0,0,0,6,3,3
WINKLER COUNTY,495,92 Years,11,4,7,4,1,3,2,0,2,0,0,0,0,0,0,5,3,2
WINKLER COUNTY,495,93 Years,7,4,3,4,2,2,0,0,0,0,0,0,0,0,0,3,2,1
WINKLER COUNTY,495,94 Years,6,4,2,3,2,1,0,0,0,0,0,0,0,0,0,3,2,1
WINKLER COUNTY,495,95 Years +,15,8,7,4,2,2,2,1,1,0,0,0,1,0,1,8,5,3
WISE COUNTY,497,All Ages,68690,34360,34330,52817,26162,26655,672,447,225,286,123,163,1437,685,752,13478,6943,6535
WISE COUNTY,497,< 1 Year,783,390,393,490,255,235,9,5,4,3,0,3,33,14,19,248,116,132
WISE COUNTY,497,1 Years,781,389,392,489,252,237,6,4,2,5,1,4,34,12,22,247,120,127
WISE COUNTY,497,2 Years,815,398,417,517,258,259,5,3,2,5,2,3,44,18,26,244,117,127
WISE COUNTY,497,3 Years,826,418,408,531,266,265,6,3,3,5,2,3,40,21,19,244,126,118
WISE COUNTY,497,4 Years,855,430,425,561,273,288,5,2,3,4,2,2,38,22,16,247,131,116
WISE COUNTY,497,5 Years,839,411,428,551,264,287,6,2,4,4,1,3,30,15,15,248,129,119
WISE COUNTY,497,6 Years,833,407,426,544,258,286,5,2,3,5,2,3,28,10,18,251,135,116
WISE COUNTY,497,7 Years,844,425,419,547,268,279,6,3,3,6,3,3,29,12,17,256,139,117
WISE COUNTY,497,8 Years,835,447,388,538,294,244,6,1,5,6,0,6,29,15,14,256,137,119
WISE COUNTY,497,9 Years,929,457,472,624,306,318,8,4,4,2,1,1,21,12,9,274,134,140
WISE COUNTY,497,10 Years,971,503,468,645,342,303,5,4,1,5,3,2,16,9,7,300,145,155
WISE COUNTY,497,11 Years,958,515,443,629,340,289,8,4,4,4,3,1,22,13,9,295,155,140
WISE COUNTY,497,12 Years,945,509,436,635,349,286,6,3,3,7,5,2,16,11,5,281,141,140
WISE COUNTY,497,13 Years,909,487,422,598,324,274,4,2,2,3,1,2,25,18,7,279,142,137
WISE COUNTY,497,14 Years,918,468,450,612,332,280,3,2,1,4,0,4,24,11,13,275,123,152
WISE COUNTY,497,15 Years,902,458,444,619,328,291,4,3,1,1,0,1,26,11,15,252,116,136
WISE COUNTY,497,16 Years,887,466,421,603,329,274,10,5,5,0,0,0,24,13,11,250,119,131
WISE COUNTY,497,17 Years,917,481,436,630,331,299,9,4,5,1,0,1,20,8,12,257,138,119
WISE COUNTY,497,18 Years,863,445,418,577,310,267,13,6,7,5,4,1,22,6,16,246,119,127
WISE COUNTY,497,19 Years,748,413,335,502,279,223,5,4,1,4,3,1,18,8,10,219,119,100
WISE COUNTY,497,20 Years,742,393,349,507,272,235,5,2,3,6,4,2,20,10,10,204,105,99
WISE COUNTY,497,21 Years,747,380,367,508,263,245,3,2,1,1,1,0,21,12,9,214,102,112
WISE COUNTY,497,22 Years,751,384,367,504,252,252,6,4,2,1,0,1,21,14,7,219,114,105
WISE COUNTY,497,23 Years,797,414,383,548,278,270,19,17,2,4,2,2,27,17,10,199,100,99
WISE COUNTY,497,24 Years,841,436,405,599,306,293,13,12,1,6,5,1,38,16,22,185,97,88
WISE COUNTY,497,25 Years,915,473,442,659,345,314,11,7,4,5,2,3,37,13,24,203,106,97
WISE COUNTY,497,26 Years,946,485,461,682,351,331,17,11,6,3,2,1,31,15,16,213,106,107
WISE COUNTY,497,27 Years,947,466,481,681,341,340,17,10,7,4,4,0,24,13,11,221,98,123
WISE COUNTY,497,28 Years,958,461,497,696,324,372,14,9,5,7,3,4,21,12,9,220,113,107
WISE COUNTY,497,29 Years,931,455,476,678,316,362,22,15,7,3,1,2,16,7,9,212,116,96
WISE COUNTY,497,30 Years,895,444,451,649,311,338,18,13,5,0,0,0,18,7,11,210,113,97
WISE COUNTY,497,31 Years,925,466,459,666,328,338,15,12,3,2,0,2,14,8,6,228,118,110
WISE COUNTY,497,32 Years,933,506,427,689,370,319,14,11,3,2,1,1,14,5,9,214,119,95
WISE COUNTY,497,33 Years,907,478,429,667,339,328,21,16,5,3,1,2,12,8,4,204,114,90
WISE COUNTY,497,34 Years,877,450,427,644,309,335,17,14,3,5,2,3,12,7,5,199,118,81
WISE COUNTY,497,35 Years,822,418,404,588,297,291,12,9,3,4,1,3,7,2,5,211,109,102
WISE COUNTY,497,36 Years,875,427,448,640,298,342,11,8,3,2,0,2,13,6,7,209,115,94
WISE COUNTY,497,37 Years,834,413,421,620,303,317,15,10,5,3,0,3,10,4,6,186,96,90
WISE COUNTY,497,38 Years,823,410,413,612,302,310,17,13,4,3,1,2,8,3,5,183,91,92
WISE COUNTY,497,39 Years,800,405,395,602,299,303,14,12,2,4,2,2,10,3,7,170,89,81
WISE COUNTY,497,40 Years,794,394,400,600,292,308,10,5,5,6,3,3,8,4,4,170,90,80
WISE COUNTY,497,41 Years,750,361,389,543,247,296,15,12,3,3,1,2,7,5,2,182,96,86
WISE COUNTY,497,42 Years,777,419,358,573,293,280,16,13,3,2,1,1,9,6,3,177,106,71
WISE COUNTY,497,43 Years,765,408,357,592,303,289,6,4,2,3,1,2,10,4,6,154,96,58
WISE COUNTY,497,44 Years,803,426,377,574,298,276,15,13,2,7,3,4,15,7,8,192,105,87
WISE COUNTY,497,45 Years,807,404,403,589,288,301,15,11,4,8,3,5,13,7,6,182,95,87
WISE COUNTY,497,46 Years,865,406,459,658,310,348,10,6,4,6,2,4,13,5,8,178,83,95
WISE COUNTY,497,47 Years,922,458,464,719,356,363,8,7,1,1,1,0,20,8,12,174,86,88
WISE COUNTY,497,48 Years,941,476,465,738,370,368,16,13,3,5,3,2,19,10,9,163,80,83
WISE COUNTY,497,49 Years,861,416,445,681,325,356,9,6,3,3,2,1,9,5,4,159,78,81
WISE COUNTY,497,50 Years,878,427,451,693,327,366,12,8,4,8,3,5,9,6,3,156,83,73
WISE COUNTY,497,51 Years,903,450,453,706,344,362,9,8,1,7,2,5,14,8,6,167,88,79
WISE COUNTY,497,52 Years,958,499,459,777,398,379,10,9,1,4,3,1,12,7,5,155,82,73
WISE COUNTY,497,53 Years,976,499,477,800,404,396,9,5,4,3,2,1,14,7,7,150,81,69
WISE COUNTY,497,54 Years,1023,505,518,862,419,443,12,9,3,6,1,5,16,8,8,127,68,59
WISE COUNTY,497,55 Years,1094,544,550,917,449,468,7,5,2,5,3,2,26,8,18,139,79,60
WISE COUNTY,497,56 Years,1037,513,524,885,432,453,9,7,2,4,2,2,22,8,14,117,64,53
WISE COUNTY,497,57 Years,1028,529,499,888,456,432,3,2,1,4,1,3,17,7,10,116,63,53
WISE COUNTY,497,58 Years,1041,512,529,900,451,449,3,1,2,4,1,3,17,4,13,117,55,62
WISE COUNTY,497,59 Years,1007,506,501,881,448,433,2,1,1,2,0,2,17,7,10,105,50,55
WISE COUNTY,497,60 Years,993,510,483,879,446,433,2,1,1,3,3,0,16,6,10,93,54,39
WISE COUNTY,497,61 Years,956,503,453,851,441,410,3,1,2,2,1,1,13,7,6,87,53,34
WISE COUNTY,497,62 Years,885,439,446,790,389,401,2,1,1,4,2,2,14,7,7,75,40,35
WISE COUNTY,497,63 Years,848,439,409,740,374,366,2,1,1,5,3,2,17,9,8,84,52,32
WISE COUNTY,497,64 Years,799,393,406,686,329,357,2,1,1,2,1,1,22,12,10,87,50,37
WISE COUNTY,497,65 Years,788,377,411,696,332,364,5,2,3,3,2,1,15,10,5,69,31,38
WISE COUNTY,497,66 Years,731,354,377,659,322,337,2,2,0,3,1,2,10,4,6,57,25,32
WISE COUNTY,497,67 Years,702,334,368,627,300,327,4,2,2,1,0,1,9,3,6,61,29,32
WISE COUNTY,497,68 Years,717,340,377,640,303,337,4,2,2,5,2,3,5,2,3,63,31,32
WISE COUNTY,497,69 Years,652,288,364,599,263,336,4,3,1,1,0,1,10,4,6,38,18,20
WISE COUNTY,497,70 Years,694,344,350,646,318,328,7,3,4,0,0,0,7,4,3,34,19,15
WISE COUNTY,497,71 Years,674,333,341,622,310,312,3,1,2,1,1,0,16,8,8,32,13,19
WISE COUNTY,497,72 Years,612,308,304,556,280,276,5,2,3,2,1,1,12,8,4,37,17,20
WISE COUNTY,497,73 Years,555,253,302,515,234,281,2,1,1,1,0,1,5,1,4,32,17,15
WISE COUNTY,497,74 Years,563,273,290,529,258,271,0,0,0,1,0,1,4,2,2,29,13,16
WISE COUNTY,497,75 Years,541,256,285,505,242,263,1,1,0,0,0,0,6,2,4,29,11,18
WISE COUNTY,497,76 Years,483,222,261,451,210,241,2,1,1,1,0,1,7,3,4,22,8,14
WISE COUNTY,497,77 Years,447,208,239,405,192,213,3,1,2,1,0,1,9,3,6,29,12,17
WISE COUNTY,497,78 Years,388,183,205,358,166,192,1,0,1,2,1,1,2,1,1,25,15,10
WISE COUNTY,497,79 Years,344,156,188,320,143,177,2,1,1,0,0,0,3,1,2,19,11,8
WISE COUNTY,497,80 Years,305,152,153,282,142,140,0,0,0,2,0,2,5,2,3,16,8,8
WISE COUNTY,497,81 Years,288,130,158,269,121,148,0,0,0,1,0,1,7,4,3,11,5,6
WISE COUNTY,497,82 Years,254,103,151,239,96,143,0,0,0,0,0,0,4,2,2,11,5,6
WISE COUNTY,497,83 Years,229,95,134,216,90,126,0,0,0,0,0,0,2,1,1,11,4,7
WISE COUNTY,497,84 Years,237,103,134,218,94,124,1,0,1,1,0,1,4,2,2,13,7,6
WISE COUNTY,497,85 Years,201,93,108,187,86,101,2,1,1,0,0,0,3,1,2,9,5,4
WISE COUNTY,497,86 Years,157,74,83,147,68,79,1,1,0,1,1,0,0,0,0,8,4,4
WISE COUNTY,497,87 Years,147,58,89,136,53,83,2,0,2,0,0,0,2,2,0,7,3,4
WISE COUNTY,497,88 Years,135,46,89,124,42,82,1,0,1,1,0,1,2,1,1,7,3,4
WISE COUNTY,497,89 Years,112,38,74,103,35,68,0,0,0,0,0,0,2,0,2,7,3,4
WISE COUNTY,497,90 Years,92,34,58,82,31,51,0,0,0,2,0,2,2,1,1,6,2,4
WISE COUNTY,497,91 Years,81,27,54,71,25,46,2,0,2,1,0,1,1,0,1,6,2,4
WISE COUNTY,497,92 Years,53,18,35,51,17,34,0,0,0,0,0,0,0,0,0,2,1,1
WISE COUNTY,497,93 Years,49,12,37,47,12,35,0,0,0,0,0,0,0,0,0,2,0,2
WISE COUNTY,497,94 Years,43,12,31,41,10,31,0,0,0,0,0,0,0,0,0,2,2,0
WISE COUNTY,497,95 Years +,81,19,62,73,16,57,1,0,1,1,1,0,1,0,1,5,2,3
WOOD COUNTY,499,All Ages,44985,22480,22505,36939,18236,18703,2286,1213,1073,190,88,102,922,466,456,4648,2477,2171
WOOD COUNTY,499,< 1 Year,457,240,217,332,178,154,18,6,12,4,1,3,29,14,15,74,41,33
WOOD COUNTY,499,1 Years,459,234,225,326,171,155,22,11,11,3,1,2,27,11,16,81,40,41
WOOD COUNTY,499,2 Years,475,247,228,322,170,152,30,12,18,4,2,2,32,16,16,87,47,40
WOOD COUNTY,499,3 Years,489,251,238,325,172,153,34,12,22,3,2,1,34,19,15,93,46,47
WOOD COUNTY,499,4 Years,492,258,234,331,177,154,33,10,23,3,3,0,35,22,13,90,46,44
WOOD COUNTY,499,5 Years,501,254,247,335,173,162,31,11,20,6,5,1,38,23,15,91,42,49
WOOD COUNTY,499,6 Years,493,250,243,340,170,170,20,11,9,6,5,1,30,18,12,97,46,51
WOOD COUNTY,499,7 Years,508,256,252,353,176,177,22,10,12,4,3,1,27,17,10,102,50,52
WOOD COUNTY,499,8 Years,507,229,278,367,171,196,23,5,18,3,2,1,23,9,14,91,42,49
WOOD COUNTY,499,9 Years,488,242,246,343,181,162,23,7,16,2,1,1,12,5,7,108,48,60
WOOD COUNTY,499,10 Years,480,242,238,340,176,164,23,12,11,3,2,1,16,9,7,98,43,55
WOOD COUNTY,499,11 Years,505,270,235,367,195,172,19,8,11,1,1,0,18,8,10,100,58,42
WOOD COUNTY,499,12 Years,486,252,234,372,188,184,16,12,4,1,0,1,11,6,5,86,46,40
WOOD COUNTY,499,13 Years,478,258,220,350,188,162,26,15,11,2,1,1,11,7,4,89,47,42
WOOD COUNTY,499,14 Years,506,273,233,366,203,163,34,22,12,2,0,2,10,6,4,94,42,52
WOOD COUNTY,499,15 Years,508,258,250,346,178,168,50,27,23,4,3,1,13,5,8,95,45,50
WOOD COUNTY,499,16 Years,498,252,246,347,177,170,44,16,28,7,6,1,13,8,5,87,45,42
WOOD COUNTY,499,17 Years,548,291,257,346,185,161,76,41,35,7,4,3,12,9,3,107,52,55
WOOD COUNTY,499,18 Years,543,294,249,326,177,149,110,55,55,4,1,3,15,8,7,88,53,35
WOOD COUNTY,499,19 Years,530,291,239,302,165,137,118,66,52,3,0,3,14,7,7,93,53,40
WOOD COUNTY,499,20 Years,510,284,226,279,157,122,129,71,58,2,1,1,14,6,8,86,49,37
WOOD COUNTY,499,21 Years,502,268,234,303,160,143,109,63,46,3,2,1,14,5,9,73,38,35
WOOD COUNTY,499,22 Years,483,261,222,309,160,149,82,48,34,1,1,0,13,8,5,78,44,34
WOOD COUNTY,499,23 Years,473,258,215,344,184,160,44,32,12,3,1,2,10,6,4,72,35,37
WOOD COUNTY,499,24 Years,469,252,217,349,184,165,38,25,13,3,0,3,11,7,4,68,36,32
WOOD COUNTY,499,25 Years,435,236,199,340,182,158,13,9,4,3,1,2,9,6,3,70,38,32
WOOD COUNTY,499,26 Years,457,248,209,354,187,167,10,7,3,2,1,1,11,3,8,80,50,30
WOOD COUNTY,499,27 Years,456,247,209,362,192,170,11,8,3,1,1,0,6,3,3,76,43,33
WOOD COUNTY,499,28 Years,454,243,211,354,182,172,10,5,5,0,0,0,9,6,3,81,50,31
WOOD COUNTY,499,29 Years,447,230,217,353,175,178,11,7,4,0,0,0,9,6,3,74,42,32
WOOD COUNTY,499,30 Years,441,235,206,350,184,166,10,7,3,1,1,0,10,6,4,70,37,33
WOOD COUNTY,499,31 Years,432,236,196,344,183,161,7,5,2,0,0,0,7,3,4,74,45,29
WOOD COUNTY,499,32 Years,434,216,218,348,167,181,8,6,2,0,0,0,6,3,3,72,40,32
WOOD COUNTY,499,33 Years,421,212,209,326,154,172,28,20,8,1,0,1,6,3,3,60,35,25
WOOD COUNTY,499,34 Years,421,210,211,324,154,170,35,26,9,1,0,1,3,1,2,58,29,29
WOOD COUNTY,499,35 Years,438,240,198,349,190,159,23,15,8,0,0,0,4,2,2,62,33,29
WOOD COUNTY,499,36 Years,460,256,204,366,200,166,20,15,5,3,1,2,6,4,2,65,36,29
WOOD COUNTY,499,37 Years,495,268,227,405,213,192,31,25,6,2,0,2,4,3,1,53,27,26
WOOD COUNTY,499,38 Years,434,229,205,335,176,159,26,19,7,2,1,1,6,3,3,65,30,35
WOOD COUNTY,499,39 Years,427,223,204,356,181,175,14,8,6,4,1,3,5,4,1,48,29,19
WOOD COUNTY,499,40 Years,399,203,196,315,155,160,17,11,6,3,1,2,6,3,3,58,33,25
WOOD COUNTY,499,41 Years,399,201,198,318,155,163,14,8,6,3,0,3,5,3,2,59,35,24
WOOD COUNTY,499,42 Years,401,207,194,329,167,162,13,7,6,2,0,2,4,2,2,53,31,22
WOOD COUNTY,499,43 Years,402,211,191,337,177,160,10,5,5,1,0,1,4,1,3,50,28,22
WOOD COUNTY,499,44 Years,381,197,184,322,165,157,12,7,5,1,1,0,5,0,5,41,24,17
WOOD COUNTY,499,45 Years,403,185,218,334,151,183,10,4,6,2,0,2,4,1,3,53,29,24
WOOD COUNTY,499,46 Years,439,215,224,375,184,191,10,6,4,1,0,1,4,3,1,49,22,27
WOOD COUNTY,499,47 Years,448,240,208,386,208,178,9,6,3,6,5,1,5,3,2,42,18,24
WOOD COUNTY,499,48 Years,489,250,239,416,214,202,14,6,8,6,2,4,7,2,5,46,26,20
WOOD COUNTY,499,49 Years,488,260,228,414,220,194,13,6,7,3,0,3,6,2,4,52,32,20
WOOD COUNTY,499,50 Years,492,252,240,412,208,204,17,7,10,2,2,0,5,2,3,56,33,23
WOOD COUNTY,499,51 Years,463,228,235,392,185,207,17,8,9,1,1,0,6,1,5,47,33,14
WOOD COUNTY,499,52 Years,523,265,258,437,210,227,25,17,8,1,1,0,6,3,3,54,34,20
WOOD COUNTY,499,53 Years,567,286,281,487,234,253,25,17,8,3,0,3,7,3,4,45,32,13
WOOD COUNTY,499,54 Years,617,290,327,552,254,298,24,13,11,1,0,1,5,1,4,35,22,13
WOOD COUNTY,499,55 Years,582,283,299,511,247,264,20,9,11,1,0,1,7,2,5,43,25,18
WOOD COUNTY,499,56 Years,614,278,336,538,241,297,20,9,11,4,3,1,8,5,3,44,20,24
WOOD COUNTY,499,57 Years,658,327,331,587,296,291,19,12,7,6,4,2,13,4,9,33,11,22
WOOD COUNTY,499,58 Years,698,346,352,618,304,314,23,15,8,4,2,2,10,3,7,43,22,21
WOOD COUNTY,499,59 Years,673,340,333,610,310,300,23,11,12,2,0,2,4,2,2,34,17,17
WOOD COUNTY,499,60 Years,647,333,314,584,299,285,24,9,15,2,1,1,7,4,3,30,20,10
WOOD COUNTY,499,61 Years,721,347,374,651,313,338,30,12,18,3,2,1,6,5,1,31,15,16
WOOD COUNTY,499,62 Years,679,329,350,602,292,310,36,21,15,1,0,1,9,3,6,31,13,18
WOOD COUNTY,499,63 Years,693,325,368,629,294,335,23,12,11,3,1,2,10,3,7,28,15,13
WOOD COUNTY,499,64 Years,721,328,393,653,296,357,25,11,14,3,2,1,10,4,6,30,15,15
WOOD COUNTY,499,65 Years,670,299,371,605,271,334,23,11,12,3,0,3,8,4,4,31,13,18
WOOD COUNTY,499,66 Years,688,326,362,631,298,333,23,12,11,1,0,1,7,3,4,26,13,13
WOOD COUNTY,499,67 Years,688,338,350,627,303,324,19,8,11,1,1,0,14,8,6,27,18,9
WOOD COUNTY,499,68 Years,688,323,365,636,297,339,19,8,11,1,1,0,11,4,7,21,13,8
WOOD COUNTY,499,69 Years,698,342,356,645,313,332,18,9,9,3,1,2,14,8,6,18,11,7
WOOD COUNTY,499,70 Years,730,347,383,680,318,362,23,15,8,2,0,2,11,6,5,14,8,6
WOOD COUNTY,499,71 Years,757,372,385,710,349,361,23,10,13,3,0,3,6,3,3,15,10,5
WOOD COUNTY,499,72 Years,592,283,309,551,266,285,17,5,12,2,0,2,10,6,4,12,6,6
WOOD COUNTY,499,73 Years,584,278,306,551,260,291,9,4,5,1,0,1,10,7,3,13,7,6
WOOD COUNTY,499,74 Years,625,307,318,587,288,299,20,8,12,1,1,0,7,4,3,10,6,4
WOOD COUNTY,499,75 Years,595,287,308,559,271,288,19,7,12,1,0,1,6,2,4,10,7,3
WOOD COUNTY,499,76 Years,558,263,295,522,248,274,17,5,12,0,0,0,7,4,3,12,6,6
WOOD COUNTY,499,77 Years,511,235,276,477,223,254,15,5,10,0,0,0,7,3,4,12,4,8
WOOD COUNTY,499,78 Years,471,211,260,440,198,242,12,6,6,0,0,0,6,2,4,13,5,8
WOOD COUNTY,499,79 Years,433,204,229,403,190,213,14,6,8,1,0,1,6,4,2,9,4,5
WOOD COUNTY,499,80 Years,383,188,195,355,174,181,12,6,6,0,0,0,6,2,4,10,6,4
WOOD COUNTY,499,81 Years,344,172,172,322,160,162,10,7,3,0,0,0,4,2,2,8,3,5
WOOD COUNTY,499,82 Years,317,153,164,299,143,156,9,5,4,0,0,0,3,2,1,6,3,3
WOOD COUNTY,499,83 Years,323,154,169,300,143,157,9,5,4,0,0,0,6,2,4,8,4,4
WOOD COUNTY,499,84 Years,268,118,150,248,109,139,9,5,4,0,0,0,3,2,1,8,2,6
WOOD COUNTY,499,85 Years,230,104,126,215,95,120,6,3,3,0,0,0,2,2,0,7,4,3
WOOD COUNTY,499,86 Years,207,91,116,194,85,109,4,2,2,0,0,0,5,2,3,4,2,2
WOOD COUNTY,499,87 Years,180,75,105,165,68,97,7,4,3,0,0,0,4,1,3,4,2,2
WOOD COUNTY,499,88 Years,174,71,103,162,65,97,6,3,3,0,0,0,1,0,1,5,3,2
WOOD COUNTY,499,89 Years,138,57,81,126,51,75,6,3,3,0,0,0,1,0,1,5,3,2
WOOD COUNTY,499,90 Years,110,43,67,96,36,60,6,3,3,0,0,0,4,1,3,4,3,1
WOOD COUNTY,499,91 Years,99,35,64,89,31,58,4,1,3,0,0,0,2,0,2,4,3,1
WOOD COUNTY,499,92 Years,69,22,47,62,18,44,3,1,2,0,0,0,1,1,0,3,2,1
WOOD COUNTY,499,93 Years,57,18,39,52,16,36,5,2,3,0,0,0,0,0,0,0,0,0
WOOD COUNTY,499,94 Years,51,15,36,43,11,32,5,2,3,0,0,0,1,0,1,2,2,0
WOOD COUNTY,499,95 Years +,110,29,81,92,23,69,10,3,7,1,1,0,3,1,2,4,1,3
YOAKUM COUNTY,501,All Ages,8928,4464,4464,2731,1328,1403,68,29,39,23,12,11,103,53,50,6003,3042,2961
YOAKUM COUNTY,501,< 1 Year,143,68,75,25,13,12,1,0,1,0,0,0,2,1,1,115,54,61
YOAKUM COUNTY,501,1 Years,160,82,78,28,14,14,1,0,1,0,0,0,2,2,0,129,66,63
YOAKUM COUNTY,501,2 Years,160,84,76,26,14,12,0,0,0,0,0,0,4,3,1,130,67,63
YOAKUM COUNTY,501,3 Years,167,96,71,25,15,10,0,0,0,0,0,0,0,0,0,142,81,61
YOAKUM COUNTY,501,4 Years,174,97,77,24,15,9,2,1,1,0,0,0,2,1,1,146,80,66
YOAKUM COUNTY,501,5 Years,164,90,74,24,15,9,2,1,1,0,0,0,2,1,1,136,73,63
YOAKUM COUNTY,501,6 Years,161,84,77,27,15,12,2,1,1,0,0,0,2,1,1,130,67,63
YOAKUM COUNTY,501,7 Years,140,69,71,24,12,12,0,0,0,0,0,0,3,2,1,113,55,58
YOAKUM COUNTY,501,8 Years,155,80,75,25,15,10,1,1,0,0,0,0,2,0,2,127,64,63
YOAKUM COUNTY,501,9 Years,171,74,97,34,18,16,1,0,1,0,0,0,4,0,4,132,56,76
YOAKUM COUNTY,501,10 Years,163,71,92,34,15,19,0,0,0,1,0,1,1,0,1,127,56,71
YOAKUM COUNTY,501,11 Years,146,66,80,39,18,21,1,0,1,1,0,1,2,1,1,103,47,56
YOAKUM COUNTY,501,12 Years,154,69,85,41,20,21,1,0,1,0,0,0,1,1,0,111,48,63
YOAKUM COUNTY,501,13 Years,158,77,81,37,19,18,1,1,0,1,0,1,0,0,0,119,57,62
YOAKUM COUNTY,501,14 Years,160,78,82,40,19,21,1,0,1,0,0,0,2,2,0,117,57,60
YOAKUM COUNTY,501,15 Years,144,67,77,39,19,20,0,0,0,1,1,0,2,1,1,102,46,56
YOAKUM COUNTY,501,16 Years,143,69,74,43,18,25,0,0,0,0,0,0,2,1,1,98,50,48
YOAKUM COUNTY,501,17 Years,147,75,72,37,15,22,0,0,0,0,0,0,1,0,1,109,60,49
YOAKUM COUNTY,501,18 Years,146,74,72,40,19,21,0,0,0,0,0,0,1,0,1,105,55,50
YOAKUM COUNTY,501,19 Years,137,78,59,33,15,18,0,0,0,0,0,0,2,1,1,102,62,40
YOAKUM COUNTY,501,20 Years,109,51,58,29,12,17,0,0,0,0,0,0,2,1,1,78,38,40
YOAKUM COUNTY,501,21 Years,111,49,62,25,11,14,1,1,0,0,0,0,1,0,1,84,37,47
YOAKUM COUNTY,501,22 Years,124,63,61,29,11,18,1,1,0,0,0,0,2,1,1,92,50,42
YOAKUM COUNTY,501,23 Years,117,59,58,29,14,15,1,1,0,0,0,0,1,1,0,86,43,43
YOAKUM COUNTY,501,24 Years,127,60,67,32,12,20,1,0,1,0,0,0,3,2,1,91,46,45
YOAKUM COUNTY,501,25 Years,163,87,76,44,21,23,0,0,0,0,0,0,3,1,2,116,65,51
YOAKUM COUNTY,501,26 Years,137,72,65,45,22,23,2,0,2,1,0,1,2,1,1,87,49,38
YOAKUM COUNTY,501,27 Years,121,63,58,29,16,13,1,0,1,0,0,0,0,0,0,91,47,44
YOAKUM COUNTY,501,28 Years,96,49,47,17,6,11,0,0,0,0,0,0,0,0,0,79,43,36
YOAKUM COUNTY,501,29 Years,97,43,54,17,6,11,0,0,0,1,1,0,0,0,0,79,36,43
YOAKUM COUNTY,501,30 Years,124,50,74,28,10,18,2,1,1,0,0,0,4,4,0,90,35,55
YOAKUM COUNTY,501,31 Years,129,61,68,22,11,11,3,2,1,0,0,0,1,1,0,103,47,56
YOAKUM COUNTY,501,32 Years,109,53,56,22,11,11,1,1,0,0,0,0,0,0,0,86,41,45
YOAKUM COUNTY,501,33 Years,102,54,48,18,8,10,0,0,0,0,0,0,1,0,1,83,46,37
YOAKUM COUNTY,501,34 Years,104,61,43,22,13,9,0,0,0,0,0,0,0,0,0,82,48,34
YOAKUM COUNTY,501,35 Years,111,61,50,31,15,16,1,1,0,0,0,0,0,0,0,79,45,34
YOAKUM COUNTY,501,36 Years,121,65,56,29,16,13,2,0,2,1,0,1,0,0,0,89,49,40
YOAKUM COUNTY,501,37 Years,118,51,67,39,19,20,1,0,1,1,1,0,2,1,1,75,30,45
YOAKUM COUNTY,501,38 Years,94,30,64,25,9,16,1,0,1,0,0,0,1,0,1,67,21,46
YOAKUM COUNTY,501,39 Years,87,41,46,23,13,10,1,0,1,0,0,0,1,0,1,62,28,34
YOAKUM COUNTY,501,40 Years,87,54,33,25,16,9,0,0,0,1,1,0,1,1,0,60,36,24
YOAKUM COUNTY,501,41 Years,98,57,41,29,19,10,1,1,0,1,0,1,1,1,0,66,36,30
YOAKUM COUNTY,501,42 Years,102,58,44,33,18,15,0,0,0,1,0,1,1,1,0,67,39,28
YOAKUM COUNTY,501,43 Years,92,52,40,35,19,16,2,0,2,0,0,0,1,1,0,54,32,22
YOAKUM COUNTY,501,44 Years,82,41,41,27,14,13,1,0,1,0,0,0,0,0,0,54,27,27
YOAKUM COUNTY,501,45 Years,79,43,36,24,15,9,0,0,0,1,1,0,0,0,0,54,27,27
YOAKUM COUNTY,501,46 Years,87,40,47,28,14,14,0,0,0,0,0,0,0,0,0,59,26,33
YOAKUM COUNTY,501,47 Years,84,42,42,25,14,11,1,1,0,0,0,0,1,0,1,57,27,30
YOAKUM COUNTY,501,48 Years,92,47,45,33,19,14,1,1,0,0,0,0,1,0,1,57,27,30
YOAKUM COUNTY,501,49 Years,105,49,56,38,17,21,0,0,0,2,1,1,1,1,0,64,30,34
YOAKUM COUNTY,501,50 Years,86,39,47,28,13,15,1,0,1,0,0,0,1,0,1,56,26,30
YOAKUM COUNTY,501,51 Years,99,51,48,29,15,14,0,0,0,0,0,0,3,2,1,67,34,33
YOAKUM COUNTY,501,52 Years,97,51,46,28,12,16,1,0,1,0,0,0,2,2,0,66,37,29
YOAKUM COUNTY,501,53 Years,107,56,51,31,15,16,1,0,1,0,0,0,1,1,0,74,40,34
YOAKUM COUNTY,501,54 Years,101,55,46,34,18,16,0,0,0,0,0,0,1,1,0,66,36,30
YOAKUM COUNTY,501,55 Years,106,56,50,43,20,23,0,0,0,0,0,0,1,1,0,62,35,27
YOAKUM COUNTY,501,56 Years,110,56,54,43,20,23,2,1,1,0,0,0,1,0,1,64,35,29
YOAKUM COUNTY,501,57 Years,98,55,43,48,21,27,1,0,1,2,2,0,3,2,1,44,30,14
YOAKUM COUNTY,501,58 Years,112,64,48,49,28,21,1,1,0,1,0,1,2,1,1,59,34,25
YOAKUM COUNTY,501,59 Years,102,49,53,41,22,19,4,3,1,0,0,0,0,0,0,57,24,33
YOAKUM COUNTY,501,60 Years,97,48,49,40,21,19,2,1,1,0,0,0,0,0,0,55,26,29
YOAKUM COUNTY,501,61 Years,96,56,40,48,30,18,0,0,0,0,0,0,0,0,0,48,26,22
YOAKUM COUNTY,501,62 Years,90,42,48,45,19,26,3,1,2,0,0,0,1,0,1,41,22,19
YOAKUM COUNTY,501,63 Years,84,41,43,35,16,19,3,1,2,0,0,0,0,0,0,46,24,22
YOAKUM COUNTY,501,64 Years,79,38,41,34,14,20,1,0,1,0,0,0,2,1,1,42,23,19
YOAKUM COUNTY,501,65 Years,63,34,29,31,14,17,0,0,0,0,0,0,1,0,1,31,20,11
YOAKUM COUNTY,501,66 Years,67,34,33,32,14,18,1,1,0,0,0,0,0,0,0,34,19,15
YOAKUM COUNTY,501,67 Years,75,38,37,38,20,18,1,0,1,0,0,0,0,0,0,36,18,18
YOAKUM COUNTY,501,68 Years,66,31,35,31,15,16,1,1,0,1,0,1,0,0,0,33,15,18
YOAKUM COUNTY,501,69 Years,65,32,33,35,15,20,0,0,0,0,0,0,0,0,0,30,17,13
YOAKUM COUNTY,501,70 Years,64,34,30,35,18,17,0,0,0,3,3,0,1,1,0,25,12,13
YOAKUM COUNTY,501,71 Years,64,34,30,39,20,19,0,0,0,1,1,0,1,1,0,23,12,11
YOAKUM COUNTY,501,72 Years,61,27,34,31,14,17,1,1,0,1,0,1,1,0,1,27,12,15
YOAKUM COUNTY,501,73 Years,50,24,26,27,12,15,1,1,0,0,0,0,0,0,0,22,11,11
YOAKUM COUNTY,501,74 Years,54,29,25,33,18,15,0,0,0,0,0,0,2,0,2,19,11,8
YOAKUM COUNTY,501,75 Years,52,29,23,32,19,13,0,0,0,0,0,0,1,0,1,19,10,9
YOAKUM COUNTY,501,76 Years,44,23,21,25,12,13,0,0,0,0,0,0,3,1,2,16,10,6
YOAKUM COUNTY,501,77 Years,45,20,25,25,12,13,1,1,0,0,0,0,2,1,1,17,6,11
YOAKUM COUNTY,501,78 Years,43,22,21,27,14,13,0,0,0,0,0,0,1,0,1,15,8,7
YOAKUM COUNTY,501,79 Years,42,17,25,24,11,13,1,0,1,0,0,0,0,0,0,17,6,11
YOAKUM COUNTY,501,80 Years,33,13,20,19,7,12,0,0,0,0,0,0,1,1,0,13,5,8
YOAKUM COUNTY,501,81 Years,33,12,21,25,9,16,0,0,0,0,0,0,1,1,0,7,2,5
YOAKUM COUNTY,501,82 Years,31,12,19,17,7,10,0,0,0,0,0,0,0,0,0,14,5,9
YOAKUM COUNTY,501,83 Years,34,15,19,22,10,12,1,0,1,0,0,0,0,0,0,11,5,6
YOAKUM COUNTY,501,84 Years,28,12,16,22,8,14,0,0,0,0,0,0,0,0,0,6,4,2
YOAKUM COUNTY,501,85 Years,29,11,18,17,4,13,0,0,0,0,0,0,0,0,0,12,7,5
YOAKUM COUNTY,501,86 Years,18,8,10,10,4,6,0,0,0,0,0,0,0,0,0,8,4,4
YOAKUM COUNTY,501,87 Years,12,6,6,7,4,3,0,0,0,0,0,0,0,0,0,5,2,3
YOAKUM COUNTY,501,88 Years,19,7,12,13,5,8,0,0,0,0,0,0,1,0,1,5,2,3
YOAKUM COUNTY,501,89 Years,14,5,9,8,3,5,0,0,0,0,0,0,1,0,1,5,2,3
YOAKUM COUNTY,501,90 Years,12,6,6,8,2,6,0,0,0,0,0,0,0,0,0,4,4,0
YOAKUM COUNTY,501,91 Years,11,4,7,7,2,5,0,0,0,0,0,0,0,0,0,4,2,2
YOAKUM COUNTY,501,92 Years,7,3,4,4,2,2,0,0,0,0,0,0,0,0,0,3,1,2
YOAKUM COUNTY,501,93 Years,7,5,2,4,2,2,0,0,0,0,0,0,0,0,0,3,3,0
YOAKUM COUNTY,501,94 Years,6,2,4,3,1,2,0,0,0,0,0,0,0,0,0,3,1,2
YOAKUM COUNTY,501,95 Years +,13,4,9,7,2,5,1,0,1,0,0,0,0,0,0,5,2,3
YOUNG COUNTY,503,All Ages,18501,9112,9389,14180,6882,7298,221,120,101,66,25,41,343,157,186,3691,1928,1763
YOUNG COUNTY,503,< 1 Year,228,116,112,148,73,75,0,0,0,0,0,0,9,4,5,71,39,32
YOUNG COUNTY,503,1 Years,234,124,110,145,75,70,0,0,0,0,0,0,9,5,4,80,44,36
YOUNG COUNTY,503,2 Years,248,127,121,151,75,76,0,0,0,1,0,1,11,6,5,85,46,39
YOUNG COUNTY,503,3 Years,257,131,126,152,77,75,0,0,0,2,1,1,11,6,5,92,47,45
YOUNG COUNTY,503,4 Years,259,130,129,156,79,77,0,0,0,2,1,1,12,6,6,89,44,45
YOUNG COUNTY,503,5 Years,268,140,128,165,87,78,2,1,1,2,0,2,7,4,3,92,48,44
YOUNG COUNTY,503,6 Years,259,131,128,160,84,76,2,0,2,0,0,0,8,2,6,89,45,44
YOUNG COUNTY,503,7 Years,258,129,129,157,84,73,2,0,2,0,0,0,8,2,6,91,43,48
YOUNG COUNTY,503,8 Years,264,153,111,155,88,67,4,1,3,0,0,0,10,8,2,95,56,39
YOUNG COUNTY,503,9 Years,245,130,115,139,72,67,3,2,1,0,0,0,8,4,4,95,52,43
YOUNG COUNTY,503,10 Years,226,112,114,135,63,72,3,2,1,0,0,0,10,5,5,78,42,36
YOUNG COUNTY,503,11 Years,228,127,101,137,74,63,6,2,4,1,0,1,8,5,3,76,46,30
YOUNG COUNTY,503,12 Years,224,114,110,134,66,68,3,1,2,2,2,0,9,5,4,76,40,36
YOUNG COUNTY,503,13 Years,215,101,114,127,60,67,2,2,0,0,0,0,7,3,4,79,36,43
YOUNG COUNTY,503,14 Years,228,111,117,150,75,75,2,1,1,0,0,0,4,1,3,72,34,38
YOUNG COUNTY,503,15 Years,228,117,111,150,76,74,3,2,1,0,0,0,7,4,3,68,35,33
YOUNG COUNTY,503,16 Years,231,113,118,164,75,89,1,1,0,1,0,1,6,3,3,59,34,25
YOUNG COUNTY,503,17 Years,237,119,118,165,76,89,4,3,1,1,0,1,3,2,1,64,38,26
YOUNG COUNTY,503,18 Years,230,122,108,156,82,74,3,2,1,0,0,0,4,1,3,67,37,30
YOUNG COUNTY,503,19 Years,199,109,90,138,72,66,3,3,0,0,0,0,4,1,3,54,33,21
YOUNG COUNTY,503,20 Years,190,111,79,126,66,60,4,4,0,1,0,1,5,2,3,54,39,15
YOUNG COUNTY,503,21 Years,170,94,76,120,62,58,1,1,0,1,0,1,3,1,2,45,30,15
YOUNG COUNTY,503,22 Years,193,98,95,138,65,73,1,1,0,1,0,1,4,2,2,49,30,19
YOUNG COUNTY,503,23 Years,188,96,92,142,70,72,2,2,0,0,0,0,5,2,3,39,22,17
YOUNG COUNTY,503,24 Years,200,109,91,155,81,74,2,2,0,1,1,0,3,1,2,39,24,15
YOUNG COUNTY,503,25 Years,220,105,115,174,87,87,4,1,3,1,0,1,4,0,4,37,17,20
YOUNG COUNTY,503,26 Years,234,120,114,182,97,85,3,2,1,0,0,0,8,2,6,41,19,22
YOUNG COUNTY,503,27 Years,207,88,119,152,66,86,4,2,2,1,0,1,3,2,1,47,18,29
YOUNG COUNTY,503,28 Years,219,99,120,163,73,90,3,2,1,0,0,0,3,2,1,50,22,28
YOUNG COUNTY,503,29 Years,211,99,112,156,72,84,3,3,0,0,0,0,7,4,3,45,20,25
YOUNG COUNTY,503,30 Years,206,99,107,139,68,71,5,4,1,2,1,1,4,2,2,56,24,32
YOUNG COUNTY,503,31 Years,205,92,113,144,66,78,1,1,0,2,0,2,3,1,2,55,24,31
YOUNG COUNTY,503,32 Years,238,119,119,163,79,84,2,1,1,1,0,1,5,2,3,67,37,30
YOUNG COUNTY,503,33 Years,232,115,117,166,74,92,5,4,1,1,1,0,6,3,3,54,33,21
YOUNG COUNTY,503,34 Years,211,107,104,156,80,76,3,2,1,1,1,0,2,1,1,49,23,26
YOUNG COUNTY,503,35 Years,240,119,121,169,85,84,2,1,1,1,0,1,1,1,0,67,32,35
YOUNG COUNTY,503,36 Years,222,118,104,150,80,70,4,2,2,1,0,1,2,1,1,65,35,30
YOUNG COUNTY,503,37 Years,221,113,108,165,78,87,2,2,0,1,0,1,3,2,1,50,31,19
YOUNG COUNTY,503,38 Years,187,92,95,139,70,69,1,1,0,1,0,1,2,1,1,44,20,24
YOUNG COUNTY,503,39 Years,187,89,98,143,64,79,0,0,0,2,1,1,0,0,0,42,24,18
YOUNG COUNTY,503,40 Years,200,95,105,157,71,86,1,0,1,1,0,1,2,0,2,39,24,15
YOUNG COUNTY,503,41 Years,180,86,94,128,63,65,4,1,3,0,0,0,3,0,3,45,22,23
YOUNG COUNTY,503,42 Years,171,83,88,129,62,67,2,1,1,0,0,0,1,0,1,39,20,19
YOUNG COUNTY,503,43 Years,188,82,106,142,61,81,2,2,0,1,1,0,2,1,1,41,17,24
YOUNG COUNTY,503,44 Years,216,104,112,163,81,82,2,2,0,3,2,1,2,1,1,46,18,28
YOUNG COUNTY,503,45 Years,206,104,102,166,85,81,2,2,0,0,0,0,3,1,2,35,16,19
YOUNG COUNTY,503,46 Years,200,99,101,161,80,81,2,1,1,0,0,0,2,1,1,35,17,18
YOUNG COUNTY,503,47 Years,196,94,102,163,76,87,2,1,1,0,0,0,1,1,0,30,16,14
YOUNG COUNTY,503,48 Years,195,96,99,156,74,82,3,2,1,2,0,2,1,1,0,33,19,14
YOUNG COUNTY,503,49 Years,197,105,92,153,79,74,3,2,1,4,2,2,2,1,1,35,21,14
YOUNG COUNTY,503,50 Years,203,100,103,153,79,74,1,1,0,1,0,1,6,3,3,42,17,25
YOUNG COUNTY,503,51 Years,187,94,93,146,72,74,3,2,1,1,1,0,3,1,2,34,18,16
YOUNG COUNTY,503,52 Years,193,100,93,147,71,76,3,2,1,0,0,0,1,0,1,42,27,15
YOUNG COUNTY,503,53 Years,231,111,120,187,88,99,3,1,2,0,0,0,3,1,2,38,21,17
YOUNG COUNTY,503,54 Years,229,118,111,193,100,93,5,4,1,0,0,0,2,1,1,29,13,16
YOUNG COUNTY,503,55 Years,231,118,113,181,92,89,4,1,3,2,2,0,2,0,2,42,23,19
YOUNG COUNTY,503,56 Years,248,119,129,202,96,106,4,2,2,1,1,0,3,1,2,38,19,19
YOUNG COUNTY,503,57 Years,252,129,123,215,111,104,2,1,1,1,0,1,1,1,0,33,16,17
YOUNG COUNTY,503,58 Years,276,135,141,230,112,118,5,3,2,3,1,2,1,0,1,37,19,18
YOUNG COUNTY,503,59 Years,270,134,136,220,109,111,5,4,1,1,1,0,4,1,3,40,19,21
YOUNG COUNTY,503,60 Years,264,134,130,220,110,110,2,1,1,1,0,1,4,1,3,37,22,15
YOUNG COUNTY,503,61 Years,267,126,141,231,109,122,3,0,3,1,0,1,3,1,2,29,16,13
YOUNG COUNTY,503,62 Years,274,142,132,235,121,114,5,2,3,0,0,0,3,3,0,31,16,15
YOUNG COUNTY,503,63 Years,243,116,127,216,102,114,4,2,2,0,0,0,2,1,1,21,11,10
YOUNG COUNTY,503,64 Years,226,112,114,197,100,97,2,0,2,2,1,1,3,2,1,22,9,13
YOUNG COUNTY,503,65 Years,254,120,134,225,109,116,1,0,1,2,1,1,2,2,0,24,8,16
YOUNG COUNTY,503,66 Years,280,126,154,244,115,129,2,0,2,1,0,1,4,1,3,29,10,19
YOUNG COUNTY,503,67 Years,234,125,109,212,113,99,0,0,0,0,0,0,5,4,1,17,8,9
YOUNG COUNTY,503,68 Years,220,120,100,201,110,91,2,1,1,0,0,0,3,1,2,14,8,6
YOUNG COUNTY,503,69 Years,196,95,101,181,87,94,1,0,1,0,0,0,1,0,1,13,8,5
YOUNG COUNTY,503,70 Years,219,101,118,202,93,109,3,1,2,1,0,1,3,0,3,10,7,3
YOUNG COUNTY,503,71 Years,228,116,112,210,108,102,3,1,2,0,0,0,3,1,2,12,6,6
YOUNG COUNTY,503,72 Years,181,87,94,163,79,84,5,1,4,0,0,0,3,2,1,10,5,5
YOUNG COUNTY,503,73 Years,182,91,91,166,82,84,3,2,1,1,1,0,2,0,2,10,6,4
YOUNG COUNTY,503,74 Years,187,86,101,175,80,95,2,0,2,0,0,0,2,1,1,8,5,3
YOUNG COUNTY,503,75 Years,165,75,90,154,70,84,1,0,1,0,0,0,4,2,2,6,3,3
YOUNG COUNTY,503,76 Years,165,79,86,157,74,83,0,0,0,0,0,0,2,1,1,6,4,2
YOUNG COUNTY,503,77 Years,161,79,82,147,70,77,0,0,0,0,0,0,4,3,1,10,6,4
YOUNG COUNTY,503,78 Years,129,56,73,122,53,69,1,0,1,0,0,0,2,1,1,4,2,2
YOUNG COUNTY,503,79 Years,124,56,68,115,50,65,2,0,2,0,0,0,2,2,0,5,4,1
YOUNG COUNTY,503,80 Years,102,47,55,95,43,52,4,2,2,0,0,0,0,0,0,3,2,1
YOUNG COUNTY,503,81 Years,115,56,59,108,52,56,3,2,1,0,0,0,2,0,2,2,2,0
YOUNG COUNTY,503,82 Years,109,48,61,100,45,55,1,1,0,0,0,0,3,0,3,5,2,3
YOUNG COUNTY,503,83 Years,108,49,59,95,43,52,3,2,1,1,0,1,2,1,1,7,3,4
YOUNG COUNTY,503,84 Years,94,38,56,83,35,48,3,1,2,1,0,1,0,0,0,7,2,5
YOUNG COUNTY,503,85 Years,83,28,55,73,24,49,2,1,1,0,0,0,1,1,0,7,2,5
YOUNG COUNTY,503,86 Years,76,29,47,69,26,43,1,1,0,1,1,0,0,0,0,5,1,4
YOUNG COUNTY,503,87 Years,66,26,40,63,26,37,0,0,0,0,0,0,1,0,1,2,0,2
YOUNG COUNTY,503,88 Years,55,18,37,53,17,36,0,0,0,1,1,0,0,0,0,1,0,1
YOUNG COUNTY,503,89 Years,58,19,39,52,17,35,2,1,1,1,0,1,0,0,0,3,1,2
YOUNG COUNTY,503,90 Years,47,16,31,44,15,29,1,0,1,0,0,0,1,0,1,1,1,0
YOUNG COUNTY,503,91 Years,39,12,27,38,12,26,0,0,0,0,0,0,0,0,0,1,0,1
YOUNG COUNTY,503,92 Years,32,11,21,29,10,19,1,0,1,0,0,0,0,0,0,2,1,1
YOUNG COUNTY,503,93 Years,30,10,20,25,8,17,2,1,1,0,0,0,0,0,0,3,1,2
YOUNG COUNTY,503,94 Years,21,7,14,19,7,12,0,0,0,0,0,0,1,0,1,1,0,1
YOUNG COUNTY,503,95 Years +,51,12,39,43,9,34,3,1,2,0,0,0,2,1,1,3,1,2
ZAPATA COUNTY,505,All Ages,14015,6927,7088,762,394,368,11,8,3,23,9,14,27,12,15,13192,6504,6688
ZAPATA COUNTY,505,< 1 Year,223,112,111,10,4,6,0,0,0,0,0,0,0,0,0,213,108,105
ZAPATA COUNTY,505,1 Years,225,112,113,9,3,6,0,0,0,0,0,0,0,0,0,216,109,107
ZAPATA COUNTY,505,2 Years,244,122,122,4,1,3,0,0,0,0,0,0,0,0,0,240,121,119
ZAPATA COUNTY,505,3 Years,266,141,125,0,0,0,0,0,0,0,0,0,0,0,0,266,141,125
ZAPATA COUNTY,505,4 Years,267,144,123,2,1,1,0,0,0,0,0,0,0,0,0,265,143,122
ZAPATA COUNTY,505,5 Years,270,142,128,4,2,2,0,0,0,0,0,0,0,0,0,266,140,126
ZAPATA COUNTY,505,6 Years,263,133,130,5,2,3,0,0,0,0,0,0,0,0,0,258,131,127
ZAPATA COUNTY,505,7 Years,278,138,140,8,2,6,0,0,0,0,0,0,0,0,0,270,136,134
ZAPATA COUNTY,505,8 Years,278,151,127,7,3,4,0,0,0,0,0,0,0,0,0,271,148,123
ZAPATA COUNTY,505,9 Years,277,151,126,5,3,2,0,0,0,0,0,0,0,0,0,272,148,124
ZAPATA COUNTY,505,10 Years,273,149,124,4,1,3,0,0,0,0,0,0,1,1,0,268,147,121
ZAPATA COUNTY,505,11 Years,262,146,116,7,4,3,0,0,0,0,0,0,0,0,0,255,142,113
ZAPATA COUNTY,505,12 Years,230,135,95,8,6,2,0,0,0,0,0,0,0,0,0,222,129,93
ZAPATA COUNTY,505,13 Years,252,143,109,8,5,3,0,0,0,0,0,0,1,1,0,243,137,106
ZAPATA COUNTY,505,14 Years,238,128,110,9,7,2,0,0,0,0,0,0,2,0,2,227,121,106
ZAPATA COUNTY,505,15 Years,224,118,106,6,3,3,0,0,0,1,0,1,1,1,0,216,114,102
ZAPATA COUNTY,505,16 Years,239,123,116,6,3,3,0,0,0,1,0,1,0,0,0,232,120,112
ZAPATA COUNTY,505,17 Years,218,114,104,4,1,3,0,0,0,0,0,0,1,1,0,213,112,101
ZAPATA COUNTY,505,18 Years,206,101,105,4,2,2,1,1,0,0,0,0,0,0,0,201,98,103
ZAPATA COUNTY,505,19 Years,213,104,109,6,3,3,1,1,0,0,0,0,0,0,0,206,100,106
ZAPATA COUNTY,505,20 Years,200,97,103,6,3,3,0,0,0,0,0,0,0,0,0,194,94,100
ZAPATA COUNTY,505,21 Years,190,100,90,7,6,1,0,0,0,0,0,0,0,0,0,183,94,89
ZAPATA COUNTY,505,22 Years,194,101,93,7,4,3,0,0,0,2,2,0,1,1,0,184,94,90
ZAPATA COUNTY,505,23 Years,181,89,92,5,3,2,0,0,0,2,1,1,0,0,0,174,85,89
ZAPATA COUNTY,505,24 Years,196,107,89,6,4,2,0,0,0,1,1,0,0,0,0,189,102,87
ZAPATA COUNTY,505,25 Years,198,95,103,5,2,3,0,0,0,0,0,0,0,0,0,193,93,100
ZAPATA COUNTY,505,26 Years,198,99,99,4,2,2,0,0,0,1,0,1,2,0,2,191,97,94
ZAPATA COUNTY,505,27 Years,196,96,100,7,4,3,0,0,0,0,0,0,1,0,1,188,92,96
ZAPATA COUNTY,505,28 Years,190,92,98,7,3,4,0,0,0,0,0,0,0,0,0,183,89,94
ZAPATA COUNTY,505,29 Years,180,85,95,7,4,3,0,0,0,0,0,0,0,0,0,173,81,92
ZAPATA COUNTY,505,30 Years,166,87,79,5,2,3,0,0,0,0,0,0,0,0,0,161,85,76
ZAPATA COUNTY,505,31 Years,179,83,96,3,1,2,0,0,0,0,0,0,1,0,1,175,82,93
ZAPATA COUNTY,505,32 Years,200,97,103,5,3,2,0,0,0,0,0,0,0,0,0,195,94,101
ZAPATA COUNTY,505,33 Years,187,78,109,5,1,4,0,0,0,0,0,0,0,0,0,182,77,105
ZAPATA COUNTY,505,34 Years,163,83,80,6,4,2,0,0,0,0,0,0,0,0,0,157,79,78
ZAPATA COUNTY,505,35 Years,182,88,94,5,3,2,0,0,0,0,0,0,0,0,0,177,85,92
ZAPATA COUNTY,505,36 Years,184,81,103,8,5,3,0,0,0,0,0,0,0,0,0,176,76,100
ZAPATA COUNTY,505,37 Years,178,84,94,6,3,3,0,0,0,0,0,0,0,0,0,172,81,91
ZAPATA COUNTY,505,38 Years,178,85,93,2,2,0,0,0,0,0,0,0,0,0,0,176,83,93
ZAPATA COUNTY,505,39 Years,151,76,75,2,0,2,0,0,0,0,0,0,0,0,0,149,76,73
ZAPATA COUNTY,505,40 Years,161,79,82,8,3,5,0,0,0,0,0,0,0,0,0,153,76,77
ZAPATA COUNTY,505,41 Years,173,94,79,6,4,2,0,0,0,0,0,0,0,0,0,167,90,77
ZAPATA COUNTY,505,42 Years,177,87,90,8,3,5,0,0,0,0,0,0,0,0,0,169,84,85
ZAPATA COUNTY,505,43 Years,182,85,97,10,6,4,0,0,0,0,0,0,0,0,0,172,79,93
ZAPATA COUNTY,505,44 Years,161,72,89,9,3,6,0,0,0,0,0,0,0,0,0,152,69,83
ZAPATA COUNTY,505,45 Years,144,71,73,4,1,3,0,0,0,0,0,0,0,0,0,140,70,70
ZAPATA COUNTY,505,46 Years,148,67,81,6,3,3,0,0,0,0,0,0,1,1,0,141,63,78
ZAPATA COUNTY,505,47 Years,147,66,81,3,1,2,0,0,0,2,1,1,0,0,0,142,64,78
ZAPATA COUNTY,505,48 Years,147,73,74,3,2,1,0,0,0,1,1,0,0,0,0,143,70,73
ZAPATA COUNTY,505,49 Years,141,67,74,5,5,0,0,0,0,3,1,2,0,0,0,133,61,72
ZAPATA COUNTY,505,50 Years,136,66,70,5,4,1,1,1,0,1,1,0,1,1,0,128,59,69
ZAPATA COUNTY,505,51 Years,142,64,78,6,3,3,1,1,0,0,0,0,0,0,0,135,60,75
ZAPATA COUNTY,505,52 Years,146,58,88,5,1,4,0,0,0,0,0,0,2,0,2,139,57,82
ZAPATA COUNTY,505,53 Years,139,62,77,8,4,4,0,0,0,0,0,0,1,1,0,130,57,73
ZAPATA COUNTY,505,54 Years,141,62,79,8,5,3,0,0,0,0,0,0,0,0,0,133,57,76
ZAPATA COUNTY,505,55 Years,142,64,78,11,6,5,0,0,0,1,0,1,0,0,0,130,58,72
ZAPATA COUNTY,505,56 Years,138,72,66,9,4,5,0,0,0,0,0,0,0,0,0,129,68,61
ZAPATA COUNTY,505,57 Years,145,71,74,7,3,4,0,0,0,0,0,0,0,0,0,138,68,70
ZAPATA COUNTY,505,58 Years,135,67,68,10,7,3,0,0,0,0,0,0,0,0,0,125,60,65
ZAPATA COUNTY,505,59 Years,129,68,61,7,6,1,0,0,0,0,0,0,0,0,0,122,62,60
ZAPATA COUNTY,505,60 Years,121,59,62,9,7,2,0,0,0,0,0,0,0,0,0,112,52,60
ZAPATA COUNTY,505,61 Years,125,66,59,9,7,2,0,0,0,0,0,0,1,1,0,115,58,57
ZAPATA COUNTY,505,62 Years,109,53,56,6,4,2,0,0,0,0,0,0,1,1,0,102,48,54
ZAPATA COUNTY,505,63 Years,128,63,65,10,6,4,1,1,0,0,0,0,0,0,0,117,56,61
ZAPATA COUNTY,505,64 Years,118,62,56,13,6,7,1,1,0,1,0,1,1,1,0,102,54,48
ZAPATA COUNTY,505,65 Years,116,55,61,12,6,6,1,0,1,0,0,0,1,0,1,102,49,53
ZAPATA COUNTY,505,66 Years,104,42,62,9,4,5,0,0,0,0,0,0,2,0,2,93,38,55
ZAPATA COUNTY,505,67 Years,109,50,59,15,9,6,0,0,0,0,0,0,0,0,0,94,41,53
ZAPATA COUNTY,505,68 Years,107,48,59,12,7,5,0,0,0,0,0,0,1,0,1,94,41,53
ZAPATA COUNTY,505,69 Years,117,47,70,17,7,10,0,0,0,1,0,1,0,0,0,99,40,59
ZAPATA COUNTY,505,70 Years,112,45,67,21,8,13,1,1,0,0,0,0,0,0,0,90,36,54
ZAPATA COUNTY,505,71 Years,107,47,60,19,9,10,0,0,0,1,0,1,1,0,1,86,38,48
ZAPATA COUNTY,505,72 Years,99,44,55,19,8,11,0,0,0,1,0,1,0,0,0,79,36,43
ZAPATA COUNTY,505,73 Years,88,35,53,13,7,6,0,0,0,0,0,0,1,0,1,74,28,46
ZAPATA COUNTY,505,74 Years,80,28,52,17,9,8,0,0,0,0,0,0,0,0,0,63,19,44
ZAPATA COUNTY,505,75 Years,87,39,48,19,10,9,0,0,0,0,0,0,0,0,0,68,29,39
ZAPATA COUNTY,505,76 Years,82,39,43,15,9,6,0,0,0,0,0,0,0,0,0,67,30,37
ZAPATA COUNTY,505,77 Years,74,38,36,15,7,8,0,0,0,0,0,0,0,0,0,59,31,28
ZAPATA COUNTY,505,78 Years,65,33,32,16,7,9,0,0,0,0,0,0,1,0,1,48,26,22
ZAPATA COUNTY,505,79 Years,52,26,26,14,7,7,0,0,0,0,0,0,0,0,0,38,19,19
ZAPATA COUNTY,505,80 Years,52,30,22,14,7,7,0,0,0,0,0,0,0,0,0,38,23,15
ZAPATA COUNTY,505,81 Years,44,24,20,13,6,7,0,0,0,0,0,0,0,0,0,31,18,13
ZAPATA COUNTY,505,82 Years,43,17,26,12,6,6,0,0,0,0,0,0,0,0,0,31,11,20
ZAPATA COUNTY,505,83 Years,39,13,26,9,5,4,2,1,1,0,0,0,0,0,0,28,7,21
ZAPATA COUNTY,505,84 Years,36,16,20,8,5,3,1,0,1,0,0,0,0,0,0,27,11,16
ZAPATA COUNTY,505,85 Years,24,11,13,8,4,4,0,0,0,0,0,0,0,0,0,16,7,9
ZAPATA COUNTY,505,86 Years,20,9,11,8,4,4,0,0,0,0,0,0,1,1,0,11,4,7
ZAPATA COUNTY,505,87 Years,20,8,12,8,4,4,0,0,0,0,0,0,0,0,0,12,4,8
ZAPATA COUNTY,505,88 Years,20,7,13,4,2,2,0,0,0,1,1,0,0,0,0,15,4,11
ZAPATA COUNTY,505,89 Years,16,9,7,5,3,2,0,0,0,0,0,0,0,0,0,11,6,5
ZAPATA COUNTY,505,90 Years,20,10,10,6,4,2,0,0,0,1,0,1,0,0,0,13,6,7
ZAPATA COUNTY,505,91 Years,21,9,12,6,3,3,0,0,0,1,0,1,0,0,0,14,6,8
ZAPATA COUNTY,505,92 Years,12,5,7,5,2,3,0,0,0,0,0,0,0,0,0,7,3,4
ZAPATA COUNTY,505,93 Years,10,3,7,4,2,2,0,0,0,0,0,0,0,0,0,6,1,5
ZAPATA COUNTY,505,94 Years,7,4,3,3,2,1,0,0,0,0,0,0,0,0,0,4,2,2
ZAPATA COUNTY,505,95 Years +,20,8,12,7,2,5,0,0,0,0,0,0,0,0,0,13,6,7
ZAVALA COUNTY,507,All Ages,12199,6191,6008,659,332,327,41,23,18,2,0,2,31,17,14,11466,5819,5647
ZAVALA COUNTY,507,< 1 Year,182,94,88,3,2,1,0,0,0,0,0,0,2,2,0,177,90,87
ZAVALA COUNTY,507,1 Years,192,102,90,5,3,2,0,0,0,0,0,0,1,1,0,186,98,88
ZAVALA COUNTY,507,2 Years,204,108,96,4,2,2,1,1,0,0,0,0,0,0,0,199,105,94
ZAVALA COUNTY,507,3 Years,222,116,106,6,3,3,0,0,0,0,0,0,0,0,0,216,113,103
ZAVALA COUNTY,507,4 Years,229,116,113,7,3,4,0,0,0,0,0,0,0,0,0,222,113,109
ZAVALA COUNTY,507,5 Years,237,125,112,7,3,4,0,0,0,0,0,0,0,0,0,230,122,108
ZAVALA COUNTY,507,6 Years,234,121,113,7,4,3,0,0,0,0,0,0,0,0,0,227,117,110
ZAVALA COUNTY,507,7 Years,235,118,117,7,3,4,0,0,0,0,0,0,0,0,0,228,115,113
ZAVALA COUNTY,507,8 Years,231,119,112,6,4,2,0,0,0,0,0,0,0,0,0,225,115,110
ZAVALA COUNTY,507,9 Years,199,104,95,13,3,10,1,0,1,0,0,0,0,0,0,185,101,84
ZAVALA COUNTY,507,10 Years,192,108,84,8,3,5,1,0,1,0,0,0,0,0,0,183,105,78
ZAVALA COUNTY,507,11 Years,190,100,90,9,5,4,1,0,1,0,0,0,0,0,0,180,95,85
ZAVALA COUNTY,507,12 Years,214,121,93,6,4,2,0,0,0,0,0,0,0,0,0,208,117,91
ZAVALA COUNTY,507,13 Years,219,113,106,5,1,4,0,0,0,0,0,0,0,0,0,214,112,102
ZAVALA COUNTY,507,14 Years,194,96,98,6,1,5,2,1,1,0,0,0,0,0,0,186,94,92
ZAVALA COUNTY,507,15 Years,192,99,93,7,2,5,1,0,1,0,0,0,0,0,0,184,97,87
ZAVALA COUNTY,507,16 Years,185,91,94,5,1,4,0,0,0,0,0,0,0,0,0,180,90,90
ZAVALA COUNTY,507,17 Years,176,86,90,4,2,2,2,0,2,0,0,0,1,1,0,169,83,86
ZAVALA COUNTY,507,18 Years,190,104,86,4,2,2,2,1,1,0,0,0,1,1,0,183,100,83
ZAVALA COUNTY,507,19 Years,184,94,90,9,4,5,1,1,0,0,0,0,1,0,1,173,89,84
ZAVALA COUNTY,507,20 Years,201,119,82,8,5,3,2,2,0,0,0,0,1,0,1,190,112,78
ZAVALA COUNTY,507,21 Years,185,107,78,10,7,3,1,1,0,0,0,0,2,1,1,172,98,74
ZAVALA COUNTY,507,22 Years,186,108,78,6,3,3,1,0,1,0,0,0,1,0,1,178,105,73
ZAVALA COUNTY,507,23 Years,213,130,83,8,5,3,1,0,1,0,0,0,0,0,0,204,125,79
ZAVALA COUNTY,507,24 Years,213,118,95,5,4,1,0,0,0,0,0,0,0,0,0,208,114,94
ZAVALA COUNTY,507,25 Years,223,125,98,8,6,2,1,0,1,0,0,0,0,0,0,214,119,95
ZAVALA COUNTY,507,26 Years,213,105,108,9,3,6,0,0,0,0,0,0,1,0,1,203,102,101
ZAVALA COUNTY,507,27 Years,211,124,87,9,6,3,2,1,1,0,0,0,0,0,0,200,117,83
ZAVALA COUNTY,507,28 Years,194,103,91,5,3,2,1,1,0,0,0,0,0,0,0,188,99,89
ZAVALA COUNTY,507,29 Years,161,87,74,4,3,1,0,0,0,0,0,0,0,0,0,157,84,73
ZAVALA COUNTY,507,30 Years,147,75,72,3,2,1,1,1,0,0,0,0,0,0,0,143,72,71
ZAVALA COUNTY,507,31 Years,167,87,80,6,4,2,1,1,0,0,0,0,0,0,0,160,82,78
ZAVALA COUNTY,507,32 Years,148,77,71,6,2,4,1,1,0,0,0,0,0,0,0,141,74,67
ZAVALA COUNTY,507,33 Years,137,68,69,7,4,3,0,0,0,0,0,0,0,0,0,130,64,66
ZAVALA COUNTY,507,34 Years,123,66,57,5,2,3,1,1,0,0,0,0,0,0,0,117,63,54
ZAVALA COUNTY,507,35 Years,134,66,68,7,2,5,1,1,0,0,0,0,0,0,0,126,63,63
ZAVALA COUNTY,507,36 Years,128,61,67,6,2,4,1,1,0,0,0,0,0,0,0,121,58,63
ZAVALA COUNTY,507,37 Years,138,64,74,8,3,5,1,0,1,0,0,0,0,0,0,129,61,68
ZAVALA COUNTY,507,38 Years,143,68,75,10,3,7,1,0,1,0,0,0,0,0,0,132,65,67
ZAVALA COUNTY,507,39 Years,126,60,66,6,2,4,1,1,0,0,0,0,0,0,0,119,57,62
ZAVALA COUNTY,507,40 Years,117,58,59,4,2,2,1,0,1,0,0,0,1,1,0,111,55,56
ZAVALA COUNTY,507,41 Years,114,56,58,6,4,2,0,0,0,0,0,0,0,0,0,108,52,56
ZAVALA COUNTY,507,42 Years,136,62,74,4,2,2,0,0,0,0,0,0,0,0,0,132,60,72
ZAVALA COUNTY,507,43 Years,145,77,68,5,3,2,0,0,0,0,0,0,0,0,0,140,74,66
ZAVALA COUNTY,507,44 Years,123,64,59,5,2,3,0,0,0,0,0,0,1,0,1,117,62,55
ZAVALA COUNTY,507,45 Years,152,72,80,8,4,4,0,0,0,0,0,0,0,0,0,144,68,76
ZAVALA COUNTY,507,46 Years,132,68,64,7,3,4,0,0,0,0,0,0,0,0,0,125,65,60
ZAVALA COUNTY,507,47 Years,122,54,68,6,2,4,0,0,0,0,0,0,0,0,0,116,52,64
ZAVALA COUNTY,507,48 Years,123,62,61,9,4,5,0,0,0,0,0,0,1,0,1,113,58,55
ZAVALA COUNTY,507,49 Years,121,61,60,9,3,6,1,1,0,0,0,0,0,0,0,111,57,54
ZAVALA COUNTY,507,50 Years,124,53,71,6,3,3,0,0,0,0,0,0,0,0,0,118,50,68
ZAVALA COUNTY,507,51 Years,133,69,64,8,6,2,0,0,0,0,0,0,1,0,1,124,63,61
ZAVALA COUNTY,507,52 Years,126,62,64,5,2,3,1,0,1,0,0,0,1,0,1,119,60,59
ZAVALA COUNTY,507,53 Years,115,54,61,8,5,3,0,0,0,0,0,0,0,0,0,107,49,58
ZAVALA COUNTY,507,54 Years,115,51,64,4,2,2,0,0,0,0,0,0,1,1,0,110,48,62
ZAVALA COUNTY,507,55 Years,109,57,52,5,2,3,1,1,0,0,0,0,1,1,0,102,53,49
ZAVALA COUNTY,507,56 Years,111,59,52,11,7,4,0,0,0,0,0,0,2,1,1,98,51,47
ZAVALA COUNTY,507,57 Years,123,64,59,7,3,4,0,0,0,0,0,0,1,1,0,115,60,55
ZAVALA COUNTY,507,58 Years,129,66,63,10,6,4,0,0,0,1,0,1,0,0,0,118,60,58
ZAVALA COUNTY,507,59 Years,116,53,63,6,2,4,0,0,0,0,0,0,0,0,0,110,51,59
ZAVALA COUNTY,507,60 Years,100,48,52,8,3,5,0,0,0,0,0,0,0,0,0,92,45,47
ZAVALA COUNTY,507,61 Years,114,59,55,8,5,3,0,0,0,0,0,0,0,0,0,106,54,52
ZAVALA COUNTY,507,62 Years,113,58,55,9,6,3,1,1,0,0,0,0,0,0,0,103,51,52
ZAVALA COUNTY,507,63 Years,114,57,57,7,4,3,0,0,0,0,0,0,1,0,1,106,53,53
ZAVALA COUNTY,507,64 Years,106,56,50,5,4,1,1,1,0,0,0,0,1,1,0,99,50,49
ZAVALA COUNTY,507,65 Years,114,55,59,8,4,4,0,0,0,0,0,0,1,1,0,105,50,55
ZAVALA COUNTY,507,66 Years,108,55,53,15,7,8,0,0,0,0,0,0,0,0,0,93,48,45
ZAVALA COUNTY,507,67 Years,108,52,56,14,9,5,0,0,0,1,0,1,1,1,0,92,42,50
ZAVALA COUNTY,507,68 Years,111,48,63,12,6,6,1,0,1,0,0,0,1,1,0,97,41,56
ZAVALA COUNTY,507,69 Years,108,42,66,12,6,6,0,0,0,0,0,0,0,0,0,96,36,60
ZAVALA COUNTY,507,70 Years,99,43,56,10,5,5,0,0,0,0,0,0,0,0,0,89,38,51
ZAVALA COUNTY,507,71 Years,82,36,46,11,7,4,0,0,0,0,0,0,0,0,0,71,29,42
ZAVALA COUNTY,507,72 Years,83,35,48,8,5,3,0,0,0,0,0,0,0,0,0,75,30,45
ZAVALA COUNTY,507,73 Years,68,32,36,11,6,5,0,0,0,0,0,0,0,0,0,57,26,31
ZAVALA COUNTY,507,74 Years,78,31,47,10,6,4,0,0,0,0,0,0,1,0,1,67,25,42
ZAVALA COUNTY,507,75 Years,79,36,43,8,4,4,0,0,0,0,0,0,1,1,0,70,31,39
ZAVALA COUNTY,507,76 Years,58,21,37,8,4,4,0,0,0,0,0,0,1,1,0,49,16,33
ZAVALA COUNTY,507,77 Years,53,23,30,5,1,4,0,0,0,0,0,0,0,0,0,48,22,26
ZAVALA COUNTY,507,78 Years,54,27,27,5,3,2,1,0,1,0,0,0,0,0,0,48,24,24
ZAVALA COUNTY,507,79 Years,48,25,23,3,3,0,0,0,0,0,0,0,0,0,0,45,22,23
ZAVALA COUNTY,507,80 Years,42,16,26,5,4,1,0,0,0,0,0,0,0,0,0,37,12,25
ZAVALA COUNTY,507,81 Years,47,20,27,11,4,7,1,1,0,0,0,0,0,0,0,35,15,20
ZAVALA COUNTY,507,82 Years,44,19,25,8,3,5,1,1,0,0,0,0,0,0,0,35,15,20
ZAVALA COUNTY,507,83 Years,34,14,20,3,2,1,0,0,0,0,0,0,0,0,0,31,12,19
ZAVALA COUNTY,507,84 Years,34,16,18,4,2,2,0,0,0,0,0,0,0,0,0,30,14,16
ZAVALA COUNTY,507,85 Years,28,11,17,5,2,3,0,0,0,0,0,0,0,0,0,23,9,14
ZAVALA COUNTY,507,86 Years,26,10,16,5,3,2,0,0,0,0,0,0,0,0,0,21,7,14
ZAVALA COUNTY,507,87 Years,26,8,18,5,4,1,0,0,0,0,0,0,0,0,0,21,4,17
ZAVALA COUNTY,507,88 Years,27,12,15,7,4,3,0,0,0,0,0,0,0,0,0,20,8,12
ZAVALA COUNTY,507,89 Years,23,10,13,5,1,4,0,0,0,0,0,0,1,0,1,17,9,8
ZAVALA COUNTY,507,90 Years,20,10,10,5,2,3,0,0,0,0,0,0,0,0,0,15,8,7
ZAVALA COUNTY,507,91 Years,16,7,9,6,3,3,0,0,0,0,0,0,0,0,0,10,4,6
ZAVALA COUNTY,507,92 Years,12,7,5,2,1,1,0,0,0,0,0,0,0,0,0,10,6,4
ZAVALA COUNTY,507,93 Years,9,5,4,3,2,1,0,0,0,0,0,0,0,0,0,6,3,3
ZAVALA COUNTY,507,94 Years,9,3,6,3,1,2,0,0,0,0,0,0,0,0,0,6,2,4
ZAVALA COUNTY,507,95 Years +,26,9,17,8,3,5,1,1,0,0,0,0,1,0,1,16,5,11
